0,004;0
0,008;0,000113137
0,012;0,00033911
0,016;0,00067653
0,02;0,00112293
0,024;0,00167479
0,028;0,00232753
0,032;0,00307559
0,036;0,00391244
0,04;0,00483068
0,044;0,00582204
0,048;0,00687753
0,052;0,00798744
0,056;0,00914151
0,06;0,010329
0,064;0,0115386
0,068;0,012759
0,072;0,0139786
0,076;0,0151855
0,08;0,0163681
0,084;0,017515
0,088;0,0186148
0,092;0,0196566
0,096;0,0206301
0,1;0,0215255
0,104;0,0223335
0,108;0,0230459
0,112;0,0236552
0,116;0,0241547
0,12;0,0245389
0,124;0,0248033
0,128;0,0249446
0,132;0,0249605
0,136;0,0248501
0,14;0,0246135
0,144;0,0242521
0,148;0,0237685
0,152;0,0231665
0,156;0,0224511
0,16;0,0216283
0,164;0,0207053
0,168;0,0196903
0,172;0,0185924
0,176;0,0174215
0,18;0,0161883
0,184;0,0149044
0,188;0,0135816
0,192;0,0122324
0,196;0,0108695
0,2;0,00950597
0,204;0,00815488
0,208;0,00682926
0,212;0,00554204
0,216;0,00430582
0,22;0,00313283
0,224;0,00203477
0,228;0,0010227
0,232;0,000106929
0,236;0,000703077
0,24;0,00139881
0,244;0,00197281
0,248;0,0024187
0,252;0,00273134
0,256;0,00290678
0,26;0,0029424
0,264;0,00283688
0,268;0,00259025
0,272;0,00220392
0,276;0,00168061
0,28;0,0010244
0,284;0,000240666
0,288;0,000663946
0,292;0,00168159
0,296;0,00280329
0,3;0,00401899
0,304;0,00531767
0,308;0,00668744
0,312;0,00811565
0,316;0,00958899
0,32;0,0110936
0,324;0,0126153
0,328;0,0141396
0,332;0,0156519
0,336;0,0171375
0,34;0,018582
0,344;0,0199713
0,348;0,0212917
0,352;0,0225299
0,356;0,0236736
0,36;0,024711
0,364;0,0256316
0,368;0,0264256
0,372;0,0270846
0,376;0,0276013
0,38;0,0279697
0,384;0,0281853
0,388;0,028245
0,392;0,0281471
0,396;0,0278914
0,4;0,0274793
0,404;0,0269137
0,408;0,0261989
0,412;0,0253408
0,416;0,0243467
0,42;0,023225
0,424;0,0219857
0,428;0,02064
0,432;0,0191998
0,436;0,0176786
0,44;0,0160902
0,444;0,0144494
0,448;0,0127717
0,452;0,0110729
0,456;0,00936916
0,46;0,0076768
0,464;0,00601214
0,468;0,00439136
0,472;0,00283033
0,476;0,00134443
0,48;5,15327e-05
0,484;0,00134354
0,488;0,00251848
0,492;0,00356425
0,496;0,00446991
0,5;0,0052258
0,504;0,00582363
0,508;0,00625657
0,512;0,0065193
0,516;0,00660813
0,52;0,006521
0,524;0,00625754
0,528;0,00581903
0,532;0,00520848
0,536;0,00443057
0,54;0,00349158
0,544;0,00239944
0,548;0,00116354
0,552;0,000205224
0,556;0,00169465
0,56;0,00329127
0,564;0,0049805
0,568;0,00674677
0,572;0,00857365
0,576;0,010444
0,58;0,0123402
0,584;0,0142443
0,588;0,0161379
0,592;0,0180029
0,596;0,0198211
0,6;0,0215748
0,604;0,0232466
0,608;0,02482
0,612;0,0262792
0,616;0,0276094
0,62;0,0287969
0,624;0,0298293
0,628;0,0306956
0,632;0,0313864
0,636;0,0318938
0,64;0,0322117
0,644;0,0323356
0,648;0,0322632
0,652;0,0319937
0,656;0,0315283
0,66;0,0308701
0,664;0,0300242
0,668;0,0289973
0,672;0,027798
0,676;0,0264368
0,68;0,0249254
0,684;0,0232774
0,688;0,0215076
0,692;0,0196322
0,696;0,0176685
0,7;0,0156347
0,704;0,0135499
0,708;0,0114336
0,712;0,00930604
0,716;0,00718754
0,72;0,00509848
0,724;0,00305913
0,728;0,00108941
0,732;0,000791284
0,736;0,00256429
0,74;0,00421183
0,744;0,00571722
0,748;0,00706503
0,752;0,00824122
0,756;0,00923332
0,76;0,0100305
0,764;0,0106238
0,768;0,0110061
0,772;0,0111722
0,776;0,0111191
0,78;0,0108458
0,784;0,0103533
0,788;0,00964482
0,792;0,00872574
0,796;0,00760337
0,8;0,0062871
0,804;0,00478821
0,808;0,00311982
0,812;0,00129678
0,816;0,000664493
0,82;0,00274612
0,824;0,00492895
0,828;0,00719274
0,832;0,00951631
0,836;0,0118778
0,84;0,0142547
0,844;0,0166244
0,848;0,0189641
0,852;0,0212511
0,856;0,0234631
0,86;0,0255783
0,864;0,0275757
0,868;0,0294354
0,872;0,0311386
0,876;0,0326678
0,88;0,0340071
0,884;0,0351423
0,888;0,0360612
0,892;0,0367535
0,896;0,0372108
0,9;0,0374272
0,904;0,037399
0,908;0,0371246
0,912;0,0366051
0,916;0,0358437
0,92;0,0348461
0,924;0,0336202
0,928;0,0321762
0,932;0,0305264
0,936;0,0286852
0,94;0,026669
0,944;0,024496
0,948;0,0221859
0,952;0,0197599
0,956;0,0172405
0,96;0,0146513
0,964;0,0120167
0,968;0,00936151
0,972;0,0067112
0,976;0,00409124
0,98;0,00152697
0,984;0,000956606
0,988;0,00333508
0,992;0,00558488
0,996;0,00768354
1;0,00960984
1,004;0,0113441
1,008;0,0128684
1,012;0,0141665
1,016;0,0152245
1,02;0,0160306
1,024;0,0165752
1,028;0,0168513
1,032;0,0168545
1,036;0,0165827
1,04;0,0160367
1,044;0,0152198
1,048;0,014138
1,052;0,0127999
1,056;0,0112164
1,06;0,00940121
1,064;0,00737001
1,068;0,00514083
1,072;0,0027337
1,076;0,000170508
1,08;0,00252523
1,084;0,00532856
1,088;0,0082133
1,092;0,0111523
1,096;0,0141178
1,1;0,0170815
1,104;0,0200148
1,108;0,0228895
1,112;0,0256775
1,116;0,0283515
1,12;0,030885
1,124;0,0332527
1,128;0,0354307
1,132;0,0373968
1,136;0,0391307
1,14;0,0406141
1,144;0,041831
1,148;0,0427679
1,152;0,0434139
1,156;0,0437607
1,16;0,0438029
1,164;0,0435381
1,168;0,0429666
1,172;0,0420918
1,176;0,04092
1,18;0,0394604
1,184;0,0377249
1,188;0,0357285
1,192;0,0334883
1,196;0,0310242
1,2;0,0283584
1,204;0,0255149
1,208;0,02252
1,212;0,0194012
1,216;0,0161877
1,22;0,0129096
1,224;0,00959806
1,228;0,00628452
1,232;0,00300081
1,236;0,000221341
1,24;0,00335057
1,244;0,00635619
1,248;0,00920849
1,252;0,011879
1,256;0,0143409
1,26;0,0165691
1,264;0,0185404
1,268;0,0202344
1,272;0,0216327
1,276;0,0227198
1,28;0,0234833
1,284;0,0239135
1,288;0,0240039
1,292;0,0237514
1,296;0,0231561
1,3;0,0222211
1,304;0,0209532
1,308;0,0193622
1,312;0,0174612
1,316;0,0152662
1,32;0,0127964
1,324;0,0100734
1,328;0,00712166
1,332;0,00396798
1,336;0,000641213
1,34;0,00282792
1,344;0,00640709
1,348;0,0100627
1,352;0,0137602
1,356;0,0174644
1,36;0,0211397
1,364;0,0247507
1,368;0,0282623
1,372;0,03164
1,376;0,0348506
1,38;0,037862
1,384;0,0406439
1,388;0,0431681
1,392;0,0454085
1,396;0,0473416
1,4;0,0489468
1,404;0,0502064
1,408;0,0511059
1,412;0,0516341
1,416;0,0517835
1,42;0,0515498
1,424;0,0509329
1,428;0,0499358
1,432;0,0485656
1,436;0,0468328
1,44;0,0447515
1,444;0,0423393
1,448;0,039617
1,452;0,0366087
1,456;0,0333413
1,46;0,0298442
1,464;0,0261495
1,468;0,0222913
1,472;0,0183055
1,476;0,0142295
1,48;0,0101018
1,484;0,00596155
1,488;0,00184853
1,492;0,00219761
1,496;0,00613757
1,5;0,00993279
1,504;0,0135458
1,508;0,0169407
1,512;0,0200834
1,516;0,022942
1,52;0,0254869
1,524;0,0276917
1,528;0,0295329
1,532;0,0309901
1,536;0,0320468
1,54;0,03269
1,544;0,0329107
1,548;0,0327039
1,552;0,0320686
1,556;0,0310078
1,56;0,0295289
1,564;0,0276431
1,568;0,0253657
1,572;0,0227159
1,576;0,0197165
1,58;0,0163939
1,584;0,0127778
1,588;0,00890076
1,592;0,00479826
1,596;0,000508114
1,6;0,00392979
1,604;0,00847387
1,608;0,0130812
1,612;0,0177081
1,616;0,0223102
1,62;0,0268432
1,624;0,031263
1,628;0,0355265
1,632;0,0395917
1,636;0,043418
1,64;0,0469673
1,644;0,0502033
1,648;0,0530931
1,652;0,0556062
1,656;0,0577162
1,66;0,0593998
1,664;0,060638
1,668;0,0614158
1,672;0,0617225
1,676;0,061552
1,68;0,0609025
1,684;0,059777
1,688;0,0581829
1,692;0,0561324
1,696;0,053642
1,7;0,0507324
1,704;0,0474288
1,708;0,0437601
1,712;0,039759
1,716;0,0354616
1,72;0,0309071
1,724;0,0261375
1,728;0,021197
1,732;0,0161319
1,736;0,0109899
1,74;0,00581998
1,744;0,000671448
1,748;0,00440609
1,752;0,0093634
1,756;0,0141521
1,76;0,0187249
1,764;0,0230366
1,768;0,0270439
1,772;0,0307062
1,776;0,0339859
1,78;0,036849
1,784;0,0392651
1,788;0,0412079
1,792;0,0426553
1,796;0,0435902
1,8;0,044
1,804;0,0438771
1,808;0,0432189
1,812;0,0420282
1,816;0,0403126
1,82;0,038085
1,824;0,0353631
1,828;0,0321698
1,832;0,0285324
1,836;0,0244827
1,84;0,0200567
1,844;0,0152944
1,848;0,0102391
1,852;0,00493731
1,856;0,000561771
1,86;0,00620672
1,864;0,0119444
1,868;0,0177203
1,872;0,0234792
1,876;0,0291658
1,88;0,034725
1,884;0,0401026
1,888;0,0452455
1,892;0,0501029
1,896;0,0546261
1,9;0,0587694
1,904;0,0624904
1,908;0,0657504
1,912;0,068515
1,916;0,0707541
1,92;0,0724426
1,924;0,0735606
1,928;0,0740932
1,932;0,0740314
1,936;0,0733715
1,94;0,0721159
1,944;0,0702724
1,948;0,0678546
1,952;0,0648818
1,956;0,0613787
1,96;0,0573752
1,964;0,0529062
1,968;0,0480115
1,972;0,0427351
1,976;0,037125
1,98;0,0312327
1,984;0,0251129
1,988;0,0188227
1,992;0,0124214
1,996;0,00596949
2;0,000471269
2,004;0,00683903
2,008;0,0130721
2,012;0,0191098
2,016;0,0248928
2,02;0,0303638
2,024;0,035468
2,028;0,0401541
2,032;0,044374
2,036;0,048084
2,04;0,051245
2,044;0,0538228
2,048;0,0557887
2,052;0,0571195
2,056;0,057798
2,06;0,0578133
2,064;0,0571605
2,068;0,0558413
2,072;0,0538637
2,076;0,0512422
2,08;0,0479975
2,084;0,0441563
2,088;0,0397515
2,092;0,0348214
2,096;0,0294097
2,1;0,023565
2,104;0,0173404
2,108;0,010793
2,112;0,00398352
2,116;0,00302456
2,12;0,0101653
2,124;0,0173712
2,128;0,0245733
2,132;0,0317027
2,136;0,0386903
2,14;0,045468
2,144;0,0519693
2,148;0,05813
2,152;0,0638885
2,156;0,0691867
2,16;0,0739705
2,164;0,0781906
2,168;0,0818024
2,172;0,0847671
2,176;0,0870518
2,18;0,0886297
2,184;0,0894808
2,188;0,089592
2,192;0,088957
2,196;0,0875768
2,2;0,0854593
2,204;0,08262
2,208;0,0790809
2,212;0,0748712
2,216;0,0700267
2,22;0,0645896
2,224;0,0586078
2,228;0,052135
2,232;0,04523
2,236;0,037956
2,24;0,0303804
2,244;0,0225737
2,248;0,0146094
2,252;0,00656269
2,256;0,00148966
2,26;0,00947041
2,264;0,0173024
2,268;0,0249095
2,272;0,0322171
2,276;0,0391529
2,28;0,0456478
2,284;0,0516363
2,288;0,0570576
2,292;0,0618555
2,296;0,0659797
2,3;0,069386
2,304;0,0720367
2,308;0,0739011
2,312;0,0749558
2,316;0,0751851
2,32;0,0745811
2,324;0,0731437
2,328;0,0708811
2,332;0,0678093
2,336;0,063952
2,34;0,0593408
2,344;0,0540149
2,348;0,0480204
2,352;0,0414103
2,356;0,0342436
2,36;0,0265853
2,364;0,0185056
2,368;0,010079
2,372;0,00138419
2,376;0,00749737
2,38;0,0164817
2,384;0,0254832
2,388;0,0344156
2,392;0,0431927
2,396;0,0517291
2,4;0,0599413
2,404;0,0677481
2,408;0,0750717
2,412;0,0818386
2,416;0,08798
2,42;0,0934324
2,424;0,0981388
2,428;0,102049
2,432;0,105119
2,436;0,107315
2,44;0,108609
2,444;0,108983
2,448;0,108426
2,452;0,106937
2,456;0,104525
2,46;0,101205
2,464;0,0970045
2,468;0,0919564
2,472;0,0861036
2,476;0,0794968
2,48;0,0721942
2,484;0,064261
2,488;0,055769
2,492;0,0467959
2,496;0,0374245
2,5;0,027742
2,504;0,0178391
2,508;0,00780953
2,512;0,00225147
2,516;0,0122475
2,52;0,0220821
2,524;0,0316597
2,528;0,0408867
2,532;0,049672
2,536;0,0579282
2,54;0,0655725
2,544;0,0725271
2,548;0,0787205
2,552;0,084088
2,556;0,0885723
2,56;0,0921243
2,564;0,0947034
2,568;0,0962781
2,572;0,0968263
2,576;0,0963356
2,58;0,0948036
2,584;0,0922377
2,588;0,0886554
2,592;0,084084
2,596;0,0785606
2,6;0,0721315
2,604;0,0648523
2,608;0,0567869
2,612;0,0480073
2,616;0,0385928
2,62;0,0286295
2,624;0,018209
2,628;0,00742836
2,632;0,00361148
2,636;0,0148063
2,64;0,0260498
2,644;0,0372343
2,648;0,048252
2,652;0,058996
2,656;0,0693613
2,66;0,0792457
2,664;0,088551
2,668;0,0971839
2,672;0,105057
2,676;0,112089
2,68;0,118207
2,684;0,123346
2,688;0,127449
2,692;0,13047
2,696;0,132373
2,7;0,133132
2,704;0,132731
2,708;0,131166
2,712;0,128444
2,716;0,124583
2,72;0,119613
2,724;0,113573
2,728;0,106514
2,732;0,0984967
2,736;0,0895914
2,74;0,0798774
2,744;0,0694424
2,748;0,0583815
2,752;0,0467966
2,756;0,0347952
2,76;0,0224898
2,764;0,00999624
2,768;0,00256675
2,772;0,0150791
2,776;0,0274202
2,78;0,0394706
2,784;0,0511124
2,788;0,0622312
2,792;0,0727165
2,796;0,0824632
2,8;0,0913728
2,804;0,0993538
2,808;0,106323
2,812;0,112207
2,816;0,116942
2,82;0,120473
2,824;0,122759
2,828;0,12377
2,832;0,123486
2,836;0,121901
2,84;0,119023
2,844;0,114868
2,848;0,109469
2,852;0,102868
2,856;0,095121
2,86;0,0862939
2,864;0,076464
2,868;0,0657188
2,872;0,054155
2,876;0,0418781
2,88;0,0290008
2,884;0,0156428
2,888;0,00192877
2,892;0,012012
2,896;0,0260472
2,9;0,0400428
2,904;0,0538642
2,908;0,0673774
2,912;0,0804506
2,916;0,0929553
2,92;0,104768
2,924;0,115769
2,928;0,125848
2,932;0,134903
2,936;0,142838
2,94;0,14957
2,944;0,155026
2,948;0,159145
2,952;0,161877
2,956;0,163188
2,96;0,163055
2,964;0,161468
2,968;0,158433
2,972;0,153969
2,976;0,14811
2,98;0,140901
2,984;0,132403
2,988;0,122687
2,992;0,11184
2,996;0,0999573
3;0,0871455
3,004;0,0735214
3,008;0,0592102
3,012;0,0443445
3,016;0,0290631
3,02;0,0135099
3,024;0,00216763
3,028;0,01782
3,032;0,0332966
3,036;0,0484478
3,04;0,0631257
3,044;0,0771863
3,048;0,0904903
3,052;0,102905
3,056;0,114304
3,06;0,124572
3,064;0,133602
3,068;0,141299
3,072;0,14758
3,076;0,152374
3,08;0,155626
3,084;0,157293
3,088;0,157349
3,092;0,155781
3,096;0,152594
3,1;0,147806
3,104;0,141454
3,108;0,133586
3,112;0,124268
3,116;0,113579
3,12;0,101613
3,124;0,0884754
3,128;0,074284
3,132;0,0591679
3,136;0,0432659
3,14;0,0267251
3,144;0,00969993
3,148;0,00764952
3,152;0,025159
3,156;0,0426614
3,16;0,0599888
3,164;0,0769736
3,168;0,0934503
3,172;0,109257
3,176;0,124238
3,18;0,138243
3,184;0,151132
3,188;0,162771
3,192;0,173043
3,196;0,181837
3,2;0,18906
3,204;0,194631
3,208;0,198485
3,212;0,200574
3,216;0,200864
3,22;0,199342
3,224;0,196009
3,228;0,190884
3,232;0,184004
3,236;0,175423
3,24;0,165211
3,244;0,153456
3,248;0,14026
3,252;0,125738
3,256;0,110022
3,26;0,0932539
3,264;0,0755874
3,268;0,0571859
3,272;0,038221
3,276;0,0188708
3,28;0,000681577
3,284;0,0202498
3,288;0,0396462
3,292;0,0586834
3,296;0,077176
3,3;0,0949428
3,304;0,111808
3,308;0,127604
3,312;0,142171
3,316;0,155362
3,32;0,167039
3,324;0,17708
3,328;0,185378
3,332;0,19184
3,336;0,196393
3,34;0,198979
3,344;0,199559
3,348;0,198114
3,352;0,194645
3,356;0,189169
3,36;0,181727
3,364;0,172375
3,368;0,16119
3,372;0,148267
3,376;0,133719
3,38;0,117672
3,384;0,100271
3,388;0,0816744
3,392;0,0620513
3,396;0,0415832
3,4;0,0204609
3,404;0,00111737
3,408;0,0229477
3,412;0,0448222
3,416;0,0665312
3,42;0,0878652
3,424;0,108617
3,428;0,128583
3,432;0,147566
3,436;0,165377
3,44;0,181837
3,444;0,196779
3,448;0,210048
3,452;0,221506
3,456;0,23103
3,46;0,238516
3,464;0,243877
3,468;0,247046
3,472;0,24798
3,476;0,246652
3,48;0,24306
3,484;0,237224
3,488;0,229182
3,492;0,218998
3,496;0,206754
3,5;0,192554
3,504;0,176519
3,508;0,158792
3,512;0,139531
3,516;0,11891
3,52;0,097117
3,524;0,0743542
3,528;0,0508329
3,532;0,0267737
3,536;0,00240378
3,54;0,0220451
3,544;0,0463386
3,548;0,0702427
3,552;0,093525
3,556;0,115958
3,56;0,13732
3,564;0,157398
3,568;0,175992
3,572;0,192912
3,576;0,207984
3,58;0,221051
3,584;0,231973
3,588;0,240631
3,592;0,246926
3,596;0,250781
3,6;0,252142
3,604;0,250978
3,608;0,247284
3,612;0,241077
3,616;0,2324
3,62;0,221319
3,624;0,207923
3,628;0,192324
3,632;0,174658
3,636;0,15508
3,64;0,133764
3,644;0,110904
3,648;0,0867064
3,652;0,0613959
3,656;0,0352074
3,66;0,00838617
3,664;0,0188146
3,668;0,0461366
3,672;0,0733182
3,676;0,100097
3,68;0,126215
3,684;0,151414
3,688;0,175448
3,692;0,198078
3,696;0,219076
3,7;0,23823
3,704;0,255342
3,708;0,270235
3,712;0,28275
3,716;0,292751
3,72;0,300124
3,724;0,304779
3,728;0,306655
3,732;0,305712
3,736;0,301942
3,74;0,295359
3,744;0,286009
3,748;0,273961
3,752;0,259313
3,756;0,242188
3,76;0,222731
3,764;0,201115
3,768;0,177531
3,772;0,152192
3,776;0,12533
3,78;0,0971915
3,784;0,0680381
3,788;0,0381425
3,792;0,00778658
3,796;0,0227414
3,8;0,0531496
3,804;0,0831452
3,808;0,112438
3,812;0,14074
3,816;0,167775
3,82;0,193274
3,824;0,21698
3,828;0,238655
3,832;0,258076
3,836;0,275041
3,84;0,28937
3,844;0,300908
3,848;0,309523
3,852;0,315114
3,856;0,317605
3,86;0,316951
3,864;0,313137
3,868;0,306177
3,872;0,296117
3,876;0,283031
3,88;0,267024
3,884;0,248229
3,888;0,226808
3,892;0,202948
3,896;0,176861
3,9;0,148782
3,904;0,118967
3,908;0,0876902
3,912;0,0552416
3,916;0,0219244
3,92;0,0119473
3,924;0,0460523
3,928;0,0800648
3,932;0,113658
3,936;0,146505
3,94;0,178288
3,944;0,208692
3,948;0,237416
3,952;0,264174
3,956;0,288695
3,96;0,310727
3,964;0,330041
3,968;0,346435
3,972;0,35973
3,976;0,369776
3,98;0,376456
3,984;0,379681
3,988;0,379396
3,992;0,37558
3,996;0,368246
4;0,357439
4,004;0,343238
4,008;0,325757
4,012;0,305141
4,016;0,281566
4,02;0,255237
4,024;0,226388
4,028;0,19528
4,032;0,162194
4,036;0,127435
4,04;0,0913241
4,044;0,0541998
4,048;0,0164108
4,052;0,0216846
4,056;0,0597228
4,06;0,0973382
4,064;0,134167
4,068;0,16985
4,072;0,204036
4,076;0,236388
4,08;0,266582
4,084;0,294312
4,088;0,319296
4,092;0,341276
4,096;0,360018
4,1;0,375321
4,104;0,387013
4,108;0,394959
4,112;0,399054
4,116;0,399234
4,12;0,39547
4,124;0,387769
4,128;0,37618
4,132;0,360786
4,136;0,341708
4,14;0,319105
4,144;0,293168
4,148;0,264124
4,152;0,23223
4,156;0,197772
4,16;0,161063
4,164;0,122441
4,168;0,0822621
4,172;0,0409019
4,176;0,00125078
4,18;0,0437969
4,184;0,0863306
4,188;0,128444
4,192;0,169729
4,196;0,209784
4,2;0,248216
4,204;0,284645
4,208;0,318706
4,212;0,350058
4,216;0,37838
4,22;0,403378
4,224;0,424791
4,228;0,442387
4,232;0,455971
4,236;0,465386
4,24;0,470511
4,244;0,471268
4,248;0,467619
4,252;0,459569
4,256;0,447164
4,26;0,430494
4,264;0,409688
4,268;0,384918
4,272;0,356395
4,276;0,324366
4,28;0,289113
4,284;0,250954
4,288;0,210234
4,292;0,167327
4,296;0,122629
4,3;0,0765575
4,304;0,0295444
4,308;0,0179651
4,312;0,0655184
4,316;0,112659
4,32;0,158932
4,324;0,203887
4,328;0,247084
4,332;0,288094
4,336;0,32651
4,34;0,361945
4,344;0,394038
4,348;0,422457
4,352;0,446905
4,356;0,467119
4,36;0,482875
4,364;0,493992
4,368;0,50033
4,372;0,501797
4,376;0,498342
4,38;0,489967
4,384;0,476717
4,388;0,458685
4,392;0,436012
4,396;0,408883
4,4;0,377527
4,404;0,342217
4,408;0,303263
4,412;0,261015
4,416;0,215855
4,42;0,168196
4,424;0,118479
4,428;0,0671671
4,432;0,0147414
4,436;0,0383025
4,44;0,0914597
4,444;0,14422
4,448;0,196076
4,452;0,246521
4,456;0,295063
4,46;0,341222
4,464;0,384538
4,468;0,424577
4,472;0,46093
4,476;0,493223
4,48;0,521118
4,484;0,544318
4,488;0,562565
4,492;0,575652
4,496;0,583417
4,5;0,585747
4,504;0,582584
4,508;0,573919
4,512;0,559798
4,516;0,540317
4,52;0,515628
4,524;0,485931
4,528;0,451476
4,532;0,412561
4,536;0,369528
4,54;0,322764
4,544;0,272689
4,548;0,219763
4,552;0,164473
4,556;0,107334
4,56;0,0488811
4,564;0,0103328
4,568;0,0697449
4,572;0,128786
4,576;0,186887
4,58;0,243484
4,584;0,298023
4,588;0,349965
4,592;0,398795
4,596;0,444022
4,6;0,485187
4,604;0,521866
4,608;0,553677
4,612;0,580279
4,616;0,601382
4,62;0,616746
4,624;0,626181
4,628;0,629558
4,632;0,626801
4,636;0,617895
4,64;0,602882
4,644;0,581864
4,648;0,555001
4,652;0,522511
4,656;0,484667
4,66;0,441794
4,664;0,394269
4,668;0,342517
4,672;0,287005
4,676;0,228239
4,68;0,166762
4,684;0,103145
4,688;0,0379827
4,692;0,0281087
4,696;0,0945017
4,7;0,160561
4,704;0,22565
4,708;0,289137
4,712;0,350402
4,716;0,408841
4,72;0,463873
4,724;0,514947
4,728;0,561544
4,732;0,603187
4,736;0,639441
4,74;0,669921
4,744;0,694295
4,748;0,712285
4,752;0,723675
4,756;0,72831
4,76;0,726098
4,764;0,717014
4,768;0,701097
4,772;0,678451
4,776;0,649249
4,78;0,613725
4,784;0,572175
4,788;0,524958
4,792;0,472487
4,796;0,41523
4,8;0,353702
4,804;0,288466
4,808;0,220121
4,812;0,149302
4,816;0,0766718
4,82;0,00291533
4,824;0,0712674
4,828;0,145167
4,832;0,218073
4,836;0,289277
4,84;0,358085
4,844;0,423819
4,848;0,485827
4,852;0,543487
4,856;0,596218
4,86;0,643476
4,864;0,684772
4,868;0,719668
4,872;0,747783
4,876;0,782378
4,88;0,823165
4,884;0,869796
4,888;0,921863
4,892;0,978905
4,896;1,04041
4,9;1,10581
4,904;1,17452
4,908;1,24589
4,912;1,31926
4,916;1,39393
4,92;1,46921
4,924;1,54436
4,928;1,61868
4,932;1,69143
4,936;1,76191
4,94;1,82943
4,944;1,89332
4,948;1,95294
4,952;2,00769
4,956;2,05701
4,96;2,10038
4,964;2,13736
4,968;2,16754
4,972;2,19058
4,976;2,20621
4,98;2,21424
4,984;2,21453
4,988;2,20702
4,992;2,19174
4,996;2,16878
5;2,13829
5,004;2,10054
5,008;2,05582
5,012;2,00451
5,016;1,94708
5,02;1,88401
5,024;1,81589
5,028;1,74332
5,032;1,66698
5,036;1,58756
5,04;1,50582
5,044;1,42252
5,048;1,33845
5,052;1,25442
5,056;1,17122
5,06;1,08966
5,064;1,01054
5,068;0,934632
5,072;0,86269
5,076;0,795431
5,08;0,733532
5,084;0,677626
5,088;0,62829
5,092;0,572468
5,096;0,510649
5,1;0,443387
5,104;0,371288
5,108;0,295013
5,112;0,215263
5,116;0,13278
5,12;0,0483381
5,124;0,0372667
5,128;0,12322
5,132;0,2087
5,136;0,292883
5,14;0,37495
5,144;0,4541
5,148;0,529552
5,152;0,600557
5,156;0,666402
5,16;0,72642
5,164;0,779993
5,168;0,826562
5,172;0,865633
5,176;0,896778
5,18;0,919642
5,184;0,93395
5,188;0,939504
5,192;0,93619
5,196;0,92398
5,2;0,902927
5,204;0,873174
5,208;0,834945
5,212;0,788548
5,216;0,734373
5,22;0,672886
5,224;0,604626
5,228;0,530201
5,232;0,450283
5,236;0,365602
5,24;0,276936
5,244;0,185111
5,248;0,0909851
5,252;0,00455374
5,256;0,100598
5,26;0,19623
5,264;0,290527
5,268;0,382576
5,272;0,471478
5,276;0,556356
5,28;0,636369
5,284;0,710714
5,288;0,778639
5,292;0,853023
5,296;0,933198
5,3;1,01843
5,304;1,10794
5,308;1,2009
5,312;1,29644
5,316;1,39366
5,32;1,49164
5,324;1,58944
5,328;1,68612
5,332;1,78075
5,336;1,8724
5,34;1,96018
5,344;2,04321
5,348;2,12067
5,352;2,19177
5,356;2,25578
5,36;2,31204
5,364;2,35997
5,368;2,39903
5,372;2,42879
5,376;2,44891
5,38;2,45912
5,384;2,45926
5,388;2,44926
5,392;2,42913
5,396;2,39901
5,4;2,35912
5,404;2,30976
5,408;2,25135
5,412;2,18438
5,416;2,10945
5,42;2,0272
5,424;1,93839
5,428;1,84382
5,432;1,74436
5,436;1,64092
5,44;1,53448
5,444;1,42603
5,448;1,3166
5,452;1,20724
5,456;1,09899
5,46;0,992905
5,464;0,890017
5,468;0,791334
5,472;0,697833
5,476;0,610449
5,48;0,516485
5,484;0,416798
5,488;0,312306
5,492;0,203977
5,496;0,0928269
5,5;0,0200986
5,504;0,133727
5,508;0,246973
5,512;0,358746
5,516;0,467963
5,52;0,573559
5,524;0,674493
5,528;0,769765
5,532;0,858421
5,536;0,939564
5,54;1,01236
5,544;1,07606
5,548;1,12998
5,552;1,17355
5,556;1,20626
5,56;1,22773
5,564;1,23767
5,568;1,23592
5,572;1,2224
5,576;1,19717
5,58;1,16039
5,584;1,11232
5,588;1,05335
5,592;0,983975
5,596;0,904786
5,6;0,816475
5,604;0,719827
5,608;0,615711
5,612;0,505077
5,616;0,388939
5,62;0,268375
5,624;0,144513
5,628;0,0185171
5,632;0,108417
5,636;0,235077
5,64;0,360245
5,644;0,48271
5,648;0,601276
5,652;0,71478
5,656;0,822095
5,66;0,935725
5,664;1,05462
5,668;1,17769
5,672;1,30376
5,676;1,43165
5,68;1,56015
5,684;1,68803
5,688;1,81405
5,692;1,937
5,696;2,05566
5,7;2,16888
5,704;2,27552
5,708;2,37452
5,712;2,46488
5,716;2,54566
5,72;2,61603
5,724;2,67523
5,728;2,72263
5,732;2,75768
5,736;2,77996
5,74;2,78918
5,744;2,78514
5,748;2,7678
5,752;2,73724
5,756;2,69365
5,76;2,63736
5,764;2,56882
5,768;2,48862
5,772;2,39743
5,776;2,29605
5,78;2,1854
5,784;2,06646
5,788;1,94032
5,792;1,80814
5,796;1,67115
5,8;1,53063
5,804;1,38791
5,808;1,24433
5,812;1,10128
5,816;0,96013
5,82;0,822245
5,824;0,688974
5,828;0,561628
5,832;0,427895
5,836;0,289013
5,84;0,146281
5,844;0,00104135
5,848;0,145328
5,852;0,29143
5,856;0,435861
5,86;0,577222
5,864;0,714135
5,868;0,845255
5,872;0,969282
5,876;1,08498
5,88;1,19117
5,884;1,28678
5,888;1,37081
5,892;1,44238
5,896;1,50071
5,9;1,54515
5,904;1,57518
5,908;1,59041
5,912;1,59059
5,916;1,57561
5,92;1,54552
5,924;1,5005
5,928;1,44087
5,932;1,3671
5,936;1,27982
5,94;1,17976
5,944;1,06779
5,948;0,944908
5,952;0,812215
5,956;0,670918
5,96;0,522314
5,964;0,367779
5,968;0,208755
5,972;0,0467369
5,976;0,11674
5,98;0,280116
5,984;0,441823
5,988;0,600296
5,992;0,753992
5,996;0,901403
6;1,05464
6,004;1,21229
6,008;1,37285
6,012;1,53481
6,016;1,69662
6,02;1,85673
6,024;2,01359
6,028;2,16566
6,032;2,31147
6,036;2,44956
6,04;2,57855
6,044;2,69715
6,048;2,80414
6,052;2,89842
6,056;2,97899
6,06;3,04498
6,064;3,09566
6,068;3,13044
6,072;3,14887
6,076;3,15066
6,08;3,13568
6,084;3,10396
6,088;3,05568
6,092;2,9912
6,096;2,91102
6,1;2,8158
6,104;2,70635
6,108;2,58362
6,112;2,44871
6,116;2,30281
6,12;2,14726
6,124;1,98348
6,128;1,81299
6,132;1,63737
6,136;1,45828
6,14;1,27742
6,144;1,09649
6,148;0,917256
6,152;0,741433
6,156;0,570735
6,16;0,406839
6,164;0,237788
6,168;0,065168
6,172;0,109387
6,176;0,284215
6,18;0,457641
6,184;0,627988
6,188;0,793601
6,192;0,952857
6,196;1,10418
6,2;1,24607
6,204;1,37709
6,208;1,49592
6,212;1,60132
6,216;1,69219
6,22;1,76756
6,224;1,82659
6,228;1,86862
6,232;1,89311
6,236;1,89971
6,24;1,88823
6,244;1,85865
6,248;1,81115
6,252;1,74603
6,256;1,66382
6,26;1,56518
6,264;1,45094
6,268;1,3221
6,272;1,17978
6,276;1,02526
6,28;0,859945
6,284;0,685339
6,288;0,503055
6,292;0,314792
6,296;0,122314
6,3;0,0725587
6,304;0,267973
6,308;0,462057
6,312;0,652937
6,316;0,83876
6,32;1,01771
6,324;1,20159
6,328;1,38867
6,332;1,57718
6,336;1,76532
6,34;1,95128
6,344;2,13327
6,348;2,30949
6,352;2,47824
6,356;2,63782
6,36;2,78665
6,364;2,92323
6,368;3,04615
6,372;3,15414
6,376;3,24607
6,38;3,32093
6,384;3,3779
6,388;3,4163
6,392;3,43563
6,396;3,43557
6,4;3,416
6,404;3,37696
6,408;3,31869
6,412;3,24163
6,416;3,14637
6,42;3,03371
6,424;2,90461
6,428;2,7602
6,432;2,60174
6,436;2,43068
6,44;2,24856
6,444;2,05705
6,448;1,85793
6,452;1,65306
6,456;1,44436
6,46;1,23381
6,464;1,02342
6,468;0,815215
6,472;0,611199
6,476;0,413364
6,48;0,210076
6,484;0,00324894
6,488;0,205157
6,492;0,413151
6,496;0,618734
6,5;0,819916
6,504;1,01473
6,508;1,20128
6,512;1,37769
6,516;1,54222
6,52;1,69319
6,524;1,82907
6,528;1,94845
6,532;2,05006
6,536;2,13281
6,54;2,19577
6,544;2,2382
6,548;2,25955
6,552;2,25947
6,556;2,23781
6,56;2,19463
6,564;2,1302
6,568;2,04499
6,572;1,93966
6,576;1,8151
6,58;1,67236
6,584;1,51269
6,588;1,3375
6,592;1,14838
6,596;0,947028
6,6;0,735304
6,604;0,515167
6,608;0,28867
6,612;0,0579453
6,616;0,174822
6,62;0,407412
6,624;0,637591
6,628;0,863131
6,632;1,08184
6,636;1,30513
6,64;1,53092
6,644;1,75703
6,648;1,98131
6,652;2,20158
6,656;2,41571
6,66;2,6216
6,664;2,81721
6,668;3,00059
6,672;3,16991
6,676;3,32343
6,68;3,45957
6,684;3,57691
6,688;3,67418
6,692;3,75033
6,696;3,80446
6,7;3,8359
6,704;3,84421
6,708;3,82912
6,712;3,79064
6,716;3,72897
6,72;3,64453
6,724;3,53798
6,728;3,4102
6,732;3,26225
6,736;3,09542
6,74;2,91118
6,744;2,71119
6,748;2,49724
6,752;2,27129
6,756;2,03544
6,76;1,79188
6,764;1,54289
6,768;1,29083
6,772;1,03808
6,776;0,787089
6,78;0,54026
6,784;0,299997
6,788;0,0550746
6,792;0,192188
6,796;0,439432
6,8;0,684286
6,804;0,924381
6,808;1,15738
6,812;1,381
6,816;1,59302
6,82;1,79133
6,824;1,97394
6,828;2,13897
6,832;2,28473
6,836;2,40967
6,84;2,51247
6,844;2,59197
6,848;2,64725
6,852;2,67761
6,856;2,68259
6,86;2,66197
6,864;2,61576
6,868;2,54424
6,872;2,44791
6,876;2,32752
6,88;2,18406
6,884;2,01876
6,888;1,83305
6,892;1,62856
6,896;1,40713
6,9;1,17078
6,904;0,921656
6,908;0,662072
6,912;0,394446
6,916;0,121291
6,92;0,154809
6,924;0,431224
6,928;0,705303
6,932;0,974398
6,936;1,23589
6,94;1,5008
6,944;1,76659
6,948;2,03074
6,952;2,29068
6,956;2,5439
6,96;2,78792
6,964;3,02033
6,968;3,23881
6,972;3,44119
6,976;3,62539
6,98;3,78953
6,984;3,93189
6,988;4,05096
6,992;4,14543
6,996;4,21421
7;4,25649
7,004;4,27165
7,008;4,25938
7,012;4,21959
7,016;4,15249
7,02;4,05852
7,024;3,9384
7,028;3,7931
7,032;3,62384
7,036;3,43208
7,04;3,21951
7,044;2,98802
7,048;2,73971
7,052;2,47683
7,056;2,20182
7,06;1,91723
7,064;1,62572
7,068;1,33005
7,072;1,03302
7,076;0,737482
7,08;0,446276
7,084;0,16223
7,088;0,125457
7,092;0,414046
7,096;0,700775
7,1;0,982878
7,104;1,25761
7,108;1,52229
7,112;1,77431
7,116;2,01115
7,12;2,23044
7,124;2,42995
7,128;2,60763
7,132;2,76163
7,136;2,89029
7,14;2,99221
7,144;3,06622
7,148;3,11143
7,152;3,12719
7,156;3,11315
7,16;3,06924
7,164;2,99568
7,168;2,89296
7,172;2,76187
7,176;2,60347
7,18;2,41909
7,184;2,21033
7,188;1,97901
7,192;1,7272
7,196;1,45718
7,2;1,1714
7,204;0,872519
7,208;0,563299
7,212;0,24664
7,216;0,0744685
7,22;0,396976
7,224;0,717795
7,228;1,03383
7,232;1,3556
7,236;1,68005
7,24;2,00409
7,244;2,32459
7,248;2,63847
7,252;2,94265
7,256;3,23416
7,26;3,5101
7,264;3,76772
7,268;4,00443
7,272;4,21779
7,276;4,40561
7,28;4,5659
7,284;4,69693
7,288;4,79724
7,292;4,86565
7,296;4,9013
7,3;4,9036
7,304;4,87231
7,308;4,80749
7,312;4,70953
7,316;4,57914
7,32;4,41735
7,324;4,2255
7,328;4,00522
7,332;3,75842
7,336;3,4873
7,34;3,19427
7,344;2,88202
7,348;2,5534
7,352;2,21145
7,356;1,85936
7,36;1,50044
7,364;1,1381
7,368;0,775777
7,372;0,416961
7,376;0,0651177
7,38;0,289904
7,384;0,644716
7,388;0,995913
7,392;1,3401
7,396;1,67392
7,4;1,99409
7,404;2,29746
7,408;2,58099
7,412;2,84181
7,416;3,07728
7,42;3,28496
7,424;3,46265
7,428;3,60844
7,432;3,72072
7,436;3,79817
7,44;3,8398
7,444;3,84498
7,448;3,81339
7,452;3,74509
7,456;3,64048
7,46;3,50031
7,464;3,32567
7,468;3,11801
7,472;2,87909
7,476;2,61099
7,48;2,31607
7,484;1,99699
7,488;1,65664
7,492;1,29814
7,496;0,924809
7,5;0,540121
7,504;0,147693
7,508;0,24876
7,512;0,64546
7,516;1,0386
7,52;1,42439
7,524;1,81263
7,528;2,19963
7,532;2,58167
7,536;2,95502
7,54;3,31607
7,544;3,66124
7,548;3,98713
7,552;4,29046
7,556;4,56817
7,56;4,81741
7,564;5,0356
7,568;5,22042
7,572;5,36987
7,576;5,48227
7,58;5,55628
7,584;5,59093
7,588;5,58561
7,592;5,54009
7,596;5,45453
7,6;5,32949
7,604;5,16587
7,608;4,965
7,612;4,72852
7,616;4,45848
7,62;4,15723
7,624;3,82745
7,628;3,47209
7,632;3,09441
7,636;2,69786
7,64;2,28613
7,644;1,86306
7,648;1,43263
7,652;0,998931
7,656;0,566097
7,66;0,138291
7,664;0,293922
7,668;0,726423
7,672;1,15506
7,676;1,5757
7,68;1,98424
7,684;2,37667
7,688;2,74912
7,692;3,09788
7,696;3,41943
7,7;3,7105
7,704;3,96807
7,708;4,18945
7,712;4,37226
7,716;4,51448
7,72;4,61446
7,724;4,67094
7,728;4,68309
7,732;4,65048
7,736;4,57311
7,74;4,45141
7,744;4,28625
7,748;4,07892
7,752;3,83109
7,756;3,54489
7,76;3,22278
7,764;2,86762
7,768;2,48257
7,772;2,07114
7,776;1,63709
7,78;1,18442
7,784;0,717355
7,788;0,24028
7,792;0,242297
7,796;0,72578
7,8;1,20554
7,804;1,69051
7,808;2,17607
7,812;2,65758
7,816;3,13038
7,82;3,58987
7,824;4,03154
7,828;4,45103
7,832;4,84417
7,836;5,20699
7,84;5,53581
7,844;5,82722
7,848;6,07818
7,852;6,28599
7,856;6,44836
7,86;6,56341
7,864;6,62971
7,868;6,64629
7,872;6,61265
7,876;6,52876
7,88;6,39507
7,884;6,21252
7,888;5,98253
7,892;5,70698
7,896;5,38819
7,9;5,02893
7,904;4,63237
7,908;4,20205
7,912;3,74187
7,916;3,25603
7,92;2,74904
7,924;2,2256
7,928;1,69064
7,932;1,14919
7,936;0,606424
7,94;0,0675353
7,944;0,475851
7,948;1,01855
7,952;1,55535
7,956;2,08105
7,96;2,59053
7,964;3,07878
7,968;3,54098
7,972;3,97251
7,976;4,369
7,98;4,72641
7,984;5,04104
7,988;5,30957
7,992;5,5291
7,996;5,69719
8;5,81187
8,004;5,87166
8,008;5,8756
8,012;5,82329
8,016;5,71482
8,02;5,55085
8,024;5,33256
8,028;5,06169
8,032;4,74045
8,036;4,3716
8,04;3,95833
8,044;3,50431
8,048;3,01362
8,052;2,4907
8,056;1,94036
8,06;1,3677
8,064;0,778041
8,068;0,176941
8,072;0,429912
8,076;1,03673
8,08;1,63769
8,084;2,24056
8,088;2,83957
8,092;3,42893
8,096;4,00292
8,1;4,55593
8,104;5,08249
8,108;5,57738
8,112;6,03563
8,116;6,45257
8,12;6,82391
8,124;7,14579
8,128;7,41477
8,132;7,62789
8,136;7,78272
8,14;7,87737
8,144;7,91053
8,148;7,88143
8,152;7,78994
8,156;7,63649
8,16;7,42212
8,164;7,14849
8,168;6,81779
8,172;6,43282
8,176;5,99688
8,18;5,51381
8,184;4,98793
8,188;4,42398
8,192;3,82711
8,196;3,20283
8,2;2,55693
8,204;1,89547
8,208;1,2247
8,212;0,550975
8,216;0,119243
8,22;0,793077
8,224;1,46408
8,228;2,1258
8,232;2,77181
8,236;3,3958
8,24;3,99163
8,244;4,55338
8,248;5,07544
8,252;5,5525
8,256;5,97967
8,26;6,35252
8,264;6,66708
8,268;6,91993
8,272;7,10822
8,276;7,22968
8,28;7,2827
8,284;7,26628
8,288;7,18011
8,292;7,02452
8,296;6,80053
8,3;6,50982
8,304;6,15471
8,308;5,73816
8,312;5,26376
8,316;4,73564
8,32;4,15852
8,324;3,53758
8,328;2,8785
8,332;2,18732
8,336;1,47046
8,34;0,734635
8,344;0,013234
8,348;0,766048
8,352;1,51661
8,356;2,27129
8,36;3,02286
8,364;3,76408
8,368;4,48776
8,372;5,18685
8,376;5,85445
8,38;6,48394
8,384;7,06902
8,388;7,60375
8,392;8,08266
8,396;8,50075
8,4;8,8536
8,404;9,13737
8,408;9,34885
8,412;9,48551
8,416;9,54551
8,42;9,52777
8,424;9,43189
8,428;9,25827
8,432;9,00803
8,436;8,68303
8,44;8,2859
8,444;7,81992
8,448;7,28911
8,452;6,69811
8,456;6,05217
8,46;5,35711
8,464;4,61927
8,468;3,84543
8,472;3,04278
8,476;2,21881
8,48;1,38129
8,484;0,538168
8,488;0,302503
8,492;1,14621
8,496;1,98488
8,5;2,81042
8,504;3,61482
8,508;4,3902
8,512;5,12893
8,516;5,82366
8,52;6,46741
8,524;7,05365
8,528;7,57635
8,532;8,03005
8,536;8,40993
8,54;8,71182
8,544;8,93228
8,548;9,06863
8,552;9,11898
8,556;9,08225
8,56;8,95819
8,564;8,74739
8,568;8,45126
8,572;8,07206
8,576;7,61285
8,58;7,07749
8,584;6,47058
8,588;5,79746
8,592;5,06414
8,596;4,27722
8,6;3,44391
8,604;2,57186
8,608;1,6692
8,612;0,744359
8,616;0,193923
8,62;1,13674
8,624;2,07506
8,628;3,01343
8,632;3,94284
8,636;4,85431
8,64;5,73896
8,644;6,58811
8,648;7,39337
8,652;8,1467
8,656;8,8405
8,66;9,46771
8,664;10,0218
8,668;10,4971
8,672;10,8883
8,676;11,1911
8,68;11,4021
8,684;11,5186
8,688;11,5387
8,692;11,4617
8,696;11,2876
8,7;11,0174
8,704;10,653
8,708;10,1972
8,712;9,6539
8,716;9,02759
8,72;8,32374
8,724;7,54856
8,728;6,70901
8,732;5,81269
8,736;4,86782
8,74;3,88313
8,744;2,86779
8,748;1,83136
8,752;0,783612
8,756;0,265455
8,76;1,30578
8,764;2,3409
8,768;3,36084
8,772;4,3557
8,776;5,31575
8,78;6,23154
8,784;7,09397
8,788;7,89439
8,792;8,62469
8,796;9,27737
8,8;9,84562
8,804;10,3234
8,808;10,7055
8,812;10,9876
8,816;11,1663
8,82;11,2392
8,824;11,2047
8,828;11,0626
8,832;10,8134
8,836;10,4588
8,84;10,0014
8,844;9,44495
8,848;8,79409
8,852;8,05441
8,856;7,23239
8,86;6,33535
8,864;5,37139
8,868;4,34929
8,872;3,27846
8,876;2,16885
8,88;1,03084
8,884;0,124842
8,888;1,28723
8,892;2,4452
8,896;3,60119
8,9;4,74409
8,904;5,86284
8,908;6,94652
8,912;7,98449
8,916;8,96646
8,92;9,88264
8,924;10,7238
8,928;11,4812
8,932;12,1472
8,936;12,7146
8,94;13,1774
8,944;13,5303
8,948;13,7692
8,952;13,8911
8,956;13,894
8,96;13,7769
8,964;13,5402
8,968;13,1854
8,972;12,715
8,976;12,1327
8,98;11,4434
8,984;10,6529
8,988;9,76815
8,992;8,79693
8,996;7,74799
9;6,63086
9,004;5,45579
9,008;4,23366
9,012;2,97588
9,016;1,69427
9,02;0,400974
9,024;0,891675
9,028;2,18484
9,032;3,46611
9,036;4,7231
9,04;5,94358
9,044;7,11557
9,048;8,22749
9,052;9,26826
9,056;10,2274
9,06;11,0951
9,064;11,8624
9,068;12,5212
9,072;13,0646
9,076;13,4864
9,08;13,7818
9,084;13,947
9,088;13,9796
9,092;13,8783
9,096;13,6432
9,1;13,2757
9,104;12,7782
9,108;12,1547
9,112;11,4104
9,116;10,5514
9,12;9,58532
9,124;8,52063
9,128;7,36687
9,132;6,1345
9,136;4,83481
9,14;3,47981
9,144;2,08212
9,148;0,654867
9,152;0,788457
9,156;2,23411
9,16;3,68179
9,164;5,11764
9,168;6,52777
9,172;7,89848
9,176;9,21632
9,18;10,4683
9,184;11,6419
9,188;12,7254
9,192;13,7076
9,196;14,5786
9,2;15,3291
9,204;15,9511
9,208;16,4377
9,212;16,7834
9,216;16,9839
9,22;17,0361
9,224;16,9386
9,228;16,6913
9,232;16,2955
9,236;15,754
9,24;15,0709
9,244;14,2519
9,248;13,3039
9,252;12,235
9,256;11,0548
9,26;9,77365
9,264;8,4033
9,268;6,95623
9,272;5,44582
9,276;3,88611
9,28;2,29175
9,284;0,6778
9,288;0,940387
9,292;2,56088
9,296;4,16813
9,3;5,74663
9,304;7,28102
9,308;8,75626
9,312;10,1578
9,316;11,4716
9,32;12,6846
9,324;13,7842
9,328;14,7593
9,332;15,5996
9,336;16,2961
9,34;16,841
9,344;17,2282
9,348;17,4528
9,352;17,5115
9,356;17,4026
9,36;17,126
9,364;16,6832
9,368;16,0773
9,372;15,313
9,376;14,3964
9,38;13,3354
9,384;12,1392
9,388;10,8182
9,392;9,38434
9,396;7,85055
9,4;6,23088
9,404;4,54028
9,408;2,79448
9,412;1,00986
9,416;0,796716
9,42;2,60805
9,424;4,42037
9,428;6,21629
9,432;7,97844
9,436;9,68968
9,44;11,3332
9,444;12,8928
9,448;14,353
9,452;15,6989
9,456;16,9169
9,46;17,9944
9,464;18,9201
9,468;19,684
9,472;20,2777
9,476;20,6944
9,48;20,9287
9,484;20,9772
9,488;20,8381
9,492;20,5115
9,496;19,9992
9,5;19,3048
9,504;18,4337
9,508;17,393
9,512;16,1917
9,516;14,84
9,52;13,35
9,524;11,7349
9,528;10,0095
9,532;8,18943
9,536;6,29161
9,54;4,3337
9,544;2,33407
9,548;0,311635
9,552;1,71435
9,556;3,73804
9,56;5,73999
9,564;7,70082
9,568;9,60144
9,572;11,4232
9,576;13,148
9,58;14,7587
9,584;16,2389
9,588;17,5737
9,592;18,7491
9,596;19,7528
9,6;20,5739
9,604;21,2033
9,608;21,6336
9,612;21,8594
9,616;21,877
9,62;21,6848
9,624;21,2832
9,628;20,6746
9,632;19,8635
9,636;18,8561
9,64;17,6609
9,644;16,2879
9,648;14,7491
9,652;13,0583
9,656;11,2304
9,66;9,28217
9,664;7,23144
9,668;5,09718
9,672;2,8993
9,676;0,658467
9,68;1,60411
9,684;3,86687
9,688;6,12165
9,692;8,34676
9,696;10,5206
9,7;12,6221
9,704;14,6303
9,708;16,5255
9,712;18,2887
9,716;19,902
9,72;21,3489
9,724;22,6143
9,728;23,6848
9,732;24,5489
9,736;25,1968
9,74;25,6207
9,744;25,8151
9,748;25,7764
9,752;25,5035
9,756;24,9973
9,76;24,2611
9,764;23,3004
9,768;22,1228
9,772;20,7381
9,776;19,1582
9,78;17,3968
9,784;15,4697
9,788;13,3943
9,792;11,1892
9,796;8,87499
9,8;6,47296
9,804;4,0056
9,808;1,49614
9,812;1,03162
9,816;3,55354
9,82;6,05894
9,824;8,52366
9,828;10,9238
9,832;13,2357
9,836;15,4368
9,84;17,505
9,844;19,4197
9,848;21,1613
9,852;22,7119
9,856;24,0554
9,86;25,1774
9,864;26,0655
9,868;26,7097
9,872;27,1021
9,876;27,2371
9,88;27,1117
9,884;26,7253
9,888;26,0797
9,892;25,1794
9,896;24,0313
9,9;22,6446
9,904;21,031
9,908;19,2045
9,912;17,181
9,916;14,9787
9,92;12,6174
9,924;10,1187
9,928;7,50574
9,932;4,80267
9,936;2,03487
9,94;0,77154
9,944;3,58989
9,948;6,40678
9,952;9,19516
9,956;11,9281
9,96;14,5789
9,964;17,1216
9,968;19,531
9,972;21,7831
9,976;23,8551
9,98;25,726
9,984;27,3763
9,988;28,7887
9,992;29,948
9,996;30,8414
10;31,4582
10,004;31,7909
10,008;31,8341
10,012;31,5854
10,016;31,0453
10,02;30,2169
10,024;29,1061
10,028;27,7216
10,032;26,0749
10,036;24,1799
10,04;22,0532
10,044;19,7134
10,048;17,1816
10,052;14,4807
10,056;11,6356
10,06;8,67257
10,064;5,61917
10,068;2,50411
10,072;0,643119
10,076;3,79253
10,08;6,92749
10,084;10,0178
10,088;13,0335
10,092;15,945
10,096;18,7238
10,1;21,3423
10,104;23,7741
10,108;25,9946
10,112;27,9811
10,116;29,7129
10,12;31,1716
10,124;32,3412
10,128;33,2086
10,132;33,7633
10,136;33,9978
10,14;33,9077
10,144;33,4916
10,148;32,7512
10,152;31,6913
10,156;30,32
10,16;28,6482
10,164;26,6899
10,168;24,462
10,172;21,9838
10,176;19,2776
10,18;16,3676
10,184;13,2804
10,188;10,0445
10,192;6,68977
10,196;3,2477
10,2;0,249293
10,204;3,76803
10,208;7,27487
10,212;10,7497
10,216;14,1588
10,22;17,4691
10,224;20,6481
10,228;23,6645
10,232;26,488
10,236;29,0902
10,24;31,4447
10,244;33,5272
10,248;35,3156
10,252;36,7909
10,256;37,9367
10,26;38,7397
10,264;39,1899
10,268;39,2804
10,272;39,0079
10,276;38,3725
10,28;37,3778
10,284;36,0308
10,288;34,342
10,292;32,3253
10,296;29,9978
10,3;27,3797
10,304;24,4939
10,308;21,3666
10,312;18,0258
10,316;14,5023
10,32;10,8287
10,324;7,03904
10,328;3,16902
10,332;0,744788
10,336;4,66512
10,34;8,56796
10,344;12,4157
10,348;16,1711
10,352;19,7973
10,356;23,2588
10,36;26,5211
10,364;29,5515
10,368;32,3194
10,372;34,7963
10,376;36,9564
10,38;38,7769
10,384;40,2378
10,388;41,3227
10,392;42,0185
10,396;42,3159
10,4;42,2092
10,404;41,6967
10,408;40,7804
10,412;39,4664
10,416;37,7646
10,42;35,6885
10,424;33,2556
10,428;30,4866
10,432;27,4058
10,436;24,0408
10,44;20,4217
10,444;16,5816
10,448;12,5558
10,452;8,38163
10,456;4,0982
10,46;0,254164
10,464;4,63415
10,468;8,9999
10,472;13,323
10,476;17,5616
10,48;21,6745
10,484;25,6213
10,488;29,3629
10,492;32,8621
10,496;36,0835
10,5;38,9943
10,504;41,5644
10,508;43,7668
10,512;45,5778
10,516;46,9772
10,52;47,9488
10,524;48,4803
10,528;48,5635
10,532;48,1946
10,536;47,3739
10,54;46,1062
10,544;44,4005
10,548;42,2703
10,552;39,7329
10,556;36,81
10,56;33,5269
10,564;29,9126
10,568;25,9996
10,572;21,8233
10,576;17,422
10,58;12,8364
10,584;8,10927
10,588;3,28497
10,592;1,59086
10,596;6,47175
10,6;11,3245
10,604;16,1022
10,608;20,7587
10,612;25,2482
10,616;29,5266
10,62;33,5513
10,624;37,2819
10,628;40,6807
10,632;43,7125
10,636;46,3459
10,64;48,5527
10,644;50,3088
10,648;51,5942
10,652;52,3934
10,656;52,6952
10,66;52,4934
10,664;51,7863
10,668;50,5773
10,672;48,8745
10,676;46,6908
10,68;44,0438
10,684;40,9558
10,688;37,4533
10,692;33,5671
10,696;29,3319
10,7;24,7857
10,704;19,9703
10,708;14,9298
10,712;9,71117
10,716;4,36325
10,72;1,06352
10,724;6,51759
10,728;11,9604
10,732;17,3395
10,736;22,603
10,74;27,6994
10,744;32,5788
10,748;37,1926
10,752;41,4949
10,756;45,4421
10,76;48,9938
10,764;52,1134
10,768;54,7677
10,772;56,9281
10,776;58,5705
10,78;59,6754
10,784;60,2286
10,788;60,2209
10,792;59,6485
10,796;58,5129
10,8;56,8212
10,804;54,5858
10,808;51,8243
10,812;48,5596
10,816;44,8195
10,82;40,6368
10,824;36,0483
10,828;31,0955
10,832;25,8233
10,836;20,28
10,84;14,5171
10,844;8,5884
10,848;2,54956
10,852;3,54215
10,856;9,62864
10,86;15,665
10,864;21,5929
10,868;27,3548
10,872;32,8941
10,876;38,1562
10,88;43,0885
10,884;47,6416
10,888;51,7689
10,892;55,428
10,896;58,5804
10,9;61,1925
10,904;63,2353
10,908;64,6854
10,912;65,5246
10,916;65,7407
10,92;65,3274
10,924;64,2841
10,928;62,6166
10,932;60,3365
10,936;57,4615
10,94;54,0151
10,944;50,0263
10,948;45,5297
10,952;40,565
10,956;35,1765
10,96;29,4131
10,964;23,3275
10,968;16,9759
10,972;10,4173
10,976;3,71345
10,98;3,07246
10,984;9,87581
10,988;16,645
10,992;23,3148
10,996;29,8204
11;36,0984
11,004;42,0868
11,008;47,7262
11,012;52,9599
11,016;57,735
11,02;62,0024
11,024;65,7176
11,028;68,8412
11,032;71,339
11,036;73,1827
11,04;74,3501
11,044;74,8253
11,048;74,599
11,052;73,6684
11,056;72,0376
11,06;69,7174
11,064;66,7253
11,068;63,0853
11,072;58,8279
11,076;53,9898
11,08;48,6132
11,084;42,7462
11,088;36,4416
11,092;29,7568
11,096;22,7536
11,1;15,4968
11,104;8,05438
11,108;0,496513
11,112;7,10506
11,116;14,6912
11,12;22,1891
11,124;29,526
11,128;36,6305
11,132;43,4327
11,136;49,8652
11,14;55,8637
11,144;61,3676
11,148;66,3207
11,152;70,6716
11,156;74,3742
11,16;77,3887
11,164;79,6813
11,168;81,2249
11,172;81,9996
11,176;81,9925
11,18;81,1984
11,184;79,6194
11,188;77,2653
11,192;74,1531
11,196;70,3077
11,2;65,7607
11,204;60,551
11,208;54,724
11,212;48,3314
11,216;41,4306
11,22;34,0843
11,224;26,36
11,228;18,3292
11,232;10,0669
11,236;1,65073
11,24;6,8395
11,244;15,3228
11,248;23,7313
11,252;31,9838
11,256;39,9999
11,26;47,701
11,264;55,0111
11,268;61,8571
11,272;68,1703
11,276;73,8863
11,28;78,9461
11,284;83,2966
11,288;86,891
11,292;89,6896
11,296;91,6602
11,3;92,7778
11,304;93,0261
11,308;92,3964
11,312;90,8889
11,316;88,5118
11,32;85,2821
11,324;81,2246
11,328;76,3728
11,332;70,7676
11,336;64,4576
11,34;57,4985
11,344;49,9527
11,348;41,8885
11,352;33,3797
11,356;24,5049
11,36;15,3468
11,364;5,99132
11,368;3,47306
11,372;12,9563
11,376;22,3809
11,38;31,6562
11,384;40,692
11,388;49,3999
11,392;57,6941
11,396;65,492
11,4;72,7154
11,404;79,2909
11,408;85,1509
11,412;90,2342
11,416;94,4866
11,42;97,8616
11,424;100,321
11,428;101,834
11,432;102,38
11,436;101,947
11,44;100,532
11,444;98,1431
11,448;94,7952
11,452;90,5142
11,456;85,3347
11,46;79,3002
11,464;72,4626
11,468;64,8821
11,472;56,6263
11,476;47,7698
11,48;38,3934
11,484;28,5835
11,488;18,4313
11,492;8,03193
11,496;2,51657
11,5;13,1139
11,504;23,6723
11,508;34,0902
11,512;44,2664
11,516;54,1017
11,52;63,4993
11,524;72,3659
11,528;80,6128
11,532;88,1564
11,536;94,9195
11,54;100,832
11,544;105,83
11,548;109,861
11,552;112,879
11,556;114,847
11,56;115,74
11,564;115,541
11,568;114,246
11,572;111,858
11,576;108,393
11,58;103,877
11,584;98,3457
11,588;91,8456
11,592;84,4322
11,596;76,1704
11,6;67,1334
11,604;57,4028
11,608;47,0671
11,612;36,2214
11,616;24,9662
11,62;13,4068
11,624;1,65196
11,628;10,1868
11,632;21,9963
11,636;33,6767
11,64;45,1148
11,644;56,1993
11,648;66,8213
11,652;76,8755
11,656;86,2615
11,66;94,8846
11,664;102,657
11,668;109,497
11,672;115,334
11,676;120,105
11,68;123,755
11,684;126,243
11,688;127,536
11,692;127,615
11,696;126,468
11,7;124,1
11,704;120,524
11,708;115,766
11,712;109,864
11,716;102,867
11,72;94,8335
11,724;85,8342
11,728;75,9486
11,732;65,2654
11,736;53,8818
11,74;41,902
11,744;29,4371
11,748;16,6033
11,752;3,52116
11,756;9,68534
11,76;22,8903
11,764;35,9805
11,768;48,8296
11,772;61,3124
11,776;73,3067
11,78;84,6938
11,784;95,3603
11,788;105,199
11,792;114,109
11,796;121,999
11,8;128,786
11,804;134,397
11,808;138,77
11,812;141,855
11,816;143,613
11,82;144,018
11,824;143,057
11,828;140,729
11,832;137,047
11,836;132,038
11,84;125,74
11,844;118,204
11,848;109,495
11,852;99,6881
11,856;88,8695
11,86;77,1362
11,864;64,5944
11,868;51,3591
11,872;37,5525
11,876;23,3031
11,88;8,74458
11,884;5,98531
11,888;20,7464
11,892;35,4108
11,896;49,837
11,9;63,8849
11,904;77,4171
11,908;90,3
11,912;102,405
11,916;113,612
11,92;123,805
11,924;132,881
11,928;140,744
11,932;147,311
11,936;152,509
11,94;156,279
11,944;158,575
11,948;159,365
11,952;158,631
11,956;156,368
11,96;152,589
11,964;147,319
11,968;140,599
11,972;132,482
11,976;123,037
11,98;112,346
11,984;100,502
11,988;87,611
11,992;73,7899
11,996;59,1648
