0,002;0
0,004;2,82843e-05
0,006;8,48151e-05
0,008;0,000169464
0,01;0,000282014
0,012;0,000422155
0,014;0,000589491
0,016;0,000783537
0,018;0,00100372
0,02;0,00124939
0,022;0,00151981
0,024;0,00181414
0,026;0,00213151
0,028;0,00247094
0,03;0,00283137
0,032;0,0032117
0,034;0,00361075
0,036;0,00402727
0,038;0,00445997
0,04;0,00490749
0,042;0,00536842
0,044;0,00584132
0,046;0,00632469
0,048;0,00681701
0,05;0,00731672
0,052;0,00782224
0,054;0,00833195
0,056;0,00884423
0,058;0,00935745
0,06;0,00986998
0,062;0,0103802
0,064;0,0108864
0,066;0,0113869
0,068;0,0118803
0,07;0,0123649
0,072;0,0128391
0,074;0,0133013
0,076;0,0137502
0,078;0,0141841
0,08;0,0146018
0,082;0,0150018
0,084;0,0153829
0,086;0,0157437
0,088;0,0160831
0,09;0,0163999
0,092;0,0166931
0,094;0,0169618
0,096;0,0172049
0,098;0,0174218
0,1;0,0176116
0,102;0,0177736
0,104;0,0179074
0,106;0,0180124
0,108;0,0180882
0,11;0,0181346
0,112;0,0181513
0,114;0,0181383
0,116;0,0180955
0,118;0,0180229
0,12;0,0179209
0,122;0,0177896
0,124;0,0176294
0,126;0,0174408
0,128;0,0172243
0,13;0,0169805
0,132;0,0167103
0,134;0,0164144
0,136;0,0160936
0,138;0,0157491
0,14;0,0153818
0,142;0,0149928
0,144;0,0145835
0,146;0,014155
0,148;0,0137087
0,15;0,013246
0,152;0,0127683
0,154;0,0122771
0,156;0,0117741
0,158;0,0112607
0,16;0,0107386
0,162;0,0102094
0,164;0,00967486
0,166;0,00913665
0,168;0,00859648
0,17;0,00805607
0,172;0,00751717
0,174;0,00698148
0,176;0,00645074
0,178;0,00592665
0,18;0,00541091
0,182;0,00490517
0,184;0,00441107
0,186;0,00393022
0,188;0,00346418
0,19;0,00301446
0,192;0,00258255
0,194;0,00216985
0,196;0,00177772
0,198;0,00140746
0,2;0,00106028
0,202;0,000737347
0,204;0,000439736
0,206;0,000168447
0,208;7,56042e-05
0,21;0,000291584
0,212;0,00047875
0,214;0,000636449
0,216;0,000764122
0,218;0,000861303
0,22;0,000927625
0,222;0,000962818
0,224;0,000966712
0,226;0,000939236
0,228;0,000880418
0,23;0,000790389
0,232;0,000669378
0,234;0,000517715
0,236;0,000335828
0,238;0,000124242
0,24;0,00011642
0,242;0,000385443
0,244;0,000682019
0,246;0,00100525
0,248;0,00135415
0,25;0,00172766
0,252;0,00212462
0,254;0,0025438
0,256;0,00298391
0,258;0,00344358
0,26;0,00392137
0,262;0,00441579
0,264;0,00492528
0,266;0,00544825
0,268;0,00598305
0,27;0,00652798
0,272;0,00708133
0,274;0,00764133
0,276;0,00820621
0,278;0,00877417
0,28;0,00934339
0,282;0,00991206
0,284;0,0104784
0,286;0,0110405
0,288;0,0115966
0,29;0,0121449
0,292;0,0126837
0,294;0,0132112
0,296;0,0137256
0,298;0,0142254
0,3;0,0147089
0,302;0,0151745
0,304;0,0156207
0,306;0,016046
0,308;0,0164491
0,31;0,0168286
0,312;0,0171832
0,314;0,0175117
0,316;0,0178131
0,318;0,0180864
0,32;0,0183306
0,322;0,0185449
0,324;0,0187285
0,326;0,0188808
0,328;0,0190012
0,33;0,0190894
0,332;0,0191449
0,334;0,0191676
0,336;0,0191572
0,338;0,0191138
0,34;0,0190374
0,342;0,0189283
0,344;0,0187867
0,346;0,0186129
0,348;0,0184076
0,35;0,0181713
0,352;0,0179046
0,354;0,0176085
0,356;0,0172837
0,358;0,0169313
0,36;0,0165524
0,362;0,016148
0,364;0,0157196
0,366;0,0152683
0,368;0,0147955
0,37;0,0143029
0,372;0,0137918
0,374;0,013264
0,376;0,0127209
0,378;0,0121645
0,38;0,0115964
0,382;0,0110183
0,384;0,0104323
0,386;0,00984002
0,388;0,00924345
0,39;0,00864447
0,392;0,008045
0,394;0,00744694
0,396;0,00685223
0,398;0,00626276
0,4;0,00568043
0,402;0,00510712
0,404;0,00454469
0,406;0,00399495
0,408;0,00345968
0,41;0,00294062
0,412;0,00243947
0,414;0,00195787
0,416;0,00149738
0,418;0,00105953
0,42;0,000645748
0,422;0,000257416
0,424;0,000104181
0,426;0,000437834
0,428;0,000742425
0,43;0,00101693
0,432;0,0012604
0,434;0,00147201
0,436;0,00165102
0,438;0,0017968
0,44;0,00190881
0,442;0,00198665
0,444;0,00202998
0,446;0,00203862
0,448;0,00201246
0,45;0,00195153
0,452;0,00185596
0,454;0,00172599
0,456;0,00156197
0,458;0,00136436
0,46;0,00113373
0,462;0,000870753
0,464;0,000576218
0,466;0,000251005
0,468;0,000103903
0,47;0,000487424
0,472;0,000898386
0,474;0,00133553
0,476;0,00179749
0,478;0,00228285
0,48;0,0027901
0,482;0,00331764
0,484;0,00386384
0,486;0,00442698
0,488;0,00500529
0,49;0,00559695
0,492;0,00620008
0,494;0,00681279
0,496;0,00743312
0,498;0,00805911
0,5;0,00868876
0,502;0,00932006
0,504;0,00995101
0,506;0,0105796
0,508;0,0112037
0,51;0,0118215
0,512;0,0124309
0,514;0,0130299
0,516;0,0136166
0,518;0,0141891
0,52;0,0147456
0,522;0,0152842
0,524;0,0158032
0,526;0,0163009
0,528;0,0167756
0,53;0,0172259
0,532;0,0176501
0,534;0,0180469
0,536;0,018415
0,538;0,0187531
0,54;0,0190601
0,542;0,019335
0,544;0,0195769
0,546;0,0197848
0,548;0,0199581
0,55;0,0200961
0,552;0,0201983
0,554;0,0202644
0,556;0,0202941
0,558;0,0202871
0,56;0,0202436
0,562;0,0201634
0,564;0,0200468
0,566;0,0198942
0,568;0,0197059
0,57;0,0194825
0,572;0,0192246
0,574;0,0189329
0,576;0,0186085
0,578;0,0182521
0,58;0,017865
0,582;0,0174483
0,584;0,0170032
0,586;0,0165312
0,588;0,0160337
0,59;0,0155122
0,592;0,0149684
0,594;0,014404
0,596;0,0138207
0,598;0,0132204
0,6;0,012605
0,602;0,0119763
0,604;0,0113364
0,606;0,0106874
0,608;0,0100312
0,61;0,00936998
0,612;0,00870583
0,614;0,00804085
0,616;0,00737719
0,618;0,00671697
0,62;0,00606231
0,622;0,00541531
0,624;0,00477806
0,626;0,00415261
0,628;0,00354099
0,63;0,00294518
0,632;0,00236712
0,634;0,00180869
0,636;0,00127171
0,638;0,000757949
0,64;0,000269085
0,642;0,000193269
0,644;0,000627583
0,646;0,00103241
0,648;0,00140641
0,65;0,00174833
0,652;0,002057
0,654;0,00233138
0,656;0,00257053
0,658;0,00277362
0,66;0,00293992
0,662;0,00306884
0,664;0,0031599
0,666;0,00321274
0,668;0,0032271
0,67;0,00320289
0,672;0,00314009
0,674;0,00303885
0,676;0,0028994
0,678;0,00272214
0,68;0,00250755
0,682;0,00225624
0,684;0,00196897
0,686;0,00164657
0,688;0,00129002
0,69;0,000900396
0,692;0,000478875
0,694;2,67499e-05
0,696;0,000454589
0,698;0,000963655
0,7;0,00149887
0,702;0,00205858
0,704;0,00264102
0,706;0,00324439
0,708;0,00386678
0,71;0,00450625
0,712;0,00516078
0,714;0,00582829
0,716;0,00650669
0,718;0,00719382
0,72;0,00788749
0,722;0,0085855
0,724;0,00928562
0,726;0,00998563
0,728;0,0106833
0,73;0,0113763
0,732;0,0120625
0,734;0,0127397
0,736;0,0134057
0,738;0,0140582
0,74;0,0146954
0,742;0,0153149
0,744;0,0159149
0,746;0,0164934
0,748;0,0170484
0,75;0,0175782
0,752;0,0180811
0,754;0,0185553
0,756;0,0189992
0,758;0,0194116
0,76;0,0197908
0,762;0,0201357
0,764;0,0204451
0,766;0,0207179
0,768;0,0209533
0,77;0,0211503
0,772;0,0213083
0,774;0,0214266
0,776;0,0215049
0,778;0,0215429
0,78;0,0215402
0,782;0,0214969
0,784;0,021413
0,786;0,0212887
0,788;0,0211244
0,79;0,0209204
0,792;0,0206774
0,794;0,020396
0,796;0,0200772
0,798;0,0197217
0,8;0,0193308
0,802;0,0189056
0,804;0,0184474
0,806;0,0179576
0,808;0,0174376
0,81;0,0168892
0,812;0,016314
0,814;0,0157138
0,816;0,0150905
0,818;0,0144461
0,82;0,0137824
0,822;0,0131018
0,824;0,0124062
0,826;0,0116979
0,828;0,0109791
0,83;0,0102521
0,832;0,00951927
0,834;0,00878288
0,836;0,00804529
0,838;0,00730887
0,84;0,00657596
0,842;0,00584893
0,844;0,00513011
0,846;0,00442182
0,848;0,00372633
0,85;0,00304591
0,852;0,00238276
0,854;0,00173903
0,856;0,00111682
0,858;0,00051815
0,86;5,50059e-05
0,862;0,000600772
0,864;0,00111735
0,866;0,00160303
0,868;0,00205621
0,87;0,00247536
0,872;0,0028591
0,874;0,00320611
0,876;0,00351524
0,878;0,0037854
0,88;0,00401567
0,882;0,00420524
0,884;0,00435342
0,886;0,00445966
0,888;0,00452354
0,89;0,00454479
0,892;0,00452324
0,894;0,0044589
0,896;0,00435188
0,898;0,00420246
0,9;0,00401102
0,902;0,00377811
0,904;0,00350438
0,906;0,00319065
0,908;0,00283784
0,91;0,002447
0,912;0,00201932
0,914;0,0015561
0,916;0,00105875
0,918;0,000528793
0,92;3,21267e-05
0,922;0,000622275
0,924;0,00123982
0,926;0,00188283
0,928;0,0025493
0,93;0,00323714
0,932;0,0039442
0,934;0,00466823
0,936;0,00540696
0,938;0,00615805
0,94;0,00691913
0,942;0,00768776
0,944;0,00846152
0,946;0,00923793
0,948;0,0100145
0,95;0,0107888
0,952;0,0115582
0,954;0,0123205
0,956;0,0130729
0,958;0,0138133
0,96;0,0145391
0,962;0,015248
0,964;0,0159377
0,966;0,0166061
0,968;0,0172508
0,97;0,0178697
0,972;0,018461
0,974;0,0190225
0,976;0,0195525
0,978;0,0200493
0,98;0,020511
0,982;0,0209363
0,984;0,0213237
0,986;0,0216718
0,988;0,0219795
0,99;0,0222458
0,992;0,0224696
0,994;0,0226503
0,996;0,0227871
0,998;0,0228795
1;0,0229271
1,002;0,0229297
1,004;0,0228873
1,006;0,0227998
1,008;0,0226675
1,01;0,0224907
1,012;0,0222699
1,014;0,0220057
1,016;0,0216988
1,018;0,0213503
1,02;0,020961
1,022;0,0205323
1,024;0,0200653
1,026;0,0195615
1,028;0,0190224
1,03;0,0184498
1,032;0,0178453
1,034;0,0172109
1,036;0,0165486
1,038;0,0158603
1,04;0,0151482
1,042;0,0144147
1,044;0,0136619
1,046;0,0128923
1,048;0,0121083
1,05;0,0113123
1,052;0,010507
1,054;0,00969477
1,056;0,00887833
1,058;0,00806023
1,06;0,0072431
1,062;0,00642956
1,064;0,0056222
1,066;0,00482363
1,068;0,00403641
1,07;0,0032631
1,072;0,00250618
1,074;0,00176812
1,076;0,0010513
1,078;0,000358068
1,08;0,000309321
1,082;0,000948682
1,084;0,00155792
1,086;0,00213502
1,088;0,00267808
1,09;0,00318531
1,092;0,003655
1,094;0,00408559
1,096;0,00447562
1,098;0,00482378
1,1;0,00512886
1,102;0,00538982
1,104;0,00560574
1,106;0,00577583
1,108;0,00589948
1,11;0,00597619
1,112;0,00600564
1,114;0,00598764
1,116;0,00592216
1,118;0,00580933
1,12;0,00564941
1,122;0,00544283
1,124;0,00519016
1,126;0,00489213
1,128;0,0045496
1,13;0,00416359
1,132;0,00373525
1,134;0,00326588
1,136;0,00275689
1,138;0,00220985
1,14;0,00162643
1,142;0,00100844
1,144;0,000357774
1,146;0,000323531
1,148;0,00103336
1,15;0,00176949
1,152;0,00252961
1,154;0,00331134
1,156;0,00411222
1,158;0,00492973
1,16;0,00576126
1,162;0,0066042
1,164;0,00745586
1,166;0,00831353
1,168;0,00917449
1,17;0,010036
1,172;0,0108952
1,174;0,0117495
1,176;0,0125961
1,178;0,0134322
1,18;0,0142552
1,182;0,0150624
1,184;0,0158512
1,186;0,016619
1,188;0,0173634
1,19;0,0180819
1,192;0,0187721
1,194;0,0194318
1,196;0,0200589
1,198;0,0206512
1,2;0,0212068
1,202;0,0217239
1,204;0,0222008
1,206;0,0226357
1,208;0,0230274
1,21;0,0233743
1,212;0,0236754
1,214;0,0239296
1,216;0,0241359
1,218;0,0242937
1,22;0,0244023
1,222;0,0244614
1,224;0,0244705
1,226;0,0244297
1,228;0,0243388
1,23;0,0241982
1,232;0,0240082
1,234;0,0237693
1,236;0,0234822
1,238;0,0231477
1,24;0,0227667
1,242;0,0223405
1,244;0,0218703
1,246;0,0213575
1,248;0,0208037
1,25;0,0202106
1,252;0,0195799
1,254;0,0189138
1,256;0,0182141
1,258;0,0174831
1,26;0,0167231
1,262;0,0159365
1,264;0,0151257
1,266;0,0142932
1,268;0,0134418
1,27;0,012574
1,272;0,0116926
1,274;0,0108005
1,276;0,00990041
1,278;0,00899525
1,28;0,00808791
1,282;0,00718128
1,284;0,00627826
1,286;0,00538175
1,288;0,00449462
1,29;0,00361974
1,292;0,00275993
1,294;0,00191797
1,296;0,00109658
1,298;0,000298438
1,3;0,000473868
1,302;0,00121782
1,304;0,00193097
1,306;0,00261099
1,308;0,00325564
1,31;0,0038628
1,312;0,00443044
1,314;0,00495668
1,316;0,00543976
1,318;0,00587804
1,32;0,00627005
1,322;0,00661445
1,324;0,00691003
1,326;0,00715577
1,328;0,00735079
1,33;0,00749437
1,332;0,00758594
1,334;0,00762513
1,336;0,00761171
1,338;0,00754562
1,34;0,00742697
1,342;0,00725606
1,344;0,00703332
1,346;0,00675937
1,348;0,006435
1,35;0,00606115
1,352;0,00563892
1,354;0,00516957
1,356;0,00465452
1,358;0,00409533
1,36;0,00349371
1,362;0,0028515
1,364;0,00217068
1,366;0,00145336
1,368;0,000701764
1,37;8,17628e-05
1,372;0,000894775
1,374;0,00173473
1,376;0,00259898
1,378;0,00348481
1,38;0,00438943
1,382;0,00530998
1,384;0,00624353
1,386;0,00718714
1,388;0,00813779
1,39;0,00909246
1,392;0,0100481
1,394;0,0110016
1,396;0,0119501
1,398;0,0128903
1,4;0,0138193
1,402;0,0147341
1,404;0,0156318
1,406;0,0165094
1,408;0,0173641
1,41;0,0181931
1,412;0,0189937
1,414;0,0197633
1,416;0,0204994
1,418;0,0211995
1,42;0,0218614
1,422;0,0224829
1,424;0,0230619
1,426;0,0235964
1,428;0,0240847
1,43;0,0245252
1,432;0,0249162
1,434;0,0252566
1,436;0,025545
1,438;0,0257805
1,44;0,0259623
1,442;0,0260896
1,444;0,0261619
1,446;0,0261789
1,448;0,0261405
1,45;0,0260466
1,452;0,0258975
1,454;0,0256935
1,456;0,0254352
1,458;0,0251234
1,46;0,0247588
1,462;0,0243426
1,464;0,023876
1,466;0,0233604
1,468;0,0227974
1,47;0,0221887
1,472;0,0215361
1,474;0,0208417
1,476;0,0201076
1,478;0,019336
1,48;0,0185294
1,482;0,0176903
1,484;0,0168213
1,486;0,0159251
1,488;0,0150046
1,49;0,0140626
1,492;0,0131022
1,494;0,0121263
1,496;0,0111381
1,498;0,0101407
1,5;0,0091372
1,502;0,00813093
1,504;0,00712504
1,506;0,00612275
1,508;0,00512729
1,51;0,00414185
1,512;0,00316959
1,514;0,00221367
1,516;0,00127716
1,518;0,000363095
1,52;0,000525551
1,522;0,00138589
1,524;0,00221511
1,526;0,00301051
1,528;0,00376948
1,53;0,00448952
1,532;0,00516825
1,534;0,00580342
1,536;0,00639293
1,538;0,00693479
1,54;0,00742719
1,542;0,00786846
1,544;0,00825709
1,546;0,00859173
1,548;0,00887123
1,55;0,00909457
1,552;0,00926094
1,554;0,00936971
1,556;0,00942041
1,558;0,00941277
1,56;0,00934672
1,562;0,00922234
1,564;0,00903995
1,566;0,00879999
1,568;0,00850315
1,57;0,00815026
1,572;0,00774234
1,574;0,0072806
1,576;0,00676642
1,578;0,00620134
1,58;0,00558708
1,582;0,00492551
1,584;0,00421866
1,586;0,0034687
1,588;0,00267796
1,59;0,00184889
1,592;0,000984074
1,594;8,62085e-05
1,596;0,000841893
1,598;0,00179732
1,6;0,00277706
1,602;0,00377802
1,604;0,00479706
1,606;0,00583092
1,608;0,00687634
1,61;0,00793
1,612;0,00898852
1,614;0,0100485
1,616;0,0111067
1,618;0,0121595
1,62;0,0132037
1,622;0,0142359
1,624;0,0152527
1,626;0,0162509
1,628;0,0172273
1,63;0,0181786
1,632;0,0191018
1,634;0,0199939
1,636;0,020852
1,638;0,0216732
1,64;0,0224549
1,642;0,0231944
1,644;0,0238895
1,646;0,0245376
1,648;0,0251367
1,65;0,0256848
1,652;0,02618
1,654;0,0266207
1,656;0,0270052
1,658;0,0273324
1,66;0,027601
1,662;0,02781
1,664;0,0279587
1,666;0,0280465
1,668;0,0280731
1,67;0,0280381
1,672;0,0279416
1,674;0,0277838
1,676;0,0275651
1,678;0,027286
1,68;0,0269474
1,682;0,0265503
1,684;0,0260957
1,686;0,025585
1,688;0,0250198
1,69;0,0244017
1,692;0,0237327
1,694;0,0230148
1,696;0,0222502
1,698;0,0214413
1,7;0,0205905
1,702;0,0197005
1,704;0,0187741
1,706;0,0178142
1,708;0,0168237
1,71;0,0158059
1,712;0,0147639
1,714;0,0137009
1,716;0,0126204
1,718;0,0115258
1,72;0,0104206
1,722;0,00930824
1,724;0,00819229
1,726;0,00707633
1,728;0,00596393
1,73;0,00485865
1,732;0,00376405
1,734;0,00268364
1,736;0,00162091
1,738;0,000579294
1,74;0,000437835
1,742;0,00142718
1,744;0,00238552
1,746;0,00330973
1,748;0,00419678
1,75;0,00504379
1,752;0,00584794
1,754;0,0066066
1,756;0,00731726
1,758;0,00797753
1,76;0,00858523
1,762;0,00913831
1,764;0,00963489
1,766;0,0100733
1,768;0,010452
1,77;0,0107696
1,772;0,0110252
1,774;0,0112176
1,776;0,0113462
1,778;0,0114104
1,78;0,01141
1,782;0,0113448
1,784;0,0112149
1,786;0,0110205
1,788;0,0107623
1,79;0,0104408
1,792;0,010057
1,794;0,0096121
1,796;0,00910729
1,798;0,0085441
1,8;0,00792424
1,802;0,00724958
1,804;0,00652218
1,806;0,00574426
1,808;0,00491823
1,81;0,00404663
1,812;0,00313217
1,814;0,00217769
1,816;0,00118619
1,818;0,000160748
1,82;0,000895404
1,822;0,00197895
1,824;0,00308646
1,826;0,00421445
1,828;0,00535935
1,83;0,00651751
1,832;0,00768527
1,834;0,0088589
1,836;0,0100347
1,838;0,0112088
1,84;0,0123775
1,842;0,0135371
1,844;0,0146838
1,846;0,015814
1,848;0,0169239
1,85;0,0180101
1,852;0,0190689
1,854;0,0200969
1,856;0,0210909
1,858;0,0220475
1,86;0,0229636
1,862;0,0238363
1,864;0,0246625
1,866;0,0254397
1,868;0,0261652
1,87;0,0268366
1,872;0,0274517
1,874;0,0280084
1,876;0,0285047
1,878;0,0289391
1,88;0,0293099
1,882;0,029616
1,884;0,0298561
1,886;0,0300294
1,888;0,0301352
1,89;0,0301731
1,892;0,0301427
1,894;0,0300442
1,896;0,0298776
1,898;0,0296434
1,9;0,0293421
1,902;0,0289747
1,904;0,0285422
1,906;0,0280458
1,908;0,027487
1,91;0,0268675
1,912;0,0261891
1,914;0,025454
1,916;0,0246643
1,918;0,0238225
1,92;0,0229312
1,922;0,0219931
1,924;0,0210112
1,926;0,0199885
1,928;0,0189282
1,93;0,0178337
1,932;0,0167083
1,934;0,0155556
1,936;0,0143793
1,938;0,0131831
1,94;0,0119707
1,942;0,010746
1,944;0,009513
1,946;0,00827549
1,948;0,00703748
1,95;0,00580293
1,952;0,00457578
1,954;0,00335999
1,956;0,00215945
1,958;0,000978054
1,96;0,000180396
1,962;0,00131215
1,964;0,00241353
1,966;0,00348096
1,968;0,00451096
1,97;0,00550016
1,972;0,00644532
1,974;0,00734334
1,976;0,00819125
1,978;0,00898625
1,98;0,00972569
1,982;0,0104071
1,984;0,0110282
1,986;0,0115869
1,988;0,0120813
1,99;0,0125096
1,992;0,0128704
1,994;0,0131625
1,996;0,0133846
1,998;0,0135361
2;0,0136163
2,002;0,0136247
2,004;0,0135613
2,006;0,0134261
2,008;0,0132194
2,01;0,0129417
2,012;0,0125938
2,014;0,0121766
2,016;0,0116915
2,018;0,0111397
2,02;0,010523
2,022;0,00984313
2,024;0,00910224
2,026;0,00830255
2,028;0,00744652
2,03;0,00653678
2,032;0,00557614
2,034;0,00456757
2,036;0,00351423
2,038;0,00241939
2,04;0,00128647
2,042;0,000119046
2,044;0,00107923
2,046;0,00230457
2,048;0,0035531
2,05;0,00482088
2,052;0,00610389
2,054;0,00739804
2,056;0,00869922
2,058;0,0100033
2,06;0,011306
2,062;0,0126033
2,064;0,013891
2,066;0,0151649
2,068;0,016421
2,07;0,0176551
2,072;0,0188633
2,074;0,0200417
2,076;0,0211865
2,078;0,0222938
2,08;0,0233602
2,082;0,0243821
2,084;0,0253562
2,086;0,0262792
2,088;0,0271482
2,09;0,0279602
2,092;0,0287125
2,094;0,0294026
2,096;0,0300282
2,098;0,0305871
2,1;0,0310776
2,102;0,0314977
2,104;0,0318462
2,106;0,0321216
2,108;0,0323231
2,11;0,0324498
2,112;0,0325012
2,114;0,032477
2,116;0,032377
2,118;0,0322016
2,12;0,0319511
2,122;0,0316261
2,124;0,0312276
2,126;0,0307568
2,128;0,0302149
2,13;0,0296036
2,132;0,0289247
2,134;0,0281803
2,136;0,0273726
2,138;0,0265041
2,14;0,0255774
2,142;0,0245954
2,144;0,0235612
2,146;0,0224779
2,148;0,021349
2,15;0,0201779
2,152;0,0189684
2,154;0,0177242
2,156;0,0164492
2,158;0,0151475
2,16;0,0138232
2,162;0,0124804
2,164;0,0111235
2,166;0,0097568
2,168;0,00838456
2,17;0,00701122
2,172;0,00564116
2,174;0,00427878
2,176;0,00292845
2,178;0,0015945
2,18;0,000281255
2,182;0,00100706
2,184;0,00226628
2,186;0,0034923
2,188;0,00468116
2,19;0,00582897
2,192;0,00693199
2,194;0,0079866
2,196;0,00898934
2,198;0,0099369
2,2;0,0108261
2,202;0,0116541
2,204;0,0124181
2,206;0,0131154
2,208;0,0137438
2,21;0,0143011
2,212;0,0147854
2,214;0,015195
2,216;0,0155285
2,218;0,0157846
2,22;0,0159624
2,222;0,0160611
2,224;0,0160804
2,226;0,01602
2,228;0,0158799
2,23;0,0156604
2,232;0,0153621
2,234;0,0149859
2,236;0,0145326
2,238;0,0140038
2,24;0,0134009
2,242;0,0127256
2,244;0,0119802
2,246;0,0111667
2,248;0,0102876
2,25;0,00934573
2,252;0,0083439
2,254;0,00728521
2,256;0,00617295
2,258;0,00501058
2,26;0,00380171
2,262;0,00255014
2,264;0,00125979
2,266;6,52803e-05
2,268;0,0014209
2,27;0,00280279
2,272;0,00420658
2,274;0,00562781
2,276;0,00706197
2,278;0,00850449
2,28;0,00995077
2,282;0,0113962
2,284;0,0128361
2,286;0,014266
2,288;0,0156811
2,29;0,017077
2,292;0,0184491
2,294;0,0197931
2,296;0,0211045
2,298;0,022379
2,3;0,0236127
2,302;0,0248013
2,304;0,0259412
2,306;0,0270284
2,308;0,0280594
2,31;0,0290308
2,312;0,0299395
2,314;0,0307823
2,316;0,0315565
2,318;0,0322594
2,32;0,0328887
2,322;0,0334422
2,324;0,033918
2,326;0,0343144
2,328;0,0346301
2,33;0,0348638
2,332;0,0350147
2,334;0,0350821
2,336;0,0350656
2,338;0,0349652
2,34;0,034781
2,342;0,0345134
2,344;0,0341632
2,346;0,0337313
2,348;0,0332189
2,35;0,0326276
2,352;0,031959
2,354;0,0312152
2,356;0,0303984
2,358;0,029511
2,36;0,0285559
2,362;0,0275359
2,364;0,0264542
2,366;0,025314
2,368;0,0241191
2,37;0,022873
2,372;0,0215796
2,374;0,0202431
2,376;0,0188676
2,378;0,0174574
2,38;0,016017
2,382;0,014551
2,384;0,0130639
2,386;0,0115606
2,388;0,0100457
2,39;0,00852414
2,392;0,00700075
2,394;0,00548039
2,396;0,00396795
2,398;0,00246826
2,4;0,000986167
2,402;0,000473568
2,404;0,00190623
2,406;0,00330718
2,408;0,00467187
2,41;0,00599589
2,412;0,0072749
2,414;0,00850473
2,416;0,00968136
2,418;0,0108009
2,42;0,0118597
2,422;0,0128543
2,424;0,0137813
2,426;0,0146376
2,428;0,0154204
2,43;0,016127
2,432;0,0167551
2,434;0,0173024
2,436;0,0177671
2,438;0,0181476
2,44;0,0184424
2,442;0,0186504
2,444;0,0187709
2,446;0,0188032
2,448;0,0187471
2,45;0,0186027
2,452;0,0183702
2,454;0,0180502
2,456;0,0176435
2,458;0,0171513
2,46;0,0165751
2,462;0,0159164
2,464;0,0151773
2,466;0,01436
2,468;0,0134669
2,47;0,0125007
2,472;0,0114645
2,474;0,0103614
2,476;0,00919473
2,478;0,00796821
2,48;0,00668562
2,482;0,00535095
2,484;0,00396839
2,486;0,00254226
2,488;0,00107705
2,49;0,000422624
2,492;0,00195203
2,494;0,00350633
2,496;0,0050806
2,498;0,00666983
2,5;0,00826896
2,502;0,00987291
2,504;0,0114765
2,506;0,0130747
2,508;0,0146623
2,51;0,0162343
2,512;0,0177855
2,514;0,019311
2,516;0,0208058
2,518;0,0222651
2,52;0,0236842
2,522;0,0250584
2,524;0,0263832
2,526;0,0276544
2,528;0,0288678
2,53;0,0300194
2,532;0,0311053
2,534;0,032122
2,536;0,033066
2,538;0,0339344
2,54;0,034724
2,542;0,0354323
2,544;0,0360567
2,546;0,0365953
2,548;0,0370461
2,55;0,0374074
2,552;0,037678
2,554;0,0378568
2,556;0,037943
2,558;0,0379363
2,56;0,0378365
2,562;0,0376437
2,564;0,0373584
2,566;0,0369813
2,568;0,0365134
2,57;0,0359561
2,572;0,0353109
2,574;0,0345799
2,576;0,0337651
2,578;0,032869
2,58;0,0318944
2,582;0,0308441
2,584;0,0297215
2,586;0,02853
2,588;0,0272732
2,59;0,0259551
2,592;0,0245798
2,594;0,0231515
2,596;0,0216747
2,598;0,0201542
2,6;0,0185945
2,602;0,0170008
2,604;0,0153779
2,606;0,0137311
2,608;0,0120656
2,61;0,0103866
2,612;0,00869958
2,614;0,00700983
2,616;0,00532277
2,618;0,00364381
2,62;0,00197835
2,622;0,000331729
2,624;0,00129074
2,626;0,00288383
2,628;0,00444237
2,63;0,00596133
2,632;0,00743576
2,634;0,00886087
2,636;0,010232
2,638;0,0115446
2,64;0,0127945
2,642;0,0139775
2,644;0,0150897
2,646;0,0161274
2,648;0,0170871
2,65;0,0179657
2,652;0,0187601
2,654;0,0194677
2,656;0,020086
2,658;0,020613
2,66;0,0210466
2,662;0,0213855
2,664;0,0216282
2,666;0,021774
2,668;0,021822
2,67;0,021772
2,672;0,0216239
2,674;0,0213781
2,676;0,0210352
2,678;0,020596
2,68;0,0200618
2,682;0,0194341
2,684;0,0187148
2,686;0,0179059
2,688;0,01701
2,69;0,0160297
2,692;0,0149679
2,694;0,013828
2,696;0,0126135
2,698;0,011328
2,7;0,00997558
2,702;0,00856044
2,704;0,00708699
2,706;0,00555982
2,708;0,00398372
2,71;0,00236365
2,712;0,000704706
2,714;0,000987873
2,716;0,00270873
2,718;0,00445243
2,72;0,00621341
2,722;0,00798608
2,724;0,00976478
2,726;0,0115438
2,728;0,0133176
2,73;0,0150803
2,732;0,0168263
2,734;0,01855
2,736;0,0202459
2,738;0,0219084
2,74;0,0235323
2,742;0,0251121
2,744;0,0266428
2,746;0,0281194
2,748;0,029537
2,75;0,0308911
2,752;0,0321771
2,754;0,0333908
2,756;0,0345282
2,758;0,0355856
2,76;0,0365593
2,762;0,0374462
2,764;0,0382431
2,766;0,0389475
2,768;0,0395568
2,77;0,0400689
2,772;0,0404821
2,774;0,0407948
2,776;0,0410058
2,778;0,0411143
2,78;0,0411197
2,782;0,0410218
2,784;0,0408207
2,786;0,040517
2,788;0,0401112
2,79;0,0396047
2,792;0,0389988
2,794;0,0382952
2,796;0,037496
2,798;0,0366037
2,8;0,0356208
2,802;0,0345504
2,804;0,0333957
2,806;0,0321603
2,808;0,030848
2,81;0,0294627
2,812;0,0280089
2,814;0,026491
2,816;0,0249139
2,818;0,0232823
2,82;0,0216014
2,822;0,0198766
2,824;0,0181133
2,826;0,0163169
2,828;0,0144933
2,83;0,0126482
2,832;0,0107875
2,834;0,00891704
2,836;0,00704284
2,838;0,0051709
2,84;0,0033072
2,842;0,00145772
2,844;0,000371594
2,846;0,00217485
2,848;0,00394622
2,85;0,00567999
2,852;0,00737054
2,854;0,00901237
2,856;0,0106001
2,858;0,0121287
2,86;0,013593
2,862;0,0149882
2,864;0,0163098
2,866;0,0175534
2,868;0,0187149
2,87;0,0197903
2,872;0,0207761
2,874;0,0216691
2,876;0,022466
2,878;0,0231643
2,88;0,0237615
2,882;0,0242554
2,884;0,0246444
2,886;0,024927
2,888;0,025102
2,89;0,0251688
2,892;0,0251268
2,894;0,0249761
2,896;0,0247169
2,898;0,0243498
2,9;0,0238759
2,902;0,0232963
2,904;0,0226129
2,906;0,0218275
2,908;0,0209426
2,91;0,0199607
2,912;0,0188848
2,914;0,0177181
2,916;0,0164643
2,918;0,0151272
2,92;0,013711
2,922;0,0122199
2,924;0,0106586
2,926;0,00903203
2,928;0,00734524
2,93;0,00560352
2,932;0,00381232
2,934;0,0019773
2,936;0,000104241
2,938;0,00180093
2,94;0,00373218
2,942;0,00568338
2,944;0,00764832
2,946;0,00962073
2,948;0,0115943
2,95;0,0135628
2,952;0,0155198
2,954;0,0174591
2,956;0,0193744
2,958;0,0212596
2,96;0,0231086
2,962;0,0249153
2,964;0,026674
2,966;0,0283789
2,968;0,0300244
2,97;0,0316053
2,972;0,0331162
2,974;0,0345522
2,976;0,0359087
2,978;0,037181
2,98;0,0383651
2,982;0,0394568
2,984;0,0404527
2,986;0,0413492
2,988;0,0421433
2,99;0,0428324
2,992;0,043414
2,994;0,043886
2,996;0,0442467
2,998;0,0444949
3;0,0446293
3,002;0,0446495
3,004;0,0445552
3,006;0,0443464
3,008;0,0440235
3,01;0,0435875
3,012;0,0430395
3,014;0,042381
3,016;0,0416139
3,018;0,0407405
3,02;0,0397634
3,022;0,0386855
3,024;0,0375101
3,026;0,0362408
3,028;0,0348814
3,03;0,0334361
3,032;0,0319094
3,034;0,0303061
3,036;0,028631
3,038;0,0268895
3,04;0,025087
3,042;0,0232291
3,044;0,0213217
3,046;0,0193708
3,048;0,0173826
3,05;0,0153633
3,052;0,0133194
3,054;0,0112573
3,056;0,00918357
3,058;0,00710491
3,06;0,00502792
3,062;0,00295924
3,064;0,000905524
3,066;0,00112664
3,068;0,00313071
3,07;0,00510022
3,072;0,0070288
3,074;0,00891021
3,076;0,0107383
3,078;0,0125072
3,08;0,0142111
3,082;0,0158444
3,084;0,0174018
3,086;0,0188781
3,088;0,0202684
3,09;0,0215682
3,092;0,0227732
3,094;0,0238792
3,096;0,0248826
3,098;0,02578
3,1;0,0265682
3,102;0,0272446
3,104;0,0278069
3,106;0,0282529
3,108;0,028581
3,11;0,02879
3,112;0,028879
3,114;0,0288475
3,116;0,0286953
3,118;0,0284227
3,12;0,0280303
3,122;0,0275193
3,124;0,0268909
3,126;0,0261471
3,128;0,0252899
3,13;0,0243219
3,132;0,0232459
3,134;0,0220653
3,136;0,0207836
3,138;0,0194047
3,14;0,0179329
3,142;0,0163726
3,144;0,0147287
3,146;0,0130064
3,148;0,0112109
3,15;0,00934796
3,152;0,00742332
3,154;0,00544304
3,156;0,00341336
3,158;0,00134069
3,16;0,000768421
3,162;0,0029073
3,164;0,00506915
3,166;0,0072471
3,168;0,0094342
3,17;0,0116235
3,172;0,013808
3,174;0,0159806
3,176;0,0181344
3,178;0,0202625
3,18;0,0223581
3,182;0,0244143
3,184;0,0264244
3,186;0,0283821
3,188;0,0302809
3,19;0,0321146
3,192;0,0338772
3,194;0,035563
3,196;0,0371665
3,198;0,0386822
3,2;0,0401054
3,202;0,0414311
3,204;0,042655
3,206;0,0437729
3,208;0,0447812
3,21;0,0456763
3,212;0,0464553
3,214;0,0471153
3,216;0,047654
3,218;0,0480696
3,22;0,0483604
3,222;0,0485252
3,224;0,0485634
3,226;0,0484745
3,228;0,0482587
3,23;0,0479162
3,232;0,0474481
3,234;0,0468556
3,236;0,0461403
3,238;0,0453043
3,24;0,0443501
3,242;0,0432804
3,244;0,0420986
3,246;0,0408081
3,248;0,0394128
3,25;0,0379172
3,252;0,0363257
3,254;0,0346433
3,256;0,0328751
3,258;0,0310268
3,26;0,029104
3,262;0,0271127
3,264;0,0250593
3,266;0,0229501
3,268;0,0207918
3,27;0,0185913
3,272;0,0163554
3,274;0,0140913
3,276;0,0118062
3,278;0,00950728
3,28;0,00720196
3,282;0,00489758
3,284;0,00260151
3,286;0,000321107
3,288;0,00193629
3,29;0,00416343
3,292;0,00635311
3,294;0,00849827
3,296;0,0105919
3,298;0,0126274
3,3;0,0145979
3,302;0,0164971
3,304;0,0183188
3,306;0,0200569
3,308;0,0217059
3,31;0,0232601
3,312;0,0247146
3,314;0,0260644
3,316;0,0273051
3,318;0,0284323
3,32;0,0294425
3,322;0,030332
3,324;0,0310978
3,326;0,0317373
3,328;0,0322481
3,33;0,0326284
3,332;0,0328767
3,334;0,032992
3,336;0,0329736
3,338;0,0328214
3,34;0,0325356
3,342;0,0321169
3,344;0,0315663
3,346;0,0308854
3,348;0,0300761
3,35;0,0291408
3,352;0,0280822
3,354;0,0269035
3,356;0,0256082
3,358;0,0242002
3,36;0,0226839
3,362;0,0210639
3,364;0,0193452
3,366;0,0175331
3,368;0,0156332
3,37;0,0136514
3,372;0,011594
3,374;0,00946738
3,376;0,00727819
3,378;0,00503334
3,38;0,00273991
3,382;0,000405145
3,384;0,00196356
3,386;0,00435868
3,388;0,00677262
3,39;0,00919767
3,392;0,0116261
3,394;0,0140501
3,396;0,016462
3,398;0,018854
3,4;0,0212184
3,402;0,0235477
3,404;0,0258342
3,406;0,0280705
3,408;0,0302495
3,41;0,0323641
3,412;0,0344073
3,414;0,0363726
3,416;0,0382534
3,418;0,0400435
3,42;0,0417372
3,422;0,0433287
3,424;0,0448129
3,426;0,0461847
3,428;0,0474395
3,43;0,0485732
3,432;0,0495818
3,434;0,050462
3,436;0,0512106
3,438;0,051825
3,44;0,052303
3,442;0,0526428
3,444;0,052843
3,446;0,0529029
3,448;0,0528218
3,45;0,0525998
3,452;0,0522374
3,454;0,0517354
3,456;0,0510953
3,458;0,0503187
3,46;0,0494079
3,462;0,0483656
3,464;0,0471949
3,466;0,0458992
3,468;0,0444826
3,47;0,0429492
3,472;0,0413038
3,474;0,0395515
3,476;0,0376976
3,478;0,0357479
3,48;0,0337084
3,482;0,0315856
3,484;0,029386
3,486;0,0271165
3,488;0,0247844
3,49;0,0223968
3,492;0,0199614
3,494;0,0174859
3,496;0,014978
3,498;0,0124459
3,5;0,00989746
3,502;0,0073409
3,504;0,00478435
3,506;0,00223601
3,508;0,000295964
3,51;0,00280343
3,512;0,00527832
3,514;0,00771266
3,516;0,0100986
3,518;0,0124283
3,52;0,0146944
3,522;0,0168894
3,524;0,0190062
3,526;0,0210378
3,528;0,0229775
3,53;0,0248191
3,532;0,0265565
3,534;0,0281838
3,536;0,0296957
3,538;0,031087
3,54;0,0323533
3,542;0,03349
3,544;0,0344935
3,546;0,0353601
3,548;0,0360869
3,55;0,0366714
3,552;0,0371112
3,554;0,0374049
3,556;0,0375511
3,558;0,0375492
3,56;0,0373988
3,562;0,0371002
3,564;0,036654
3,566;0,0360614
3,568;0,035324
3,57;0,0344439
3,572;0,0334237
3,574;0,0322663
3,576;0,0309752
3,578;0,0295543
3,58;0,0280079
3,582;0,0263407
3,584;0,0245578
3,586;0,0226647
3,588;0,0206673
3,59;0,0185717
3,592;0,0163845
3,594;0,0141125
3,596;0,0117629
3,598;0,00934287
3,6;0,00686017
3,602;0,00432261
3,604;0,00173819
3,606;0,000884902
3,608;0,00353834
3,61;0,00621369
3,612;0,00890244
3,614;0,011596
3,616;0,0142858
3,618;0,0169631
3,62;0,0196195
3,622;0,0222463
3,624;0,0248351
3,626;0,0273776
3,628;0,0298655
3,63;0,0322907
3,632;0,0346454
3,634;0,036922
3,636;0,0391129
3,638;0,041211
3,64;0,0432095
3,642;0,0451017
3,644;0,0468814
3,646;0,0485427
3,648;0,05008
3,65;0,0514882
3,652;0,0527626
3,654;0,0538988
3,656;0,054893
3,658;0,0557416
3,66;0,0564417
3,662;0,0569908
3,664;0,0573868
3,666;0,0576282
3,668;0,0577139
3,67;0,0576434
3,672;0,0574166
3,674;0,0570339
3,676;0,0564963
3,678;0,0558052
3,68;0,0549625
3,682;0,0539706
3,684;0,0528324
3,686;0,0515514
3,688;0,0501313
3,69;0,0485763
3,692;0,0468914
3,694;0,0450815
3,696;0,0431522
3,698;0,0411096
3,7;0,0389598
3,702;0,0367097
3,704;0,0343662
3,706;0,0319366
3,708;0,0294286
3,71;0,02685
3,712;0,0242089
3,714;0,0215138
3,716;0,018773
3,718;0,0159954
3,72;0,0131896
3,722;0,0103647
3,724;0,00752968
3,726;0,00469352
3,728;0,00186533
3,73;0,000945828
3,732;0,00373092
3,734;0,00648098
3,736;0,00918716
3,738;0,0118407
3,74;0,014433
3,742;0,0169557
3,744;0,0194006
3,746;0,0217596
3,748;0,0240252
3,75;0,0261898
3,752;0,0282463
3,754;0,0301881
3,756;0,0320085
3,758;0,0337017
3,76;0,0352619
3,762;0,0366838
3,764;0,0379628
3,766;0,0390944
3,768;0,0400747
3,77;0,0409003
3,772;0,0415683
3,774;0,0420762
3,776;0,0424221
3,778;0,0426047
3,78;0,042623
3,782;0,0424766
3,784;0,0421658
3,786;0,0416911
3,788;0,0410539
3,79;0,0402558
3,792;0,0392992
3,794;0,0381867
3,796;0,0369216
3,798;0,0355078
3,8;0,0339494
3,802;0,0322512
3,804;0,0304183
3,806;0,0284564
3,808;0,0263714
3,81;0,0241699
3,812;0,0218587
3,814;0,0194449
3,816;0,0169361
3,818;0,0143402
3,82;0,0116652
3,822;0,00891961
3,824;0,00611208
3,826;0,00325146
3,828;0,000346814
3,83;0,00259265
3,832;0,00555758
3,834;0,00853856
3,836;0,0115261
3,838;0,0145105
3,84;0,0174824
3,842;0,0204322
3,844;0,0233504
3,846;0,0262276
3,848;0,0290545
3,85;0,031822
3,852;0,0345212
3,854;0,0371432
3,856;0,0396795
3,858;0,0421218
3,86;0,0444622
3,862;0,046693
3,864;0,0488068
3,866;0,0507967
3,868;0,052656
3,87;0,0543786
3,872;0,0559586
3,874;0,0573908
3,876;0,0586704
3,878;0,0597928
3,88;0,0607543
3,882;0,0615515
3,884;0,0621815
3,886;0,0626419
3,888;0,062931
3,89;0,0630476
3,892;0,062991
3,894;0,0627609
3,896;0,0623579
3,898;0,0617828
3,9;0,0610373
3,902;0,0601233
3,904;0,0590435
3,906;0,057801
3,908;0,0563996
3,91;0,0548433
3,912;0,0531369
3,914;0,0512856
3,916;0,049295
3,918;0,0471712
3,92;0,0449208
3,922;0,0425507
3,924;0,0400683
3,926;0,0374814
3,928;0,0347979
3,93;0,0320264
3,932;0,0291755
3,934;0,0262543
3,936;0,0232718
3,938;0,0202376
3,94;0,0171612
3,942;0,0140525
3,944;0,0109212
3,946;0,00777751
3,948;0,00463131
3,95;0,0014927
3,952;0,00162826
3,954;0,00472155
3,956;0,00777723
3,958;0,0107854
3,96;0,0137365
3,962;0,0166208
3,964;0,019429
3,966;0,0221519
3,968;0,0247809
3,97;0,0273071
3,972;0,0297224
3,974;0,0320187
3,976;0,0341887
3,978;0,036225
3,98;0,0381209
3,982;0,03987
3,984;0,0414666
3,986;0,0429051
3,988;0,0441808
3,99;0,0452892
3,992;0,0462264
3,994;0,0469892
3,996;0,0475748
3,998;0,0479809
4;0,0482059
4,002;0,0482489
4,004;0,0481092
4,006;0,047787
4,008;0,0472831
4,01;0,0465986
4,012;0,0457354
4,014;0,044696
4,016;0,0434833
4,018;0,042101
4,02;0,040553
4,022;0,0388441
4,024;0,0369794
4,026;0,0349647
4,028;0,032806
4,03;0,03051
4,032;0,0280838
4,034;0,0255349
4,036;0,0228713
4,038;0,0201012
4,04;0,0172333
4,042;0,0142767
4,044;0,0112406
4,046;0,0081345
4,048;0,00496833
4,05;0,00175208
4,052;0,00150407
4,054;0,00478978
4,056;0,00809457
4,058;0,0114079
4,06;0,0147192
4,062;0,0180179
4,064;0,0212933
4,066;0,0245351
4,068;0,0277326
4,07;0,0308756
4,072;0,033954
4,074;0,0369578
4,076;0,0398772
4,078;0,0427027
4,08;0,0454252
4,082;0,0480356
4,084;0,0505255
4,086;0,0528866
4,088;0,0551112
4,09;0,0571919
4,092;0,0591217
4,094;0,0608942
4,096;0,0625035
4,098;0,063944
4,1;0,0652109
4,102;0,0662998
4,104;0,0672068
4,106;0,0679287
4,108;0,0684629
4,11;0,0688073
4,112;0,0689604
4,114;0,0689215
4,116;0,0686901
4,118;0,0682669
4,12;0,0676527
4,122;0,0668491
4,124;0,0658584
4,126;0,0646834
4,128;0,0633275
4,13;0,0617946
4,132;0,0600895
4,134;0,0582172
4,136;0,0561834
4,138;0,0539943
4,14;0,0516566
4,142;0,0491775
4,144;0,0465647
4,146;0,0438263
4,148;0,0409708
4,15;0,0380072
4,152;0,0349447
4,154;0,031793
4,156;0,0285619
4,158;0,0252617
4,16;0,0219027
4,162;0,0184957
4,164;0,0150515
4,166;0,0115809
4,168;0,00809503
4,17;0,00460507
4,172;0,00112214
4,174;0,0023426
4,176;0,00577803
4,178;0,0091731
4,18;0,0125169
4,182;0,0157985
4,184;0,0190075
4,186;0,0221333
4,188;0,0251659
4,19;0,0280953
4,192;0,030912
4,194;0,0336067
4,196;0,0361707
4,198;0,0385954
4,2;0,0408728
4,202;0,0429954
4,204;0,0449561
4,206;0,0467483
4,208;0,048366
4,21;0,0498037
4,212;0,0510563
4,214;0,0521197
4,216;0,05299
4,218;0,053664
4,22;0,0541393
4,222;0,0544139
4,224;0,0544867
4,226;0,0543569
4,228;0,0540247
4,23;0,0534907
4,232;0,0527562
4,234;0,0518233
4,236;0,0506945
4,238;0,0493731
4,24;0,047863
4,242;0,0461685
4,244;0,0442949
4,246;0,0422478
4,248;0,0400334
4,25;0,0376584
4,252;0,0351303
4,254;0,0324567
4,256;0,0296459
4,258;0,0267068
4,26;0,0236484
4,262;0,0204804
4,264;0,0172126
4,266;0,0138554
4,268;0,0104193
4,27;0,00691513
4,272;0,00335401
4,274;0,000252764
4,276;0,00389375
4,278;0,00755736
4,28;0,0112319
4,282;0,0149057
4,284;0,0185668
4,286;0,0222037
4,288;0,0258047
4,29;0,029358
4,292;0,0328523
4,294;0,0362763
4,296;0,0396189
4,298;0,0428693
4,3;0,0460168
4,302;0,0490512
4,304;0,0519626
4,306;0,0547414
4,308;0,0573785
4,31;0,0598653
4,312;0,0621933
4,314;0,064355
4,316;0,0663431
4,318;0,0681509
4,32;0,0697723
4,322;0,0712016
4,324;0,0724341
4,326;0,0734654
4,328;0,0742919
4,33;0,0749104
4,332;0,0753186
4,334;0,0755149
4,336;0,0754981
4,338;0,0752681
4,34;0,074825
4,342;0,0741699
4,344;0,0733046
4,346;0,0722313
4,348;0,0709532
4,35;0,0694739
4,352;0,0677979
4,354;0,06593
4,356;0,063876
4,358;0,061642
4,36;0,0592349
4,362;0,056662
4,364;0,0539313
4,366;0,0510512
4,368;0,0480306
4,37;0,044879
4,372;0,0416061
4,374;0,0382224
4,376;0,0347382
4,378;0,0311647
4,38;0,027513
4,382;0,0237948
4,384;0,0200218
4,386;0,016206
4,388;0,0123594
4,39;0,00849446
4,392;0,00462336
4,394;0,000758531
4,396;0,00308766
4,398;0,00690286
4,4;0,0106748
4,402;0,0143914
4,404;0,0180405
4,406;0,0216105
4,408;0,0250896
4,41;0,0284667
4,412;0,0317308
4,414;0,0348711
4,416;0,0378774
4,418;0,0407398
4,42;0,0434489
4,422;0,0459957
4,424;0,0483718
4,426;0,0505693
4,428;0,0525808
4,43;0,0543994
4,432;0,0560192
4,434;0,0574344
4,436;0,0586401
4,438;0,0596322
4,44;0,060407
4,442;0,0609617
4,444;0,0612941
4,446;0,0614026
4,448;0,0612866
4,45;0,060946
4,452;0,0603814
4,454;0,0595943
4,456;0,0585867
4,458;0,0573614
4,46;0,0559221
4,462;0,0542728
4,464;0,0524185
4,466;0,0503647
4,468;0,0481176
4,47;0,045684
4,472;0,0430715
4,474;0,0402879
4,476;0,0373419
4,478;0,0342427
4,48;0,0309998
4,482;0,0276234
4,484;0,024124
4,486;0,0205126
4,488;0,0168005
4,49;0,0129995
4,492;0,00912146
4,494;0,00517872
4,496;0,00118376
4,498;0,00285072
4,5;0,0069119
4,502;0,0109868
4,504;0,0150625
4,506;0,0191258
4,508;0,0231639
4,51;0,0271636
4,512;0,0311121
4,514;0,0349968
4,516;0,0388049
4,518;0,0425243
4,52;0,0461429
4,522;0,0496488
4,524;0,0530307
4,526;0,0562775
4,528;0,0593785
4,53;0,0623236
4,532;0,0651031
4,534;0,0677077
4,536;0,0701288
4,538;0,0723582
4,54;0,0743886
4,542;0,076213
4,544;0,0778252
4,546;0,0792196
4,548;0,0803915
4,55;0,0813365
4,552;0,0820514
4,554;0,0825333
4,556;0,0827802
4,558;0,082791
4,56;0,0825652
4,562;0,0821031
4,564;0,0814056
4,566;0,0804746
4,568;0,0793126
4,57;0,077923
4,572;0,0763097
4,574;0,0744775
4,576;0,0724318
4,578;0,0701788
4,58;0,0677253
4,582;0,0650788
4,584;0,0622473
4,586;0,0592397
4,588;0,0560652
4,59;0,0527337
4,592;0,0492554
4,594;0,0456413
4,596;0,0419028
4,598;0,0380514
4,6;0,0340994
4,602;0,0300591
4,604;0,0259434
4,606;0,0217653
4,608;0,017538
4,61;0,013275
4,612;0,00898987
4,614;0,00469623
4,616;0,000407832
4,618;0,00386159
4,62;0,00809834
4,622;0,0122888
4,624;0,0164195
4,626;0,020477
4,628;0,0244484
4,63;0,0283206
4,632;0,0320811
4,634;0,0357177
4,636;0,0392185
4,638;0,0425721
4,64;0,0457674
4,642;0,048794
4,644;0,0516417
4,646;0,0543013
4,648;0,0567637
4,65;0,0590208
4,652;0,061065
4,654;0,0628893
4,656;0,0644875
4,658;0,0658541
4,66;0,0669841
4,662;0,0678737
4,664;0,0685194
4,666;0,0689187
4,668;0,06907
4,67;0,0689723
4,672;0,0686254
4,674;0,06803
4,676;0,0671874
4,678;0,0661
4,68;0,0647708
4,682;0,0632036
4,684;0,0614028
4,686;0,059374
4,688;0,0571231
4,69;0,0546569
4,692;0,0519829
4,694;0,0491093
4,696;0,0460449
4,698;0,0427991
4,7;0,039382
4,702;0,0358043
4,704;0,032077
4,706;0,0282119
4,708;0,0242209
4,71;0,0201167
4,712;0,0159122
4,714;0,0116207
4,716;0,00725563
4,718;0,00283094
4,72;0,00163935
4,722;0,00614102
4,724;0,0106597
4,726;0,015181
4,728;0,0196905
4,73;0,0241737
4,732;0,0286161
4,734;0,0330036
4,736;0,0373219
4,738;0,0415571
4,74;0,0456956
4,742;0,0497238
4,744;0,0536287
4,746;0,0573976
4,748;0,0610181
4,75;0,0644784
4,752;0,0677671
4,754;0,0708734
4,756;0,073787
4,758;0,0764982
4,76;0,0789979
4,762;0,0812778
4,764;0,0833301
4,766;0,0851479
4,768;0,0867249
4,77;0,0880556
4,772;0,0891353
4,774;0,0899601
4,776;0,0905268
4,778;0,0908332
4,78;0,0908778
4,782;0,0906599
4,784;0,0901798
4,786;0,0894385
4,788;0,0884379
4,79;0,0871807
4,792;0,0856705
4,794;0,0839116
4,796;0,0819091
4,798;0,0796692
4,8;0,0771983
4,802;0,0745041
4,804;0,0715948
4,806;0,0684792
4,808;0,0651669
4,81;0,0616683
4,812;0,057994
4,814;0,0541555
4,816;0,0501649
4,818;0,0460346
4,82;0,0417776
4,822;0,0374072
4,824;0,0329372
4,826;0,0283818
4,828;0,0237553
4,83;0,0190725
4,832;0,0143482
4,834;0,00959741
4,836;0,00483534
4,838;7,71965e-05
4,84;0,0046618
4,842;0,00936643
4,844;0,0140216
4,846;0,0186123
4,848;0,0231237
4,85;0,0275413
4,852;0,0318507
4,854;0,0360379
4,856;0,0400893
4,858;0,0439918
4,86;0,0477324
4,862;0,0512991
4,864;0,0546799
4,866;0,0578638
4,868;0,0608401
4,87;0,0635991
4,872;0,0661314
4,874;0,0684286
4,876;0,0704827
4,878;0,0722869
4,88;0,0738348
4,882;0,0751211
4,884;0,0761411
4,886;0,0768911
4,888;0,0773681
4,89;0,0775701
4,892;0,0774961
4,894;0,0771456
4,896;0,0765193
4,898;0,0756187
4,9;0,0744462
4,902;0,0730049
4,904;0,0712991
4,906;0,0693336
4,908;0,0671143
4,91;0,0646478
4,912;0,0619416
4,914;0,0590038
4,916;0,0558435
4,918;0,0524702
4,92;0,0488945
4,922;0,0451273
4,924;0,0411804
4,926;0,0370661
4,928;0,0327972
4,93;0,0283871
4,932;0,0238497
4,934;0,0191992
4,936;0,0144503
4,938;0,00961794
4,94;0,00471755
4,942;0,000235372
4,944;0,00522507
4,946;0,0102356
4,948;0,0152511
4,95;0,0202554
4,952;0,0252325
4,954;0,0301665
4,956;0,0350414
4,958;0,0398415
4,96;0,0445514
4,962;0,0491558
4,964;0,0536398
4,966;0,0579888
4,968;0,0621887
4,97;0,0662256
4,972;0,0700865
4,974;0,0737586
4,976;0,0772298
4,978;0,0804886
4,98;0,0835242
4,982;0,0863265
4,984;0,0888861
4,986;0,0911942
4,988;0,0932432
4,99;0,0950259
4,992;0,0965361
4,994;0,0977685
4,996;0,0987187
4,998;0,099383
5;0,0997588
5,002;0,0998443
5,004;0,0996388
5,006;0,0991423
5,008;0,098356
5,01;0,0972817
5,012;0,0959224
5,014;0,0942819
5,016;0,0923649
5,018;0,0901771
5,02;0,0877249
5,022;0,0850157
5,024;0,0820576
5,026;0,0788598
5,028;0,0754319
5,03;0,0717845
5,032;0,0679288
5,034;0,0638769
5,036;0,0596413
5,038;0,0552352
5,04;0,0506724
5,042;0,0459673
5,044;0,0411345
5,046;0,0361894
5,048;0,0311475
5,05;0,0260249
5,052;0,0208377
5,054;0,0156023
5,056;0,0103356
5,058;0,00505428
5,06;0,000224812
5,062;0,00548475
5,064;0,0107087
5,066;0,0158798
5,068;0,0209815
5,07;0,0259973
5,072;0,0309109
5,074;0,0357066
5,076;0,0403686
5,078;0,0448819
5,08;0,0492317
5,082;0,0534038
5,084;0,0573845
5,086;0,0611607
5,088;0,06472
5,09;0,0680505
5,092;0,0711412
5,094;0,0739817
5,096;0,0765625
5,098;0,0788749
5,1;0,0809109
5,102;0,0826634
5,104;0,0841265
5,106;0,0852947
5,108;0,086164
5,11;0,0867308
5,112;0,0869929
5,114;0,0869488
5,116;0,0865981
5,118;0,0859414
5,12;0,0849801
5,122;0,0837168
5,124;0,082155
5,126;0,0802991
5,128;0,0781545
5,13;0,0757275
5,132;0,0730253
5,134;0,0700562
5,136;0,066829
5,138;0,0633537
5,14;0,0596409
5,142;0,055702
5,144;0,0515492
5,146;0,0471955
5,148;0,0426542
5,15;0,0379398
5,152;0,0330668
5,154;0,0280507
5,156;0,0229071
5,158;0,0176524
5,16;0,0123031
5,162;0,0068761
5,164;0,00138872
5,166;0,00414163
5,168;0,00969734
5,17;0,0152607
5,172;0,0208138
5,174;0,026339
5,176;0,0318186
5,178;0,0372348
5,18;0,0425703
5,182;0,0478077
5,184;0,0529303
5,186;0,0579213
5,188;0,0627646
5,19;0,0674444
5,192;0,0719453
5,194;0,0762527
5,196;0,0803525
5,198;0,084231
5,2;0,0878755
5,202;0,0912739
5,204;0,0944149
5,206;0,0972879
5,208;0,0998832
5,21;0,102192
5,212;0,104206
5,214;0,105919
5,216;0,107325
5,218;0,108418
5,22;0,109194
5,222;0,109651
5,224;0,109786
5,226;0,109598
5,228;0,109087
5,23;0,108255
5,232;0,107103
5,234;0,105634
5,236;0,103853
5,238;0,101765
5,24;0,0993749
5,242;0,096691
5,244;0,0937209
5,246;0,0904736
5,248;0,0869591
5,25;0,083188
5,252;0,0791719
5,254;0,0749233
5,256;0,0704553
5,258;0,0657818
5,26;0,0609173
5,262;0,0558771
5,264;0,050677
5,266;0,0453333
5,268;0,0398628
5,27;0,0342829
5,272;0,0286111
5,274;0,0228654
5,276;0,0170642
5,278;0,0112257
5,28;0,00536878
5,282;0,000488
5,284;0,00632587
5,286;0,0121261
5,288;0,0178701
5,29;0,0235393
5,292;0,0291155
5,294;0,0345807
5,296;0,0399171
5,298;0,0451075
5,3;0,0501349
5,302;0,054983
5,304;0,0596359
5,306;0,0640784
5,308;0,0682958
5,31;0,0722743
5,312;0,0760006
5,314;0,0794624
5,316;0,0826481
5,318;0,085547
5,32;0,0881493
5,322;0,0904461
5,324;0,0924294
5,326;0,0940924
5,328;0,0954291
5,33;0,0964346
5,332;0,0971052
5,334;0,097438
5,336;0,0974313
5,338;0,0970845
5,34;0,0963982
5,342;0,0953738
5,344;0,094014
5,346;0,0923225
5,348;0,0903042
5,35;0,0879648
5,352;0,0853113
5,354;0,0823516
5,356;0,0790945
5,358;0,07555
5,36;0,0717288
5,362;0,0676427
5,364;0,0633042
5,366;0,0587267
5,368;0,0539245
5,37;0,0489124
5,372;0,0437062
5,374;0,0383222
5,376;0,0327772
5,378;0,0270886
5,38;0,0212745
5,382;0,0153532
5,384;0,00934337
5,386;0,00326416
5,388;0,00286513
5,39;0,00902497
5,392;0,0151957
5,394;0,0213576
5,396;0,027491
5,398;0,0335761
5,4;0,0395935
5,402;0,0455236
5,404;0,0513474
5,406;0,0570461
5,408;0,0626011
5,41;0,0679945
5,412;0,0732086
5,414;0,0782265
5,416;0,0830318
5,418;0,0876085
5,42;0,0919418
5,422;0,0960172
5,424;0,0998212
5,426;0,103341
5,428;0,106565
5,43;0,109483
5,432;0,112084
5,434;0,114359
5,436;0,116301
5,438;0,117903
5,44;0,119158
5,442;0,120063
5,444;0,120614
5,446;0,120808
5,448;0,120644
5,45;0,120122
5,452;0,119243
5,454;0,118009
5,456;0,116423
5,458;0,114491
5,46;0,112216
5,462;0,109607
5,464;0,10667
5,466;0,103414
5,468;0,09985
5,47;0,0959879
5,472;0,0918397
5,474;0,0874183
5,476;0,082737
5,478;0,0778106
5,48;0,0726543
5,482;0,0672841
5,484;0,0617169
5,486;0,0559701
5,488;0,0500618
5,49;0,0440105
5,492;0,0378353
5,494;0,0315559
5,496;0,025192
5,498;0,0187639
5,5;0,012292
5,502;0,00579707
5,504;0,000700296
5,506;0,00717927
5,508;0,0136191
5,51;0,019999
5,512;0,0262986
5,514;0,0324975
5,516;0,0385757
5,518;0,0445136
5,52;0,0502917
5,522;0,0558915
5,524;0,0612946
5,526;0,0664833
5,528;0,0714407
5,53;0,0761504
5,532;0,080597
5,534;0,0847656
5,536;0,0886425
5,538;0,0922148
5,54;0,0954703
5,542;0,0983981
5,544;0,100988
5,546;0,103232
5,548;0,105121
5,55;0,106649
5,552;0,10781
5,554;0,1086
5,556;0,109016
5,558;0,109055
5,56;0,108717
5,562;0,108003
5,564;0,106913
5,566;0,105451
5,568;0,10362
5,57;0,101426
5,572;0,098875
5,574;0,0959746
5,576;0,0927334
5,578;0,0891611
5,58;0,0852686
5,582;0,0810676
5,584;0,0765711
5,586;0,0717929
5,588;0,0667477
5,59;0,0614513
5,592;0,05592
5,594;0,0501712
5,596;0,0442228
5,598;0,0380936
5,6;0,0318027
5,602;0,02537
5,604;0,0188158
5,606;0,0121609
5,608;0,00542635
5,61;0,0013664
5,612;0,00819574
5,614;0,0150399
5,616;0,021877
5,618;0,0286851
5,62;0,0354424
5,622;0,0421272
5,624;0,0487179
5,626;0,0551934
5,628;0,0615326
5,63;0,067715
5,632;0,0737205
5,634;0,0795297
5,636;0,0851235
5,638;0,0904836
5,64;0,0955924
5,642;0,100433
5,644;0,10499
5,646;0,109247
5,648;0,113192
5,65;0,116809
5,652;0,120088
5,654;0,123017
5,656;0,125586
5,658;0,127786
5,66;0,12961
5,662;0,131051
5,664;0,132103
5,666;0,132763
5,668;0,133027
5,67;0,132895
5,672;0,132365
5,674;0,131439
5,676;0,130119
5,678;0,128409
5,68;0,126312
5,682;0,123836
5,684;0,120988
5,686;0,117775
5,688;0,114207
5,69;0,110296
5,692;0,106052
5,694;0,10149
5,696;0,0966224
5,698;0,091465
5,7;0,0860336
5,702;0,080345
5,704;0,074417
5,706;0,0682681
5,708;0,0619175
5,71;0,0553853
5,712;0,0486918
5,714;0,0418584
5,716;0,0349065
5,718;0,0278583
5,72;0,020736
5,722;0,0135623
5,724;0,0063602
5,726;0,00084746
5,728;0,00803758
5,73;0,0151871
5,732;0,0222731
5,734;0,0292728
5,736;0,0361636
5,738;0,0429232
5,74;0,0495298
5,742;0,055962
5,744;0,0621988
5,746;0,0682199
5,748;0,0740057
5,75;0,0795372
5,752;0,0847962
5,754;0,0897654
5,756;0,0944283
5,758;0,0987695
5,76;0,102774
5,762;0,10643
5,764;0,109723
5,766;0,112643
5,768;0,115179
5,77;0,117324
5,772;0,119069
5,774;0,120408
5,776;0,121335
5,778;0,121848
5,78;0,121944
5,782;0,121621
5,784;0,12088
5,786;0,119723
5,788;0,118152
5,79;0,116172
5,792;0,113788
5,794;0,111008
5,796;0,107838
5,798;0,10429
5,8;0,100372
5,802;0,0960981
5,804;0,0914802
5,806;0,0865326
5,808;0,0812707
5,81;0,0757106
5,812;0,0698695
5,814;0,0637657
5,816;0,0574181
5,818;0,0508467
5,82;0,044072
5,822;0,0371153
5,824;0,0299986
5,826;0,0227444
5,828;0,0153755
5,83;0,00791539
5,832;0,000387747
5,834;0,00718348
5,836;0,0147741
5,838;0,02236
5,84;0,0299167
5,842;0,0374201
5,844;0,044846
5,846;0,0521705
5,848;0,0593701
5,85;0,0664214
5,852;0,0733016
5,854;0,0799884
5,856;0,08646
5,858;0,0926953
5,86;0,0986738
5,862;0,104376
5,864;0,109783
5,866;0,114878
5,868;0,119642
5,87;0,124061
5,872;0,128119
5,874;0,131803
5,876;0,135101
5,878;0,138
5,88;0,140492
5,882;0,142567
5,884;0,144218
5,886;0,145439
5,888;0,146226
5,89;0,146573
5,892;0,146481
5,894;0,145949
5,896;0,144976
5,898;0,143566
5,9;0,141722
5,902;0,13945
5,904;0,136755
5,906;0,133646
5,908;0,130132
5,91;0,126223
5,912;0,121931
5,914;0,11727
5,916;0,112252
5,918;0,106895
5,92;0,101213
5,922;0,0952256
5,924;0,0889503
5,926;0,082407
5,928;0,075616
5,93;0,0685987
5,932;0,061377
5,934;0,0539738
5,936;0,0464123
5,938;0,0387164
5,94;0,0309106
5,942;0,0230195
5,944;0,0150684
5,946;0,00708246
5,948;0,000912753
5,95;0,00889168
5,952;0,0168288
5,954;0,0246985
5,956;0,0324757
5,958;0,0401351
5,96;0,0476521
5,962;0,0550024
5,964;0,0621621
5,966;0,069108
5,968;0,0758174
5,97;0,0822685
5,972;0,08844
5,974;0,0943118
5,976;0,0998644
5,978;0,10508
5,98;0,10994
5,982;0,114429
5,984;0,118533
5,986;0,122236
5,988;0,125527
5,99;0,128394
5,992;0,130827
5,994;0,132818
5,996;0,134359
5,998;0,135445
6;0,136071
6,002;0,136234
6,004;0,135934
6,006;0,13517
6,008;0,133944
6,01;0,132258
6,012;0,130118
6,014;0,127529
6,016;0,124499
6,018;0,121036
6,02;0,117152
6,022;0,112857
6,024;0,108165
6,026;0,103089
6,028;0,0976459
6,03;0,0918518
6,032;0,0857247
6,034;0,0792835
6,036;0,0725484
6,038;0,0655402
6,04;0,0582809
6,042;0,0507933
6,044;0,0431009
6,046;0,0352279
6,048;0,0271992
6,05;0,0190402
6,052;0,0107767
6,054;0,00243511
6,056;0,00595818
6,058;0,0143763
6,06;0,0227925
6,062;0,0311797
6,064;0,0395111
6,066;0,0477599
6,068;0,0558995
6,07;0,0639038
6,072;0,0717468
6,074;0,0794031
6,076;0,0868479
6,078;0,0940569
6,08;0,101007
6,082;0,107675
6,084;0,114039
6,086;0,120078
6,088;0,125772
6,09;0,131103
6,092;0,136053
6,094;0,140605
6,096;0,144744
6,098;0,148455
6,1;0,151727
6,102;0,154548
6,104;0,156907
6,106;0,158797
6,108;0,160211
6,11;0,161143
6,112;0,16159
6,114;0,161548
6,116;0,161018
6,118;0,16
6,12;0,158496
6,122;0,15651
6,124;0,154048
6,126;0,151117
6,128;0,147725
6,13;0,143883
6,132;0,139601
6,134;0,134892
6,136;0,129772
6,138;0,124255
6,14;0,118358
6,142;0,1121
6,144;0,1055
6,146;0,0985777
6,148;0,0913557
6,15;0,0838562
6,152;0,0761026
6,154;0,0681192
6,156;0,0599313
6,158;0,0515646
6,16;0,0430456
6,162;0,0344012
6,164;0,0256588
6,166;0,0168464
6,168;0,00799181
6,17;0,000876565
6,172;0,0097304
6,174;0,0185413
6,176;0,0272811
6,178;0,0359216
6,18;0,044435
6,182;0,0527938
6,184;0,060971
6,186;0,0689401
6,188;0,0766752
6,19;0,084151
6,192;0,0913432
6,194;0,0982283
6,196;0,104784
6,198;0,110988
6,2;0,11682
6,202;0,122261
6,204;0,127292
6,206;0,131897
6,208;0,136061
6,21;0,139768
6,212;0,143007
6,214;0,145767
6,216;0,148036
6,218;0,149808
6,22;0,151075
6,222;0,151833
6,224;0,152079
6,226;0,15181
6,228;0,151026
6,23;0,149729
6,232;0,147922
6,234;0,145611
6,236;0,142801
6,238;0,1395
6,24;0,135719
6,242;0,131467
6,244;0,126759
6,246;0,121609
6,248;0,116031
6,25;0,110043
6,252;0,103664
6,254;0,0969123
6,256;0,0898099
6,258;0,0823787
6,26;0,0746417
6,262;0,0666231
6,264;0,058348
6,266;0,0498425
6,268;0,0411334
6,27;0,032248
6,272;0,0232147
6,274;0,0140618
6,276;0,00481866
6,278;0,00448548
6,28;0,0138209
6,282;0,0231578
6,284;0,0324664
6,286;0,0417167
6,288;0,050879
6,29;0,059924
6,292;0,0688223
6,294;0,0775453
6,296;0,0860648
6,298;0,094353
6,3;0,102383
6,302;0,110129
6,304;0,117565
6,306;0,124667
6,308;0,131411
6,31;0,137776
6,312;0,14374
6,314;0,149284
6,316;0,154389
6,318;0,159037
6,32;0,163213
6,322;0,166904
6,324;0,170095
6,326;0,172776
6,328;0,174938
6,33;0,176572
6,332;0,177672
6,334;0,178235
6,336;0,178256
6,338;0,177735
6,34;0,176673
6,342;0,175071
6,344;0,172935
6,346;0,17027
6,348;0,167083
6,35;0,163383
6,352;0,159183
6,354;0,154493
6,356;0,149328
6,358;0,143705
6,36;0,137639
6,362;0,13115
6,364;0,124257
6,366;0,116982
6,368;0,109347
6,37;0,101377
6,372;0,0930952
6,374;0,0845287
6,376;0,0757039
6,378;0,0666487
6,38;0,0573916
6,382;0,0479618
6,384;0,0383892
6,386;0,0287042
6,388;0,0189376
6,39;0,00912042
6,392;0,000715989
6,394;0,0105402
6,396;0,0203207
6,398;0,0300262
6,4;0,0396254
6,402;0,0490874
6,404;0,0583818
6,406;0,0674784
6,408;0,0763477
6,41;0,0849611
6,412;0,0932903
6,414;0,101308
6,416;0,108989
6,418;0,116306
6,42;0,123237
6,422;0,129759
6,424;0,135849
6,426;0,141487
6,428;0,146655
6,43;0,151334
6,432;0,15551
6,434;0,159168
6,436;0,162295
6,438;0,164881
6,44;0,166915
6,442;0,168391
6,444;0,169302
6,446;0,169645
6,448;0,169417
6,45;0,168618
6,452;0,167251
6,454;0,165317
6,456;0,162822
6,458;0,159773
6,46;0,156179
6,462;0,152051
6,464;0,147399
6,466;0,142239
6,468;0,136586
6,47;0,130457
6,472;0,123871
6,474;0,116848
6,476;0,10941
6,478;0,101579
6,48;0,0933802
6,482;0,0848391
6,484;0,0759824
6,486;0,0668376
6,488;0,0574337
6,49;0,0478001
6,492;0,0379673
6,494;0,0279663
6,496;0,0178289
6,498;0,00758725
6,5;0,00272609
6,502;0,0130782
6,504;0,0234362
6,506;0,0337667
6,508;0,0440367
6,51;0,0542133
6,512;0,0642637
6,514;0,0741555
6,516;0,0838567
6,518;0,093336
6,52;0,102563
6,522;0,111506
6,524;0,120139
6,526;0,128431
6,528;0,136355
6,53;0,143887
6,532;0,151
6,534;0,157672
6,536;0,16388
6,538;0,169604
6,54;0,174823
6,542;0,179522
6,544;0,183682
6,546;0,187292
6,548;0,190336
6,55;0,192806
6,552;0,194692
6,554;0,195986
6,556;0,196684
6,558;0,196782
6,56;0,196279
6,562;0,195175
6,564;0,193473
6,566;0,191177
6,568;0,188293
6,57;0,184829
6,572;0,180796
6,574;0,176205
6,576;0,17107
6,578;0,165406
6,58;0,159231
6,582;0,152563
6,584;0,145422
6,586;0,137831
6,588;0,129813
6,59;0,121393
6,592;0,112597
6,594;0,103453
6,596;0,0939885
6,598;0,0842341
6,6;0,0742203
6,602;0,0639786
6,604;0,0535413
6,606;0,0429415
6,608;0,0322127
6,61;0,0213892
6,612;0,0105052
6,614;0,000404336
6,616;0,0113047
6,618;0,022161
6,62;0,0329383
6,622;0,043602
6,624;0,0541179
6,626;0,0644519
6,628;0,0745706
6,63;0,0844414
6,632;0,0940321
6,634;0,103311
6,636;0,112249
6,638;0,120816
6,64;0,128984
6,642;0,136727
6,644;0,144018
6,646;0,150833
6,648;0,15715
6,65;0,162948
6,652;0,168207
6,654;0,17291
6,656;0,177039
6,658;0,180581
6,66;0,183524
6,662;0,185857
6,664;0,187571
6,666;0,188659
6,668;0,189118
6,67;0,188944
6,672;0,188137
6,674;0,186698
6,676;0,184631
6,678;0,181941
6,68;0,178635
6,682;0,174723
6,684;0,170217
6,686;0,165129
6,688;0,159474
6,69;0,153271
6,692;0,146537
6,694;0,139294
6,696;0,131563
6,698;0,123368
6,7;0,114735
6,702;0,105691
6,704;0,0962628
6,706;0,0864809
6,708;0,0763757
6,71;0,065979
6,712;0,0553234
6,714;0,0444427
6,716;0,0333711
6,718;0,0221438
6,72;0,0107964
6,722;0,00063508
6,724;0,0121141
6,726;0,0236041
6,728;0,0350682
6,73;0,0464699
6,732;0,0577724
6,734;0,0689394
6,736;0,0799349
6,738;0,0907235
6,74;0,10127
6,742;0,111541
6,744;0,121502
6,746;0,131121
6,748;0,140367
6,75;0,149209
6,752;0,157618
6,754;0,165568
6,756;0,17303
6,758;0,179981
6,76;0,186397
6,762;0,192257
6,764;0,197541
6,766;0,202231
6,768;0,206311
6,77;0,209767
6,772;0,212586
6,774;0,214759
6,776;0,216276
6,778;0,217133
6,78;0,217324
6,782;0,216849
6,784;0,215707
6,786;0,213902
6,788;0,211436
6,79;0,208318
6,792;0,204555
6,794;0,20016
6,796;0,195143
6,798;0,189522
6,8;0,183311
6,802;0,176531
6,804;0,169201
6,806;0,161345
6,808;0,152986
6,81;0,14415
6,812;0,134864
6,814;0,125158
6,816;0,115062
6,818;0,104607
6,82;0,0938255
6,822;0,0827523
6,824;0,0714219
6,826;0,05987
6,828;0,0481333
6,83;0,0362489
6,832;0,0242546
6,834;0,0121886
6,836;8,94181e-05
6,838;0,0120044
6,84;0,0240541
6,842;0,036021
6,844;0,0478667
6,846;0,0595531
6,848;0,0710424
6,85;0,0822976
6,852;0,0932821
6,854;0,10396
6,856;0,114298
6,858;0,12426
6,86;0,133815
6,862;0,142932
6,864;0,15158
6,866;0,15973
6,868;0,167357
6,87;0,174434
6,872;0,180937
6,874;0,186846
6,876;0,192139
6,878;0,196799
6,88;0,20081
6,882;0,204157
6,884;0,206829
6,886;0,208816
6,888;0,21011
6,89;0,210706
6,892;0,2106
6,894;0,209792
6,896;0,208283
6,898;0,206076
6,9;0,203178
6,902;0,199595
6,904;0,195339
6,906;0,190422
6,908;0,184857
6,91;0,178663
6,912;0,171857
6,914;0,16446
6,916;0,156495
6,918;0,147985
6,92;0,138958
6,922;0,129442
6,924;0,119464
6,926;0,109058
6,928;0,0982553
6,93;0,0870895
6,932;0,0755958
6,934;0,0638106
6,936;0,0517708
6,938;0,0395147
6,94;0,0270809
6,942;0,014509
6,944;0,00183884
6,946;0,0108891
6,948;0,0236342
6,95;0,0363558
6,952;0,0490131
6,954;0,0615654
6,956;0,0739724
6,958;0,0861942
6,96;0,0981913
6,962;0,109925
6,964;0,121357
6,966;0,13245
6,968;0,143168
6,97;0,153477
6,972;0,163342
6,974;0,172731
6,976;0,181613
6,978;0,189958
6,98;0,19774
6,982;0,204932
6,984;0,21151
6,986;0,217451
6,988;0,222736
6,99;0,227346
6,992;0,231266
6,994;0,234481
6,996;0,236981
6,998;0,238754
7;0,239796
7,002;0,2401
7,004;0,239665
7,006;0,23849
7,008;0,236579
7,01;0,233934
7,012;0,230565
7,014;0,22648
7,016;0,221691
7,018;0,216212
7,02;0,210059
7,022;0,20325
7,024;0,195807
7,026;0,187751
7,028;0,179108
7,03;0,169904
7,032;0,160168
7,034;0,149929
7,036;0,139219
7,038;0,128072
7,04;0,116523
7,042;0,104608
7,044;0,0923636
7,046;0,0798294
7,048;0,0670446
7,05;0,0540497
7,052;0,0408859
7,054;0,027595
7,056;0,0142192
7,058;0,000801256
7,06;0,012616
7,062;0,0259897
7,064;0,0392769
7,066;0,0524349
7,068;0,0654214
7,07;0,0781945
7,072;0,0907129
7,074;0,102936
7,076;0,114825
7,078;0,126339
7,08;0,137443
7,082;0,1481
7,084;0,158274
7,086;0,167932
7,088;0,177043
7,09;0,185576
7,092;0,193502
7,094;0,200796
7,096;0,207433
7,098;0,21339
7,1;0,218647
7,102;0,223186
7,104;0,226991
7,106;0,230048
7,108;0,232347
7,11;0,233878
7,112;0,234635
7,114;0,234615
7,116;0,233815
7,118;0,232238
7,12;0,229886
7,122;0,226766
7,124;0,222886
7,126;0,218257
7,128;0,212893
7,13;0,20681
7,132;0,200025
7,134;0,192558
7,136;0,184434
7,138;0,175676
7,14;0,166311
7,142;0,156368
7,144;0,145878
7,146;0,134873
7,148;0,123388
7,15;0,111458
7,152;0,0991213
7,154;0,0864158
7,156;0,0733818
7,158;0,0600603
7,16;0,0464936
7,162;0,0327244
7,164;0,0187965
7,166;0,00475418
7,168;0,00935785
7,17;0,0234946
7,172;0,0376108
7,174;0,0516612
7,176;0,0656009
7,178;0,079385
7,18;0,092969
7,182;0,106309
7,184;0,119362
7,186;0,132086
7,188;0,144439
7,19;0,156382
7,192;0,167874
7,194;0,178879
7,196;0,189361
7,198;0,199284
7,2;0,208617
7,202;0,217327
7,204;0,225387
7,206;0,232769
7,208;0,239448
7,21;0,245401
7,212;0,250609
7,214;0,255053
7,216;0,258717
7,218;0,261588
7,22;0,263656
7,222;0,264912
7,224;0,265351
7,226;0,264971
7,228;0,263769
7,23;0,26175
7,232;0,258918
7,234;0,25528
7,236;0,250847
7,238;0,245631
7,24;0,239648
7,242;0,232915
7,244;0,225452
7,246;0,217282
7,248;0,20843
7,25;0,198923
7,252;0,18879
7,254;0,178062
7,256;0,166772
7,258;0,154956
7,26;0,14265
7,262;0,129893
7,264;0,116725
7,266;0,103187
7,268;0,0893224
7,27;0,0751739
7,272;0,0607868
7,274;0,0462065
7,276;0,0314795
7,278;0,0166525
7,28;0,00177283
7,282;0,013112
7,284;0,0279544
7,286;0,0427067
7,288;0,0573216
7,29;0,0717521
7,292;0,0859517
7,294;0,0998744
7,296;0,113475
7,298;0,12671
7,3;0,139536
7,302;0,151911
7,304;0,163794
7,306;0,175148
7,308;0,185933
7,31;0,196116
7,312;0,205662
7,314;0,214539
7,316;0,222718
7,318;0,230171
7,32;0,236874
7,322;0,242802
7,324;0,247937
7,326;0,252259
7,328;0,255754
7,33;0,258409
7,332;0,260213
7,334;0,26116
7,336;0,261245
7,338;0,260465
7,34;0,258822
7,342;0,25632
7,344;0,252965
7,346;0,248765
7,348;0,243733
7,35;0,237884
7,352;0,231234
7,354;0,223804
7,356;0,215615
7,358;0,206693
7,36;0,197064
7,362;0,186759
7,364;0,175808
7,366;0,164246
7,368;0,152109
7,37;0,139434
7,372;0,126261
7,374;0,112631
7,376;0,0985863
7,378;0,084172
7,38;0,0694333
7,382;0,0544165
7,384;0,0391693
7,386;0,02374
7,388;0,00817762
7,39;0,00746823
7,392;0,0231477
7,394;0,0388106
7,396;0,0544069
7,398;0,0698864
7,4;0,0851995
7,402;0,100297
7,404;0,11513
7,406;0,12965
7,408;0,143811
7,41;0,157566
7,412;0,170872
7,414;0,183683
7,416;0,195959
7,418;0,207659
7,42;0,218745
7,422;0,229179
7,424;0,238928
7,426;0,247959
7,428;0,256242
7,43;0,263748
7,432;0,270453
7,434;0,276333
7,436;0,281368
7,438;0,285541
7,44;0,288835
7,442;0,29124
7,444;0,292746
7,446;0,293346
7,448;0,293036
7,45;0,291817
7,452;0,28969
7,454;0,28666
7,456;0,282736
7,458;0,277927
7,46;0,272249
7,462;0,265717
7,464;0,258351
7,466;0,250173
7,468;0,241207
7,47;0,231481
7,472;0,221024
7,474;0,209869
7,476;0,198049
7,478;0,185602
7,48;0,172567
7,482;0,158983
7,484;0,144893
7,486;0,130341
7,488;0,115374
7,49;0,100037
7,492;0,0843805
7,494;0,0684527
7,496;0,0523044
7,498;0,0359869
7,5;0,0195521
7,502;0,00305227
7,504;0,0134598
7,506;0,0299314
7,508;0,0463096
7,51;0,0625419
7,512;0,0785762
7,514;0,0943606
7,516;0,109844
7,518;0,124977
7,52;0,13971
7,522;0,153995
7,524;0,167785
7,526;0,181036
7,528;0,193705
7,53;0,205748
7,532;0,217128
7,534;0,227806
7,536;0,237746
7,538;0,246916
7,54;0,255284
7,542;0,262823
7,544;0,269507
7,546;0,275312
7,548;0,280219
7,55;0,284211
7,552;0,287272
7,554;0,289391
7,556;0,290559
7,558;0,290772
7,56;0,290027
7,562;0,288323
7,564;0,285666
7,566;0,282061
7,568;0,277519
7,57;0,272051
7,572;0,265675
7,574;0,258409
7,576;0,250273
7,578;0,241293
7,58;0,231496
7,582;0,220912
7,584;0,209573
7,586;0,197514
7,588;0,184771
7,59;0,171386
7,592;0,157399
7,594;0,142854
7,596;0,127796
7,598;0,112273
7,6;0,0963328
7,602;0,0800268
7,604;0,063406
7,606;0,0465229
7,608;0,0294312
7,61;0,0121851
7,612;0,00516039
7,614;0,0225501
7,616;0,0399284
7,618;0,0572396
7,62;0,0744283
7,622;0,0914391
7,624;0,108217
7,626;0,124709
7,628;0,140861
7,63;0,15662
7,632;0,171936
7,634;0,186758
7,636;0,201039
7,638;0,214731
7,64;0,227791
7,642;0,240173
7,644;0,251839
7,646;0,262749
7,648;0,272867
7,65;0,282158
7,652;0,290593
7,654;0,298141
7,656;0,304778
7,658;0,310481
7,66;0,315228
7,662;0,319004
7,664;0,321795
7,666;0,323589
7,668;0,32438
7,67;0,324162
7,672;0,322935
7,674;0,3207
7,676;0,317464
7,678;0,313233
7,68;0,308021
7,682;0,301842
7,684;0,294713
7,686;0,286656
7,688;0,277696
7,69;0,267858
7,692;0,257173
7,694;0,245673
7,696;0,233394
7,698;0,220374
7,7;0,206652
7,702;0,192272
7,704;0,177278
7,706;0,161716
7,708;0,145637
7,71;0,12909
7,712;0,112127
7,714;0,094802
7,716;0,0771696
7,718;0,0592855
7,72;0,0412067
7,722;0,0229906
7,724;0,00469511
7,726;0,0136212
7,728;0,0318999
7,73;0,0500823
7,732;0,0681101
7,734;0,0859253
7,736;0,103471
7,738;0,120689
7,74;0,137525
7,742;0,153925
7,744;0,169834
7,746;0,185201
7,748;0,199976
7,75;0,21411
7,752;0,227557
7,754;0,240273
7,756;0,252215
7,758;0,263344
7,76;0,273623
7,762;0,283017
7,764;0,291495
7,766;0,299028
7,768;0,30559
7,77;0,311157
7,772;0,315711
7,774;0,319235
7,776;0,321716
7,778;0,323144
7,78;0,323512
7,782;0,322817
7,784;0,321059
7,786;0,318243
7,788;0,314374
7,79;0,309464
7,792;0,303527
7,794;0,296578
7,796;0,28864
7,798;0,279735
7,8;0,269889
7,802;0,259133
7,804;0,2475
7,806;0,235025
7,808;0,221746
7,81;0,207704
7,812;0,192944
7,814;0,17751
7,816;0,16145
7,818;0,144816
7,82;0,12766
7,822;0,110034
7,824;0,0919951
7,826;0,0735998
7,828;0,0549065
7,83;0,0359742
7,832;0,0168632
7,834;0,00236572
7,836;0,0216512
7,838;0,0409318
7,84;0,0601456
7,842;0,0792311
7,844;0,098127
7,846;0,116772
7,848;0,135107
7,85;0,153072
7,852;0,170609
7,854;0,187661
7,856;0,204173
7,858;0,22009
7,86;0,235362
7,862;0,249936
7,864;0,263767
7,866;0,276807
7,868;0,289015
7,87;0,300348
7,872;0,31077
7,874;0,320245
7,876;0,328742
7,878;0,33623
7,88;0,342685
7,882;0,348084
7,884;0,352407
7,886;0,355638
7,888;0,357766
7,89;0,358782
7,892;0,358679
7,894;0,357457
7,896;0,355117
7,898;0,351665
7,9;0,347109
7,902;0,341462
7,904;0,33474
7,906;0,326962
7,908;0,318153
7,91;0,308337
7,912;0,297544
7,914;0,285807
7,916;0,273162
7,918;0,259648
7,92;0,245305
7,922;0,23018
7,924;0,214317
7,926;0,197768
7,928;0,180583
7,93;0,162817
7,932;0,144524
7,934;0,125763
7,936;0,106593
7,938;0,0870749
7,94;0,0672696
7,942;0,0472403
7,944;0,0270508
7,946;0,00676528
7,948;0,0135515
7,95;0,0338345
7,952;0,0540188
7,954;0,0740396
7,956;0,0938326
7,958;0,113334
7,96;0,132481
7,962;0,151211
7,964;0,169464
7,966;0,187181
7,968;0,204304
7,97;0,220776
7,972;0,236544
7,974;0,251557
7,976;0,265764
7,978;0,279119
7,98;0,291578
7,982;0,303099
7,984;0,313642
7,986;0,323174
7,988;0,331661
7,99;0,339074
7,992;0,345388
7,994;0,35058
7,996;0,354631
7,998;0,357527
8;0,359256
8,002;0,35981
8,004;0,359186
8,006;0,357383
8,008;0,354404
8,01;0,350258
8,012;0,344955
8,014;0,338509
8,016;0,330941
8,018;0,32227
8,02;0,312524
8,022;0,301732
8,024;0,289925
8,026;0,277141
8,028;0,263417
8,03;0,248797
8,032;0,233325
8,034;0,217049
8,036;0,200019
8,038;0,18229
8,04;0,163916
8,042;0,144955
8,044;0,125466
8,046;0,105511
8,048;0,0851534
8,05;0,0644566
8,052;0,0434867
8,054;0,0223101
8,056;0,000994378
8,058;0,0203926
8,06;0,0417826
8,062;0,063107
8,064;0,0842976
8,066;0,105286
8,068;0,126006
8,07;0,146389
8,072;0,166369
8,074;0,185884
8,076;0,204867
8,078;0,22326
8,08;0,241
8,082;0,25803
8,084;0,274295
8,086;0,289741
8,088;0,304317
8,09;0,317974
8,092;0,330668
8,094;0,342355
8,096;0,352997
8,098;0,362558
8,1;0,371004
8,102;0,378308
8,104;0,384443
8,106;0,389387
8,108;0,393123
8,11;0,395636
8,112;0,396915
8,114;0,396956
8,116;0,395755
8,118;0,393313
8,12;0,389636
8,122;0,384734
8,124;0,37862
8,126;0,371311
8,128;0,362829
8,13;0,353198
8,132;0,342447
8,134;0,330608
8,136;0,317718
8,138;0,303815
8,14;0,288943
8,142;0,273146
8,144;0,256474
8,146;0,238978
8,148;0,220714
8,15;0,201737
8,152;0,182108
8,154;0,161887
8,156;0,141139
8,158;0,119929
8,16;0,0983237
8,162;0,0763918
8,164;0,0542028
8,166;0,0318273
8,168;0,00933634
8,17;0,0131981
8,172;0,0357042
8,174;0,0581097
8,176;0,0803428
8,178;0,102332
8,18;0,124007
8,182;0,145296
8,184;0,166133
8,186;0,186448
8,188;0,206176
8,19;0,225254
8,192;0,243617
8,194;0,261207
8,196;0,277966
8,198;0,293838
8,2;0,308772
8,202;0,322717
8,204;0,335627
8,206;0,347458
8,208;0,358172
8,21;0,367731
8,212;0,376103
8,214;0,383259
8,216;0,389173
8,218;0,393825
8,22;0,397197
8,222;0,399276
8,224;0,400053
8,226;0,399523
8,228;0,397686
8,23;0,394543
8,232;0,390105
8,234;0,384381
8,236;0,377388
8,238;0,369147
8,24;0,35968
8,242;0,349016
8,244;0,337188
8,246;0,32423
8,248;0,310182
8,25;0,295087
8,252;0,278991
8,254;0,261944
8,256;0,243999
8,258;0,225211
8,26;0,205639
8,262;0,185345
8,264;0,164391
8,266;0,142843
8,268;0,12077
8,27;0,0982413
8,272;0,0753276
8,274;0,0521018
8,276;0,0286377
8,278;0,00500979
8,28;0,0187065
8,282;0,0424355
8,284;0,0661013
8,286;0,089628
8,288;0,11294
8,29;0,135963
8,292;0,158621
8,294;0,180843
8,296;0,202556
8,298;0,223689
8,3;0,244174
8,302;0,263945
8,304;0,282936
8,306;0,301085
8,308;0,318333
8,31;0,334623
8,312;0,349901
8,314;0,364116
8,316;0,37722
8,318;0,38917
8,32;0,399926
8,322;0,40945
8,324;0,41771
8,326;0,424677
8,328;0,430326
8,33;0,434637
8,332;0,437593
8,334;0,439183
8,336;0,439399
8,338;0,438238
8,34;0,4357
8,342;0,431791
8,344;0,426522
8,346;0,419906
8,348;0,411963
8,35;0,402715
8,352;0,392189
8,354;0,380417
8,356;0,367433
8,358;0,353278
8,36;0,337995
8,362;0,321629
8,364;0,304232
8,366;0,285858
8,368;0,266562
8,37;0,246406
8,372;0,225452
8,374;0,203766
8,376;0,181415
8,378;0,158471
8,38;0,135004
8,382;0,111091
8,384;0,0868051
8,386;0,0622247
8,388;0,0374276
8,39;0,0124928
8,392;0,0125003
8,394;0,0374718
8,396;0,0623417
8,398;0,0870302
8,4;0,111458
8,402;0,135547
8,404;0,159218
8,406;0,182396
8,408;0,205005
8,41;0,226972
8,412;0,248225
8,414;0,268696
8,416;0,288317
8,418;0,307023
8,42;0,324753
8,422;0,341449
8,424;0,357056
8,426;0,37152
8,428;0,384795
8,43;0,396835
8,432;0,407598
8,434;0,41705
8,436;0,425156
8,438;0,431889
8,44;0,437224
8,442;0,441141
8,444;0,443626
8,446;0,444667
8,448;0,444259
8,45;0,442401
8,452;0,439095
8,454;0,43435
8,456;0,428177
8,458;0,420595
8,46;0,411624
8,462;0,401291
8,464;0,389626
8,466;0,376665
8,468;0,362445
8,47;0,347011
8,472;0,330409
8,474;0,312691
8,476;0,293911
8,478;0,274127
8,48;0,253401
8,482;0,231796
8,484;0,209382
8,486;0,186227
8,488;0,162405
8,49;0,13799
8,492;0,11306
8,494;0,0876933
8,496;0,0619703
8,498;0,0359728
8,5;0,00978327
8,502;0,0165147
8,504;0,0428372
8,506;0,0691
8,508;0,0952191
8,51;0,12111
8,512;0,146691
8,514;0,171878
8,516;0,19659
8,518;0,220748
8,52;0,244273
8,522;0,267088
8,524;0,289119
8,526;0,310295
8,528;0,330545
8,53;0,349804
8,532;0,368008
8,534;0,385096
8,536;0,401012
8,538;0,415703
8,54;0,429119
8,542;0,441216
8,544;0,451952
8,546;0,461289
8,548;0,469196
8,55;0,475645
8,552;0,480612
8,554;0,484079
8,556;0,486031
8,558;0,48646
8,56;0,485362
8,562;0,482736
8,564;0,478589
8,566;0,472931
8,568;0,465778
8,57;0,457149
8,572;0,447069
8,574;0,435568
8,576;0,42268
8,578;0,408444
8,58;0,392902
8,582;0,376103
8,584;0,358097
8,586;0,338939
8,588;0,31869
8,59;0,297411
8,592;0,275169
8,594;0,252033
8,596;0,228076
8,598;0,203373
8,6;0,178
8,602;0,15204
8,604;0,125572
8,606;0,0986819
8,608;0,0714538
8,61;0,0439745
8,612;0,0163315
8,614;0,0113871
8,616;0,0390927
8,618;0,0666966
8,62;0,0941104
8,622;0,121246
8,624;0,148016
8,626;0,174334
8,628;0,200114
8,63;0,225275
8,632;0,249733
8,634;0,273409
8,636;0,296227
8,638;0,318111
8,64;0,338989
8,642;0,358793
8,644;0,377458
8,646;0,394922
8,648;0,411126
8,65;0,426016
8,652;0,439543
8,654;0,45166
8,656;0,462326
8,658;0,471505
8,66;0,479163
8,662;0,485274
8,664;0,489815
8,666;0,492769
8,668;0,494124
8,67;0,493871
8,672;0,49201
8,674;0,488542
8,676;0,483476
8,678;0,476825
8,68;0,468608
8,682;0,458848
8,684;0,447572
8,686;0,434815
8,688;0,420615
8,69;0,405014
8,692;0,388059
8,694;0,369803
8,696;0,350301
8,698;0,329613
8,7;0,307804
8,702;0,284941
8,704;0,261095
8,706;0,23634
8,708;0,210755
8,71;0,184419
8,712;0,157416
8,714;0,129831
8,716;0,10175
8,718;0,0732626
8,72;0,0444595
8,722;0,0154321
8,724;0,0137271
8,726;0,0429251
8,728;0,0720686
8,73;0,101064
8,732;0,129819
8,734;0,15824
8,736;0,186236
8,738;0,213716
8,74;0,240593
8,742;0,266778
8,744;0,292186
8,746;0,316735
8,748;0,340345
8,75;0,362937
8,752;0,384439
8,754;0,40478
8,756;0,423891
8,758;0,441709
8,76;0,458176
8,762;0,473236
8,764;0,486837
8,766;0,498935
8,768;0,509486
8,77;0,518455
8,772;0,525811
8,774;0,531525
8,776;0,535578
8,778;0,537953
8,78;0,538639
8,782;0,537631
8,784;0,534929
8,786;0,530538
8,788;0,52447
8,79;0,51674
8,792;0,507371
8,794;0,496389
8,796;0,483826
8,798;0,46972
8,8;0,454113
8,802;0,437051
8,804;0,418588
8,806;0,398779
8,808;0,377685
8,81;0,355371
8,812;0,331907
8,814;0,307365
8,816;0,281822
8,818;0,255358
8,82;0,228056
8,822;0,200001
8,824;0,171282
8,826;0,14199
8,828;0,112217
8,83;0,0820575
8,832;0,0516074
8,834;0,0209636
8,836;0,00977613
8,838;0,0405137
8,84;0,0711507
8,842;0,101589
8,844;0,131731
8,846;0,161479
8,848;0,190738
8,85;0,219412
8,852;0,24741
8,854;0,27464
8,856;0,301014
8,858;0,326445
8,86;0,350851
8,862;0,374152
8,864;0,39627
8,866;0,417133
8,868;0,436673
8,87;0,454823
8,872;0,471523
8,874;0,486717
8,876;0,500354
8,878;0,512387
8,88;0,522774
8,882;0,53148
8,884;0,538473
8,886;0,543727
8,888;0,547223
8,89;0,548947
8,892;0,548888
8,894;0,547045
8,896;0,543419
8,898;0,53802
8,9;0,53086
8,902;0,52196
8,904;0,511345
8,906;0,499046
8,908;0,485098
8,91;0,469543
8,912;0,452429
8,914;0,433807
8,916;0,413734
8,918;0,39227
8,92;0,369484
8,922;0,345444
8,924;0,320225
8,926;0,293907
8,928;0,26657
8,93;0,238301
8,932;0,209189
8,934;0,179324
8,936;0,148802
8,938;0,117718
8,94;0,0861712
8,942;0,0542615
8,944;0,0220903
8,946;0,01024
8,948;0,0426261
8,95;0,0749645
8,952;0,107152
8,954;0,139084
8,956;0,17066
8,958;0,201777
8,96;0,232334
8,962;0,262233
8,964;0,291377
8,966;0,319671
8,968;0,347024
8,97;0,373345
8,972;0,39855
8,974;0,422554
8,976;0,445279
8,978;0,466649
8,98;0,486595
8,982;0,505049
8,984;0,52195
8,986;0,53724
8,988;0,550868
8,99;0,562787
8,992;0,572956
8,994;0,581338
8,996;0,587904
8,998;0,592629
9;0,595495
9,002;0,596489
9,004;0,595604
9,006;0,59284
9,008;0,588202
9,01;0,581702
9,012;0,573356
9,014;0,563188
9,016;0,551227
9,018;0,537509
9,02;0,522073
9,022;0,504965
9,024;0,486239
9,026;0,465949
9,028;0,444159
9,03;0,420935
9,032;0,396349
9,034;0,370478
9,036;0,3434
9,038;0,315202
9,04;0,285971
9,042;0,255798
9,044;0,224778
9,046;0,19301
9,048;0,160593
9,05;0,12763
9,052;0,0942252
9,054;0,0604848
9,056;0,0265162
9,058;0,00757233
9,06;0,041672
9,062;0,0756737
9,064;0,109468
9,066;0,142948
9,068;0,176004
9,07;0,20853
9,072;0,240421
9,074;0,271575
9,076;0,301889
9,078;0,331265
9,08;0,359608
9,082;0,386825
9,084;0,412826
9,086;0,437527
9,088;0,460845
9,09;0,482704
9,092;0,503031
9,094;0,521757
9,096;0,538821
9,098;0,554164
9,1;0,567734
9,102;0,579485
9,104;0,589374
9,106;0,597368
9,108;0,603437
9,11;0,607558
9,112;0,609715
9,114;0,609895
9,116;0,608097
9,118;0,604321
9,12;0,598575
9,122;0,590875
9,124;0,581242
9,126;0,569702
9,128;0,55629
9,13;0,541044
9,132;0,52401
9,134;0,505239
9,136;0,484788
9,138;0,462719
9,14;0,4391
9,142;0,414004
9,144;0,387508
9,146;0,359693
9,148;0,330648
9,15;0,300462
9,152;0,26923
9,154;0,23705
9,156;0,204023
9,158;0,170253
9,16;0,135847
9,162;0,100914
9,164;0,0655639
9,166;0,0299102
9,168;0,00593412
9,17;0,0418546
9,172;0,0777365
9,174;0,113465
9,176;0,148925
9,178;0,184003
9,18;0,218587
9,182;0,252563
9,184;0,285823
9,186;0,318259
9,188;0,349765
9,19;0,380239
9,192;0,409582
9,194;0,437696
9,196;0,464491
9,198;0,489878
9,2;0,513773
9,202;0,536097
9,204;0,556775
9,206;0,575738
9,208;0,592923
9,21;0,608271
9,212;0,621729
9,214;0,633251
9,216;0,642797
9,218;0,650331
9,22;0,655827
9,222;0,659263
9,224;0,660624
9,226;0,659902
9,228;0,657094
9,23;0,652208
9,232;0,645253
9,234;0,636249
9,236;0,62522
9,238;0,612199
9,24;0,597222
9,242;0,580334
9,244;0,561587
9,246;0,541035
9,248;0,518742
9,25;0,494776
9,252;0,46921
9,254;0,442123
9,256;0,413599
9,258;0,383726
9,26;0,352598
9,262;0,320312
9,264;0,286969
9,266;0,252674
9,268;0,217535
9,27;0,181662
9,272;0,145169
9,274;0,108171
9,276;0,070787
9,278;0,0331347
9,28;0,00466561
9,282;0,0424933
9,284;0,0802273
9,286;0,117747
9,288;0,154931
9,29;0,191661
9,292;0,227818
9,294;0,263285
9,296;0,297947
9,298;0,331692
9,3;0,364411
9,302;0,395996
9,304;0,426345
9,306;0,455358
9,308;0,482939
9,31;0,508999
9,312;0,533449
9,314;0,556211
9,316;0,577206
9,318;0,596366
9,32;0,613624
9,322;0,628923
9,324;0,64221
9,326;0,653438
9,328;0,662567
9,33;0,669566
9,332;0,674406
9,334;0,677069
9,336;0,677542
9,338;0,67582
9,34;0,671903
9,342;0,665801
9,344;0,657529
9,346;0,647108
9,348;0,63457
9,35;0,619948
9,352;0,603288
9,354;0,584638
9,356;0,564053
9,358;0,541597
9,36;0,517338
9,362;0,49135
9,364;0,463712
9,366;0,434511
9,368;0,403836
9,37;0,371784
9,372;0,338454
9,374;0,30395
9,376;0,268381
9,378;0,231859
9,38;0,194498
9,382;0,156417
9,384;0,117735
9,386;0,078577
9,388;0,0390657
9,39;0,000672657
9,392;0,0405113
9,394;0,080323
9,396;0,11998
9,398;0,159356
9,4;0,198323
9,402;0,236757
9,404;0,274533
9,406;0,31153
9,408;0,347627
9,41;0,382707
9,412;0,416656
9,414;0,449364
9,416;0,480723
9,418;0,510631
9,42;0,538988
9,422;0,565703
9,424;0,590685
9,426;0,613851
9,428;0,635125
9,43;0,654435
9,432;0,671715
9,434;0,686905
9,436;0,699955
9,438;0,710817
9,44;0,719453
9,442;0,725831
9,444;0,729927
9,446;0,731723
9,448;0,731209
9,45;0,728382
9,452;0,723248
9,454;0,715818
9,456;0,706111
9,458;0,694156
9,46;0,679985
9,462;0,66364
9,464;0,645169
9,466;0,624627
9,468;0,602076
9,47;0,577585
9,472;0,551229
9,474;0,523087
9,476;0,493247
9,478;0,461802
9,48;0,428848
9,482;0,394489
9,484;0,358832
9,486;0,321988
9,488;0,284073
9,49;0,245206
9,492;0,205511
9,494;0,165112
9,496;0,124138
9,498;0,0827185
9,5;0,0409851
9,502;0,000929049
9,504;0,0428902
9,506;0,0847641
9,508;0,126417
9,51;0,167714
9,512;0,208524
9,514;0,248714
9,516;0,288155
9,518;0,32672
9,52;0,364282
9,522;0,400721
9,524;0,435917
9,526;0,469755
9,528;0,502126
9,53;0,532921
9,532;0,562041
9,534;0,589388
9,536;0,614871
9,538;0,638407
9,54;0,659915
9,542;0,679323
9,544;0,696566
9,546;0,711583
9,548;0,724323
9,55;0,739266
9,552;0,756369
9,554;0,77558
9,556;0,796842
9,558;0,820092
9,56;0,845258
9,562;0,872263
9,564;0,901024
9,566;0,931453
9,568;0,963456
9,57;0,996932
9,572;1,03178
9,574;1,06788
9,576;1,10514
9,578;1,14342
9,58;1,18262
9,582;1,2226
9,584;1,26324
9,586;1,30441
9,588;1,34598
9,59;1,38781
9,592;1,42978
9,594;1,47176
9,596;1,5136
9,598;1,55516
9,6;1,59633
9,602;1,63697
9,604;1,67694
9,606;1,71611
9,608;1,75436
9,61;1,79157
9,612;1,82761
9,614;1,86237
9,616;1,89573
9,618;1,92758
9,62;1,95782
9,622;1,98635
9,624;2,01308
9,626;2,03791
9,628;2,06076
9,63;2,08156
9,632;2,10023
9,634;2,11671
9,636;2,13095
9,638;2,14289
9,64;2,1525
9,642;2,15973
9,644;2,16456
9,646;2,16697
9,648;2,16695
9,65;2,16449
9,652;2,1596
9,654;2,15229
9,656;2,14257
9,658;2,13047
9,66;2,11603
9,662;2,09929
9,664;2,0803
9,666;2,05911
9,668;2,0358
9,67;2,01042
9,672;1,98305
9,674;1,95379
9,676;1,92272
9,678;1,88994
9,68;1,85554
9,682;1,81964
9,684;1,78234
9,686;1,74377
9,688;1,70405
9,69;1,66329
9,692;1,62163
9,694;1,57921
9,696;1,53615
9,698;1,49259
9,7;1,44866
9,702;1,40452
9,704;1,3603
9,706;1,31614
9,708;1,27218
9,71;1,22857
9,712;1,18544
9,714;1,14294
9,716;1,1012
9,718;1,06035
9,72;1,02053
9,722;0,981862
9,724;0,944481
9,726;0,908506
9,728;0,874053
9,73;0,841236
9,732;0,810163
9,734;0,780937
9,736;0,753654
9,738;0,728406
9,74;0,705277
9,742;0,684345
9,744;0,661157
9,746;0,63578
9,748;0,608294
9,75;0,578781
9,752;0,547333
9,754;0,514047
9,756;0,479025
9,758;0,442377
9,76;0,404216
9,762;0,364662
9,764;0,32384
9,766;0,281876
9,768;0,238904
9,77;0,195059
9,772;0,15048
9,774;0,105307
9,776;0,0596852
9,778;0,0137587
9,78;0,0323258
9,782;0,0784212
9,784;0,12438
9,786;0,170055
9,788;0,215299
9,79;0,259967
9,792;0,303915
9,794;0,347
9,796;0,389084
9,798;0,43003
9,8;0,469704
9,802;0,507977
9,804;0,544725
9,806;0,579827
9,808;0,613166
9,81;0,644635
9,812;0,674127
9,814;0,701546
9,816;0,726799
9,818;0,749801
9,82;0,770476
9,822;0,788752
9,824;0,804566
9,826;0,817864
9,828;0,828597
9,83;0,836728
9,832;0,842224
9,834;0,845064
9,836;0,845233
9,838;0,842726
9,84;0,837545
9,842;0,829704
9,844;0,81922
9,846;0,806124
9,848;0,790453
9,85;0,772251
9,852;0,751572
9,854;0,728477
9,856;0,703037
9,858;0,675328
9,86;0,645434
9,862;0,613447
9,864;0,579466
9,866;0,543596
9,868;0,505947
9,87;0,466637
9,872;0,425789
9,874;0,38353
9,876;0,339994
9,878;0,295317
9,88;0,249639
9,882;0,203106
9,884;0,155864
9,886;0,108063
9,888;0,0598559
9,89;0,0113954
9,892;0,0371638
9,894;0,0856664
9,896;0,133957
9,898;0,181881
9,9;0,229284
9,902;0,276014
9,904;0,321919
9,906;0,366852
9,908;0,410666
9,91;0,453219
9,912;0,494374
9,914;0,533995
9,916;0,571953
9,918;0,608123
9,92;0,642386
9,922;0,67463
9,924;0,704746
9,926;0,732636
9,928;0,758204
9,93;0,785892
9,932;0,815613
9,934;0,847277
9,936;0,880786
9,938;0,916036
9,94;0,952918
9,942;0,991317
9,944;1,03111
9,946;1,07218
9,948;1,11439
9,95;1,15761
9,952;1,2017
9,954;1,24653
9,956;1,29195
9,958;1,33782
9,96;1,38399
9,962;1,43031
9,964;1,47664
9,966;1,52283
9,968;1,56873
9,97;1,61419
9,972;1,65907
9,974;1,70322
9,976;1,7465
9,978;1,78877
9,98;1,82989
9,982;1,86973
9,984;1,90816
9,986;1,94505
9,988;1,98028
9,99;2,01374
9,992;2,04532
9,994;2,0749
9,996;2,1024
9,998;2,12772
10;2,15078
10,002;2,17149
10,004;2,18979
10,006;2,20561
10,008;2,2189
10,01;2,22962
10,012;2,23772
10,014;2,24316
10,016;2,24594
10,018;2,24603
10,02;2,24344
10,022;2,23815
10,024;2,23019
10,026;2,21958
10,028;2,20634
10,03;2,19052
10,032;2,17215
10,034;2,15129
10,036;2,12801
10,038;2,10237
10,04;2,07446
10,042;2,04435
10,044;2,01214
10,046;1,97793
10,048;1,94182
10,05;1,90393
10,052;1,86437
10,054;1,82327
10,056;1,78076
10,058;1,73696
10,06;1,69202
10,062;1,64608
10,064;1,59929
10,066;1,55179
10,068;1,50372
10,07;1,45526
10,072;1,40655
10,074;1,35774
10,076;1,30899
10,078;1,26046
10,08;1,2123
10,082;1,16467
10,084;1,11772
10,086;1,07161
10,088;1,02647
10,09;0,982468
10,092;0,939735
10,094;0,898411
10,096;0,858632
10,098;0,820529
10,1;0,784226
10,102;0,749843
10,104;0,717494
10,106;0,687285
10,108;0,659318
10,11;0,629161
10,112;0,596905
10,114;0,562652
10,116;0,526505
10,118;0,488578
10,12;0,448988
10,122;0,40786
10,124;0,365321
10,126;0,321505
10,128;0,276551
10,13;0,230599
10,132;0,183795
10,134;0,136288
10,136;0,0882276
10,138;0,0397668
10,14;0,00894003
10,142;0,0577374
10,144;0,106469
10,146;0,15498
10,148;0,203113
10,15;0,250715
10,152;0,297632
10,154;0,343711
10,156;0,388806
10,158;0,432768
10,16;0,475457
10,162;0,516731
10,164;0,556458
10,166;0,594506
10,168;0,630751
10,17;0,665074
10,172;0,69736
10,174;0,727504
10,176;0,755404
10,178;0,780968
10,18;0,804108
10,182;0,824746
10,184;0,842813
10,186;0,858244
10,188;0,870986
10,19;0,880993
10,192;0,888227
10,194;0,892661
10,196;0,894275
10,198;0,893059
10,2;0,889011
10,202;0,882139
10,204;0,87246
10,206;0,859998
10,208;0,84479
10,21;0,826879
10,212;0,806316
10,214;0,783163
10,216;0,757489
10,218;0,729371
10,22;0,698895
10,222;0,666154
10,224;0,631249
10,226;0,594286
10,228;0,555381
10,23;0,514655
10,232;0,472234
10,234;0,428251
10,236;0,382844
10,238;0,336155
10,24;0,288332
10,242;0,239525
10,244;0,189888
10,246;0,13958
10,248;0,0887592
10,25;0,0375879
10,252;0,0137708
10,254;0,0651531
10,256;0,116395
10,258;0,167331
10,26;0,217799
10,262;0,267635
10,264;0,31668
10,266;0,364775
10,268;0,411764
10,27;0,457495
10,272;0,501819
10,274;0,544591
10,276;0,585673
10,278;0,624928
10,28;0,662229
10,282;0,697452
10,284;0,730481
10,286;0,761206
10,288;0,794049
10,29;0,82891
10,292;0,86568
10,294;0,904247
10,296;0,944488
10,298;0,98628
10,3;1,02949
10,302;1,07399
10,304;1,11962
10,306;1,16626
10,308;1,21375
10,31;1,26194
10,312;1,31068
10,314;1,35982
10,316;1,40919
10,318;1,45864
10,32;1,50801
10,322;1,55715
10,324;1,6059
10,326;1,65409
10,328;1,70158
10,33;1,7482
10,332;1,79382
10,334;1,83828
10,336;1,88144
10,338;1,92315
10,34;1,96329
10,342;2,00171
10,344;2,0383
10,346;2,07293
10,348;2,10549
10,35;2,13588
10,352;2,16397
10,354;2,1897
10,356;2,21296
10,358;2,23368
10,36;2,25179
10,362;2,26723
10,364;2,27994
10,366;2,28987
10,368;2,29699
10,37;2,30127
10,372;2,30269
10,374;2,30124
10,376;2,29692
10,378;2,28974
10,38;2,27972
10,382;2,26688
10,384;2,25126
10,386;2,23291
10,388;2,21187
10,39;2,18821
10,392;2,162
10,394;2,13333
10,396;2,10227
10,398;2,06892
10,4;2,03339
10,402;1,99578
10,404;1,95621
10,406;1,9148
10,408;1,87169
10,41;1,827
10,412;1,78088
10,414;1,73348
10,416;1,68493
10,418;1,6354
10,42;1,58504
10,422;1,53402
10,424;1,48248
10,426;1,43061
10,428;1,37855
10,43;1,32649
10,432;1,27457
10,434;1,22299
10,436;1,17188
10,438;1,12143
10,44;1,0718
10,442;1,02314
10,444;0,975609
10,446;0,929367
10,448;0,884562
10,45;0,84134
10,452;0,799842
10,454;0,760205
10,456;0,722558
10,458;0,687025
10,46;0,653726
10,462;0,618243
10,464;0,580688
10,466;0,541176
10,468;0,499831
10,47;0,45678
10,472;0,41216
10,474;0,366108
10,476;0,318771
10,478;0,270298
10,48;0,22084
10,482;0,170555
10,484;0,119603
10,486;0,0681437
10,488;0,0163425
10,49;0,035636
10,492;0,0876258
10,494;0,139461
10,496;0,190974
10,498;0,242001
10,5;0,292377
10,502;0,341939
10,504;0,390529
10,506;0,437987
10,508;0,484161
10,51;0,5289
10,512;0,572059
10,514;0,613495
10,516;0,653074
10,518;0,690666
10,52;0,726145
10,522;0,759396
10,524;0,790307
10,526;0,818774
10,528;0,844704
10,53;0,868006
10,532;0,888603
10,534;0,906424
10,536;0,921405
10,538;0,933494
10,54;0,942646
10,542;0,948828
10,544;0,952013
10,546;0,952186
10,548;0,94934
10,55;0,94348
10,552;0,934618
10,554;0,922776
10,556;0,907988
10,558;0,890295
10,56;0,869749
10,562;0,846409
10,564;0,820346
10,566;0,791636
10,568;0,760369
10,57;0,726638
10,572;0,690547
10,574;0,652208
10,576;0,611738
10,578;0,569263
10,58;0,524915
10,582;0,478834
10,584;0,431162
10,586;0,38205
10,588;0,331652
10,59;0,280127
10,592;0,227637
10,594;0,17435
10,596;0,120433
10,598;0,0660586
10,6;0,0113996
10,602;0,0433696
10,604;0,098074
10,606;0,152538
10,608;0,206588
10,61;0,260049
10,612;0,31275
10,614;0,36452
10,616;0,415191
10,618;0,464601
10,62;0,512587
10,622;0,558995
10,624;0,603672
10,626;0,646473
10,628;0,687256
10,63;0,725888
10,632;0,762241
10,634;0,80072
10,636;0,841206
10,638;0,883573
10,64;0,927688
10,642;0,973415
10,644;1,02061
10,646;1,06912
10,648;1,1188
10,65;1,16949
10,652;1,22103
10,654;1,27326
10,656;1,326
10,658;1,3791
10,66;1,43238
10,662;1,48567
10,664;1,53881
10,666;1,59162
10,668;1,64393
10,67;1,69558
10,672;1,74639
10,674;1,79621
10,676;1,84487
10,678;1,89221
10,68;1,93809
10,682;1,98234
10,684;2,02483
10,686;2,06542
10,688;2,10397
10,69;2,14036
10,692;2,17447
10,694;2,20618
10,696;2,23538
10,698;2,26198
10,7;2,28589
10,702;2,30703
10,704;2,32532
10,706;2,34071
10,708;2,35312
10,71;2,36253
10,712;2,36889
10,714;2,37219
10,716;2,37239
10,718;2,3695
10,72;2,36352
10,722;2,35446
10,724;2,34235
10,726;2,32722
10,728;2,30911
10,73;2,28807
10,732;2,26417
10,734;2,23748
10,736;2,20807
10,738;2,17604
10,74;2,14149
10,742;2,10451
10,744;2,06523
10,746;2,02376
10,748;1,98024
10,75;1,9348
10,752;1,88757
10,754;1,83872
10,756;1,78839
10,758;1,73674
10,76;1,68393
10,762;1,63013
10,764;1,57551
10,766;1,52025
10,768;1,46452
10,77;1,40849
10,772;1,35234
10,774;1,29627
10,776;1,24043
10,778;1,18502
10,78;1,13022
10,782;1,07619
10,784;1,02311
10,786;0,971157
10,788;0,920496
10,79;0,871293
10,792;0,823707
10,794;0,777893
10,796;0,734002
10,798;0,692177
10,8;0,652556
10,802;0,610745
10,804;0,566874
10,806;0,521078
10,808;0,473501
10,81;0,424291
10,812;0,373604
10,814;0,321598
10,816;0,268438
10,818;0,214291
10,82;0,159329
10,822;0,103727
10,824;0,04766
10,826;0,00869208
10,828;0,0651498
10,83;0,121533
10,832;0,17766
10,834;0,233352
10,836;0,28843
10,838;0,342715
10,84;0,396034
10,842;0,448213
10,844;0,499084
10,846;0,54848
10,848;0,596243
10,85;0,642214
10,852;0,686245
10,854;0,72819
10,856;0,767911
10,858;0,805278
10,86;0,840165
10,862;0,872458
10,864;0,902047
10,866;0,928833
10,868;0,952725
10,87;0,973642
10,872;0,99151
10,874;1,00627
10,876;1,01786
10,878;1,02624
10,88;1,03139
10,882;1,03327
10,884;1,03188
10,886;1,02721
10,888;1,01928
10,89;1,00809
10,892;0,993691
10,894;0,97611
10,896;0,955401
10,898;0,931625
10,9;0,904851
10,902;0,87516
10,904;0,842641
10,906;0,807393
10,908;0,769525
10,91;0,729151
10,912;0,686397
10,914;0,641395
10,916;0,594285
10,918;0,545213
10,92;0,494334
10,922;0,441806
10,924;0,387794
10,926;0,332469
10,928;0,276005
10,93;0,21858
10,932;0,160378
10,934;0,101581
10,936;0,0423785
10,938;0,0170421
10,94;0,0764909
10,942;0,135778
10,944;0,194712
10,946;0,253105
10,948;0,310769
10,95;0,367518
10,952;0,423169
10,954;0,477541
10,956;0,530458
10,958;0,581748
10,96;0,631244
10,962;0,678784
10,964;0,724212
10,966;0,767379
10,968;0,812669
10,97;0,85994
10,972;0,909044
10,974;0,959829
10,976;1,01213
10,978;1,06579
10,98;1,12064
10,982;1,1765
10,984;1,2332
10,986;1,29056
10,988;1,34839
10,99;1,4065
10,992;1,46473
10,994;1,52287
10,996;1,58075
10,998;1,63817
11;1,69495
11,002;1,75092
11,004;1,80588
11,006;1,85967
11,008;1,9121
11,01;1,963
11,012;2,01222
11,014;2,05959
11,016;2,10495
11,018;2,14816
11,02;2,18907
11,022;2,22755
11,024;2,26347
11,026;2,29672
11,028;2,32717
11,03;2,35473
11,032;2,3793
11,034;2,4008
11,036;2,41916
11,038;2,43431
11,04;2,44619
11,042;2,45476
11,044;2,46
11,046;2,46186
11,048;2,46035
11,05;2,45547
11,052;2,44721
11,054;2,4356
11,056;2,42068
11,058;2,40247
11,06;2,38105
11,062;2,35646
11,064;2,32878
11,066;2,29809
11,068;2,26449
11,07;2,22808
11,072;2,18897
11,074;2,14728
11,076;2,10313
11,078;2,05667
11,08;2,00804
11,082;1,95739
11,084;1,90488
11,086;1,85068
11,088;1,79494
11,09;1,73786
11,092;1,67961
11,094;1,62036
11,096;1,56033
11,098;1,49968
11,1;1,43862
11,102;1,37733
11,104;1,31603
11,106;1,25489
11,108;1,19412
11,11;1,13392
11,112;1,07447
11,114;1,01597
11,116;0,958602
11,118;0,90256
11,12;0,848022
11,122;0,795167
11,124;0,744165
11,126;0,695184
11,128;0,648384
11,13;0,599393
11,132;0,548365
11,134;0,495458
11,136;0,440839
11,138;0,384679
11,14;0,327155
11,142;0,268449
11,144;0,208745
11,146;0,148234
11,148;0,087107
11,15;0,025559
11,152;0,0362139
11,154;0,0980146
11,156;0,159645
11,158;0,220908
11,16;0,281607
11,162;0,341546
11,164;0,400533
11,166;0,458376
11,168;0,514889
11,17;0,569888
11,172;0,623194
11,174;0,674633
11,176;0,724039
11,178;0,771247
11,18;0,816104
11,182;0,858462
11,184;0,89818
11,186;0,935126
11,188;0,969177
11,19;1,00022
11,192;1,02815
11,194;1,05286
11,196;1,07429
11,198;1,09234
11,2;1,10696
11,202;1,11809
11,204;1,1257
11,206;1,12974
11,208;1,1302
11,21;1,12708
11,212;1,12038
11,214;1,1101
11,216;1,09628
11,218;1,07896
11,22;1,05817
11,222;1,034
11,224;1,00649
11,226;0,975744
11,228;0,941845
11,23;0,904897
11,232;0,865012
11,234;0,822313
11,236;0,776932
11,238;0,729008
11,24;0,67869
11,242;0,626134
11,244;0,571505
11,246;0,514974
11,248;0,456717
11,25;0,396918
11,252;0,335766
11,254;0,273454
11,256;0,210178
11,258;0,14614
11,26;0,0815434
11,262;0,0165933
11,264;0,0485028
11,266;0,113537
11,268;0,178301
11,27;0,242587
11,272;0,306188
11,274;0,3689
11,276;0,430521
11,278;0,49085
11,28;0,549693
11,282;0,606859
11,284;0,662161
11,286;0,715419
11,288;0,766459
11,29;0,819638
11,292;0,874792
11,294;0,931746
11,296;0,990322
11,298;1,05034
11,3;1,1116
11,302;1,17391
11,304;1,23709
11,306;1,30092
11,308;1,3652
11,31;1,42973
11,312;1,4943
11,314;1,55871
11,316;1,62275
11,318;1,68622
11,32;1,7489
11,322;1,8106
11,324;1,87112
11,326;1,93026
11,328;1,98784
11,33;2,04365
11,332;2,09753
11,334;2,14929
11,336;2,19877
11,338;2,24581
11,34;2,29024
11,342;2,33192
11,344;2,37072
11,346;2,4065
11,348;2,43914
11,35;2,46854
11,352;2,49458
11,354;2,5172
11,356;2,53629
11,358;2,5518
11,36;2,56368
11,362;2,57186
11,364;2,57634
11,366;2,57707
11,368;2,57405
11,37;2,56729
11,372;2,5568
11,374;2,5426
11,376;2,52474
11,378;2,50326
11,38;2,47823
11,382;2,44972
11,384;2,41782
11,386;2,38261
11,388;2,34421
11,39;2,30274
11,392;2,25832
11,394;2,21108
11,396;2,16118
11,398;2,10877
11,4;2,05401
11,402;1,99707
11,404;1,93813
11,406;1,87737
11,408;1,81499
11,41;1,75119
11,412;1,68616
11,414;1,62011
11,416;1,55325
11,418;1,48579
11,42;1,41794
11,422;1,34994
11,424;1,28198
11,426;1,21429
11,428;1,14708
11,43;1,08057
11,432;1,01499
11,434;0,950522
11,436;0,887395
11,438;0,825807
11,44;0,765959
11,442;0,708045
11,444;0,652255
11,446;0,59877
11,448;0,543242
11,45;0,485843
11,452;0,426753
11,454;0,36616
11,456;0,304254
11,458;0,24123
11,46;0,177288
11,462;0,112631
11,464;0,0474651
11,466;0,0180029
11,468;0,0835637
11,47;0,149008
11,472;0,214126
11,474;0,278708
11,476;0,342547
11,478;0,405438
11,48;0,467177
11,482;0,527564
11,484;0,586405
11,486;0,643506
11,488;0,698684
11,49;0,751757
11,492;0,802552
11,494;0,850901
11,496;0,896647
11,498;0,939637
11,5;0,979728
11,502;1,01679
11,504;1,05069
11,506;1,08132
11,508;1,10858
11,51;1,13237
11,512;1,15261
11,514;1,16923
11,516;1,18216
11,518;1,19136
11,52;1,1968
11,522;1,19845
11,524;1,19629
11,526;1,19032
11,528;1,18057
11,53;1,16705
11,532;1,1498
11,534;1,12886
11,536;1,1043
11,538;1,07619
11,54;1,04461
11,542;1,00966
11,544;0,971437
11,546;0,930065
11,548;0,885668
11,55;0,838382
11,552;0,788353
11,554;0,735737
11,556;0,680696
11,558;0,623403
11,56;0,564036
11,562;0,502781
11,564;0,439832
11,566;0,375386
11,568;0,309646
11,57;0,242822
11,572;0,175124
11,574;0,106767
11,576;0,0379694
11,578;0,0310498
11,58;0,10007
11,582;0,168871
11,584;0,237231
11,586;0,304932
11,588;0,371755
11,59;0,437485
11,592;0,501909
11,594;0,564819
11,596;0,626011
11,598;0,685286
11,6;0,74245
11,602;0,797316
11,604;0,854231
11,606;0,913016
11,608;0,973486
11,61;1,03545
11,612;1,09872
11,614;1,16308
11,616;1,22834
11,618;1,29429
11,62;1,36071
11,622;1,4274
11,624;1,49415
11,626;1,56074
11,628;1,62695
11,63;1,69258
11,632;1,75742
11,634;1,82124
11,636;1,88386
11,638;1,94506
11,64;2,00465
11,642;2,06243
11,644;2,11822
11,646;2,17183
11,648;2,22309
11,65;2,27182
11,652;2,31788
11,654;2,3611
11,656;2,40134
11,658;2,43847
11,66;2,47237
11,662;2,50291
11,664;2,53
11,666;2,55354
11,668;2,57345
11,67;2,58966
11,672;2,60211
11,674;2,61076
11,676;2,61556
11,678;2,6165
11,68;2,61356
11,682;2,60676
11,684;2,59609
11,686;2,5816
11,688;2,56331
11,69;2,54129
11,692;2,51559
11,694;2,48629
11,696;2,45347
11,698;2,41724
11,7;2,37771
11,702;2,33499
11,704;2,28921
11,706;2,24052
11,708;2,18907
11,71;2,13502
11,712;2,07852
11,714;2,01977
11,716;1,95895
11,718;1,89623
11,72;1,83183
11,722;1,76595
11,724;1,69879
11,726;1,63056
11,728;1,56149
11,73;1,49178
11,732;1,42168
11,734;1,35138
11,736;1,28113
11,738;1,21115
11,74;1,14166
11,742;1,07288
11,744;1,00503
11,746;0,938345
11,748;0,873026
11,75;0,809288
11,752;0,74734
11,754;0,687381
11,756;0,629608
11,758;0,569684
11,76;0,507797
11,762;0,444141
11,764;0,378917
11,766;0,31233
11,768;0,244591
11,77;0,175915
11,772;0,106519
11,774;0,0366249
11,776;0,0335453
11,778;0,103768
11,78;0,173817
11,782;0,243469
11,784;0,312501
11,786;0,38069
11,788;0,447816
11,79;0,513662
11,792;0,578016
11,794;0,640669
11,796;0,701417
11,798;0,760062
11,8;0,816413
11,802;0,870284
11,804;0,9215
11,806;0,969891
11,808;1,0153
11,81;1,05757
11,812;1,09656
11,814;1,13214
11,816;1,1642
11,818;1,19262
11,82;1,2173
11,822;1,23817
11,824;1,25513
11,826;1,26815
11,828;1,27715
11,83;1,28212
11,832;1,28302
11,834;1,27984
11,836;1,27259
11,838;1,26128
11,84;1,24595
11,842;1,22662
11,844;1,20337
11,846;1,17625
11,848;1,14534
11,85;1,11073
11,852;1,07254
11,854;1,03087
11,856;0,985855
11,858;0,937627
11,86;0,886337
11,862;0,832144
11,864;0,775215
11,866;0,715727
11,868;0,653866
11,87;0,589825
11,872;0,523806
11,874;0,456015
11,876;0,386667
11,878;0,315981
11,88;0,24418
11,882;0,171492
11,884;0,098147
11,886;0,0243798
11,888;0,0495748
11,89;0,123481
11,892;0,197101
11,894;0,2702
11,896;0,342542
11,898;0,413895
11,9;0,484028
11,902;0,552715
11,904;0,619733
11,906;0,684865
11,908;0,747899
11,91;0,808629
11,912;0,871381
11,914;0,93596
11,916;1,00216
11,918;1,06978
11,92;1,13859
11,922;1,20839
11,924;1,27895
11,926;1,35004
11,928;1,42145
11,93;1,49293
11,932;1,56427
11,934;1,63524
11,936;1,7056
11,938;1,77513
11,94;1,84361
11,942;1,91081
11,944;1,97652
11,946;2,04053
11,948;2,10262
11,95;2,1626
11,952;2,22027
11,954;2,27543
11,956;2,32792
11,958;2,37755
11,96;2,42417
11,962;2,46761
11,964;2,50773
11,966;2,5444
11,968;2,57749
11,97;2,6069
11,972;2,63251
11,974;2,65424
11,976;2,67202
11,978;2,68578
11,98;2,69547
11,982;2,70105
11,984;2,70249
11,986;2,69978
11,988;2,69293
11,99;2,68194
11,992;2,66685
11,994;2,6477
11,996;2,62453
11,998;2,59741
12;2,56644
12,002;2,53169
