0,002;0
0,004;2,82843e-05
0,006;8,48151e-05
0,008;0,000169434
0,01;0,000281863
0,012;0,000421703
0,014;0,000588438
0,016;0,000781436
0,018;0,00099995
0,02;0,00124312
0,022;0,00150999
0,024;0,00179948
0,026;0,00211043
0,028;0,00244157
0,03;0,00279154
0,032;0,00315892
0,034;0,00354218
0,036;0,00393974
0,038;0,00434993
0,04;0,00477106
0,042;0,00520135
0,044;0,00563899
0,046;0,00608214
0,048;0,00652892
0,05;0,00697745
0,052;0,0074258
0,054;0,00787207
0,056;0,00831434
0,058;0,00875072
0,06;0,00917933
0,062;0,00959831
0,064;0,0100059
0,066;0,0104002
0,068;0,0107796
0,07;0,0111424
0,072;0,011487
0,074;0,0118119
0,076;0,0121156
0,078;0,0123969
0,08;0,0126543
0,082;0,0128868
0,084;0,0130932
0,086;0,0132727
0,088;0,0134244
0,09;0,0135475
0,092;0,0136415
0,094;0,0137058
0,096;0,0137401
0,098;0,0137442
0,1;0,0137179
0,102;0,0136613
0,104;0,0135746
0,106;0,0134579
0,108;0,0133118
0,11;0,0131367
0,112;0,0129334
0,114;0,0127025
0,116;0,0124451
0,118;0,0121621
0,12;0,0118546
0,122;0,011524
0,124;0,0111715
0,126;0,0107986
0,128;0,0104068
0,13;0,00999775
0,132;0,00957312
0,134;0,00913468
0,136;0,00868426
0,138;0,00822376
0,14;0,00775509
0,142;0,00728026
0,144;0,00680125
0,146;0,0063201
0,148;0,00583885
0,15;0,00535957
0,152;0,0048843
0,154;0,00441508
0,156;0,00395393
0,158;0,00350284
0,16;0,00306377
0,162;0,00263862
0,164;0,00222925
0,166;0,00183745
0,168;0,00146495
0,17;0,00111338
0,172;0,000784325
0,174;0,000479238
0,176;0,000199496
0,178;5,36331e-05
0,18;0,000278992
0,182;0,000475537
0,184;0,000642346
0,186;0,000778619
0,188;0,000883686
0,19;0,000957005
0,192;0,000998173
0,194;0,00100692
0,196;0,000983108
0,198;0,00092675
0,2;0,000837988
0,202;0,000717106
0,204;0,000564525
0,206;0,000380804
0,208;0,000166635
0,21;7,71579e-05
0,212;0,000349621
0,214;0,000649675
0,216;0,000976122
0,218;0,00132765
0,22;0,00170282
0,222;0,00210012
0,224;0,0025179
0,226;0,00295445
0,228;0,00340796
0,23;0,00387654
0,232;0,00435824
0,234;0,00485105
0,236;0,00535288
0,238;0,00586164
0,24;0,00637516
0,242;0,00689127
0,244;0,00740778
0,246;0,00792247
0,248;0,00843316
0,25;0,00893766
0,252;0,00943378
0,254;0,00991939
0,256;0,0103924
0,258;0,0108507
0,26;0,0112924
0,262;0,0117154
0,264;0,012118
0,266;0,0124984
0,268;0,0128548
0,27;0,0131857
0,272;0,0134896
0,274;0,0137652
0,276;0,0140111
0,278;0,0142262
0,28;0,0144095
0,282;0,0145602
0,284;0,0146775
0,286;0,0147608
0,288;0,0148096
0,29;0,0148237
0,292;0,0148028
0,294;0,014747
0,296;0,0146564
0,298;0,0145313
0,3;0,0143722
0,302;0,0141795
0,304;0,013954
0,306;0,0136966
0,308;0,0134083
0,31;0,0130903
0,312;0,0127437
0,314;0,01237
0,316;0,0119708
0,318;0,0115476
0,32;0,0111021
0,322;0,0106363
0,324;0,010152
0,326;0,00965121
0,328;0,00913609
0,33;0,00860877
0,332;0,00807145
0,334;0,0075264
0,336;0,00697593
0,338;0,00642236
0,34;0,00586805
0,342;0,00531536
0,344;0,00476665
0,346;0,00422428
0,348;0,00369059
0,35;0,00316786
0,352;0,00265837
0,354;0,00216432
0,356;0,00168788
0,358;0,00123112
0,36;0,000796054
0,362;0,000384599
0,364;1,42032e-06
0,366;0,000360281
0,368;0,000690373
0,37;0,000990204
0,372;0,0012584
0,374;0,00149374
0,376;0,00169511
0,378;0,00186155
0,38;0,00199225
0,382;0,00208655
0,384;0,00214394
0,386;0,00216407
0,388;0,00214674
0,39;0,00209191
0,392;0,00199971
0,394;0,00187043
0,396;0,0017045
0,398;0,00150253
0,4;0,00126528
0,402;0,000993639
0,404;0,000688681
0,406;0,000351607
0,408;1,62414e-05
0,41;0,000413383
0,412;0,000838211
0,414;0,00128899
0,416;0,00176388
0,418;0,00226092
0,42;0,00277806
0,422;0,00331314
0,424;0,00386394
0,426;0,00442816
0,428;0,00500342
0,43;0,0055873
0,432;0,00617734
0,434;0,00677104
0,436;0,00736588
0,438;0,00795932
0,44;0,00854882
0,442;0,00913187
0,444;0,00970594
0,446;0,0102686
0,448;0,0108173
0,45;0,0113498
0,452;0,0118637
0,454;0,0123568
0,456;0,0128269
0,458;0,0132719
0,46;0,0136899
0,462;0,014079
0,464;0,0144375
0,466;0,0147637
0,468;0,0150561
0,47;0,0153134
0,472;0,0155345
0,474;0,0157181
0,476;0,0158636
0,478;0,0159701
0,48;0,016037
0,482;0,016064
0,484;0,0160508
0,486;0,0159974
0,488;0,0159038
0,49;0,0157704
0,492;0,0155976
0,494;0,0153861
0,496;0,0151365
0,498;0,0148499
0,5;0,0145274
0,502;0,0141703
0,504;0,0137799
0,506;0,0133579
0,508;0,0129059
0,51;0,0124259
0,512;0,0119196
0,514;0,0113894
0,516;0,0108372
0,518;0,0102655
0,52;0,00967662
0,522;0,00907298
0,524;0,00845715
0,526;0,00783171
0,528;0,0071993
0,53;0,00656261
0,532;0,00592433
0,534;0,00528719
0,536;0,00465391
0,538;0,00402719
0,54;0,00340974
0,542;0,00280421
0,544;0,00221323
0,546;0,00163935
0,548;0,00108508
0,55;0,000552839
0,552;4,49623e-05
0,554;0,000436312
0,556;0,000888852
0,558;0,00131064
0,56;0,00169979
0,562;0,00205455
0,564;0,0023733
0,566;0,00265457
0,568;0,00289706
0,57;0,00309961
0,572;0,00326125
0,574;0,00338116
0,576;0,00345871
0,578;0,00349345
0,58;0,0034851
0,582;0,00343358
0,584;0,00333897
0,586;0,00320155
0,588;0,00302178
0,59;0,00280031
0,592;0,00253795
0,594;0,00223572
0,596;0,00189477
0,598;0,00151646
0,6;0,00110228
0,602;0,000653896
0,604;0,000173125
0,606;0,000338079
0,608;0,000877624
0,61;0,00144329
0,612;0,00203274
0,614;0,00264354
0,616;0,00327313
0,618;0,00391888
0,62;0,0045781
0,622;0,005248
0,624;0,00592575
0,626;0,0066085
0,628;0,00729334
0,63;0,00797735
0,632;0,00865761
0,634;0,00933122
0,636;0,00999527
0,638;0,0106469
0,64;0,0112833
0,642;0,0119017
0,644;0,0124995
0,646;0,0130739
0,648;0,0136225
0,65;0,0141429
0,652;0,0146328
0,654;0,01509
0,656;0,0155123
0,658;0,0158981
0,66;0,0162454
0,662;0,0165527
0,664;0,0168186
0,666;0,0170417
0,668;0,0172211
0,67;0,0173559
0,672;0,0174452
0,674;0,0174887
0,676;0,017486
0,678;0,0174369
0,68;0,0173416
0,682;0,0172003
0,684;0,0170135
0,686;0,0167818
0,688;0,0165061
0,69;0,0161875
0,692;0,0158271
0,694;0,0154265
0,696;0,0149871
0,698;0,0145108
0,7;0,0139995
0,702;0,0134552
0,704;0,0128802
0,706;0,0122769
0,708;0,0116476
0,71;0,0109952
0,712;0,0103221
0,714;0,00963137
0,716;0,00892578
0,718;0,00820832
0,72;0,00748201
0,722;0,00674994
0,724;0,00601521
0,726;0,00528093
0,728;0,00455026
0,73;0,00382631
0,732;0,0031122
0,734;0,002411
0,736;0,00172574
0,738;0,00105939
0,74;0,000414854
0,742;0,000205062
0,744;0,000797637
0,746;0,00136026
0,748;0,00189045
0,75;0,00238584
0,752;0,00284423
0,754;0,00326353
0,756;0,00364186
0,758;0,00397748
0,76;0,00426882
0,762;0,00451453
0,764;0,0047134
0,766;0,00486447
0,768;0,00496694
0,77;0,00502023
0,772;0,00502397
0,774;0,00497801
0,776;0,00488239
0,778;0,00473737
0,78;0,00454343
0,782;0,00430125
0,784;0,00401172
0,786;0,00367595
0,788;0,00329522
0,79;0,00287103
0,792;0,00240506
0,794;0,00189918
0,796;0,00135542
0,798;0,000776008
0,8;0,000163298
0,802;0,00048019
0,804;0,0011518
0,806;0,00184875
0,808;0,00256814
0,81;0,00330697
0,812;0,00406214
0,814;0,00483048
0,816;0,00560875
0,818;0,00639365
0,82;0,00718186
0,822;0,00797002
0,824;0,00875478
0,826;0,00953277
0,828;0,0103006
0,83;0,0110551
0,832;0,0117929
0,834;0,0125108
0,836;0,0132058
0,838;0,0138747
0,84;0,0145147
0,842;0,0151229
0,844;0,0156966
0,846;0,0162333
0,848;0,0167307
0,85;0,0171864
0,852;0,0175983
0,854;0,0179647
0,856;0,0182838
0,858;0,0185541
0,86;0,0187744
0,862;0,0189434
0,864;0,0190604
0,866;0,0191247
0,868;0,0191359
0,87;0,0190938
0,872;0,0189983
0,874;0,0188498
0,876;0,0186487
0,878;0,0183957
0,88;0,0180918
0,882;0,0177381
0,884;0,017336
0,886;0,016887
0,888;0,0163929
0,89;0,0158557
0,892;0,0152776
0,894;0,0146608
0,896;0,014008
0,898;0,0133218
0,9;0,012605
0,902;0,0118606
0,904;0,0110918
0,906;0,0103016
0,908;0,00949342
0,91;0,00867066
0,912;0,00783678
0,914;0,0069953
0,916;0,00614979
0,918;0,00530385
0,92;0,00446107
0,922;0,00362508
0,924;0,00279945
0,926;0,00198774
0,928;0,00119345
0,93;0,00042002
0,932;0,000329183
0,934;0,0010509
0,936;0,00174196
0,938;0,00239933
0,94;0,00302011
0,942;0,00360154
0,944;0,00414102
0,946;0,00463614
0,948;0,00508464
0,95;0,00548448
0,952;0,0058338
0,954;0,00613098
0,956;0,00637458
0,958;0,00656342
0,96;0,00669652
0,962;0,00677316
0,964;0,00679284
0,966;0,00675531
0,968;0,00666056
0,97;0,00650883
0,972;0,0063006
0,974;0,00603659
0,976;0,00571777
0,978;0,00534534
0,98;0,00492072
0,982;0,00444557
0,984;0,00392178
0,986;0,00335144
0,988;0,00273683
0,99;0,00208047
0,992;0,00138502
0,994;0,000653332
0,996;0,000111571
0,998;0,000906527
1;0,00172823
1,002;0,00257325
1,004;0,00343806
1,006;0,00431902
1,008;0,00521242
1,01;0,00611449
1,012;0,0070214
1,014;0,00792929
1,016;0,0088343
1,018;0,00973256
1,02;0,0106202
1,022;0,0114934
1,024;0,0123485
1,026;0,0131816
1,028;0,0139892
1,03;0,0147678
1,032;0,015514
1,034;0,0162244
1,036;0,016896
1,038;0,0175257
1,04;0,0181108
1,042;0,0186486
1,044;0,0191367
1,046;0,0195729
1,048;0,0199552
1,05;0,0202816
1,052;0,0205509
1,054;0,0207614
1,056;0,0209124
1,058;0,0210028
1,06;0,0210321
1,062;0,0210001
1,064;0,0209067
1,066;0,0207521
1,068;0,0205368
1,07;0,0202615
1,072;0,0199272
1,074;0,0195352
1,076;0,019087
1,078;0,0185843
1,08;0,0180292
1,082;0,0174237
1,084;0,0167705
1,086;0,016072
1,088;0,0153313
1,09;0,0145512
1,092;0,013735
1,094;0,0128861
1,096;0,012008
1,098;0,0111044
1,1;0,0101791
1,102;0,00923589
1,104;0,0082788
1,106;0,00731186
1,108;0,00633917
1,11;0,00536487
1,112;0,0043931
1,114;0,00342802
1,116;0,00247377
1,118;0,00153445
1,12;0,000614109
1,122;0,000283265
1,124;0,00115378
1,126;0,00199364
1,128;0,00279917
1,13;0,00356684
1,132;0,00429326
1,134;0,00497521
1,136;0,00560964
1,138;0,00619372
1,14;0,0067248
1,142;0,00720046
1,144;0,00761851
1,146;0,007977
1,148;0,00827421
1,15;0,00850872
1,152;0,00867932
1,154;0,00878511
1,156;0,00882544
1,158;0,00879995
1,16;0,00870855
1,162;0,00855144
1,164;0,00832911
1,166;0,0080423
1,168;0,00769205
1,17;0,00727966
1,172;0,00680673
1,174;0,00627508
1,176;0,00568681
1,178;0,00504427
1,18;0,00435004
1,182;0,00360693
1,184;0,00281797
1,186;0,00198638
1,188;0,00111559
1,19;0,000209207
1,192;0,000729014
1,194;0,00169516
1,196;0,00268519
1,198;0,00369496
1,2;0,0047202
1,202;0,0057566
1,204;0,00679976
1,206;0,00784525
1,208;0,00888862
1,21;0,00992541
1,212;0,0109512
1,214;0,0119615
1,216;0,0129521
1,218;0,0139185
1,22;0,0148567
1,222;0,0157626
1,224;0,0166321
1,226;0,0174616
1,228;0,0182472
1,23;0,0189855
1,232;0,0196734
1,234;0,0203075
1,236;0,0208852
1,238;0,0214037
1,24;0,0218608
1,242;0,0222541
1,244;0,022582
1,246;0,0228427
1,248;0,0230351
1,25;0,023158
1,252;0,0232107
1,254;0,0231929
1,256;0,0231043
1,258;0,0229452
1,26;0,022716
1,262;0,0224175
1,264;0,0220507
1,266;0,0216171
1,268;0,0211182
1,27;0,0205561
1,272;0,0199329
1,274;0,0192511
1,276;0,0185134
1,278;0,0177229
1,28;0,0168828
1,282;0,0159964
1,284;0,0150674
1,286;0,0140997
1,288;0,0130973
1,29;0,0120644
1,292;0,0110053
1,294;0,00992432
1,296;0,00882616
1,298;0,0077154
1,3;0,00659675
1,302;0,00547496
1,304;0,0043548
1,306;0,00324106
1,308;0,00213851
1,31;0,00105188
1,312;1,4139e-05
1,314;0,00105494
1,316;0,00206601
1,318;0,00304294
1,32;0,00398148
1,322;0,00487749
1,324;0,00572704
1,326;0,00652636
1,328;0,00727189
1,33;0,0079603
1,332;0,00858848
1,334;0,00915358
1,336;0,00965299
1,338;0,0100844
1,34;0,0104458
1,342;0,0107353
1,344;0,0109517
1,346;0,0110936
1,348;0,0111604
1,35;0,0111514
1,352;0,0110666
1,354;0,010906
1,356;0,0106701
1,358;0,0103597
1,36;0,00997594
1,362;0,00952019
1,364;0,0089942
1,366;0,0084
1,368;0,00773994
1,37;0,00701663
1,372;0,00623298
1,374;0,00539215
1,376;0,00449757
1,378;0,00355288
1,38;0,00256198
1,382;0,00152897
1,384;0,000458108
1,386;0,000646129
1,388;0,00177913
1,39;0,00293615
1,392;0,00411233
1,394;0,00530269
1,396;0,0065022
1,398;0,00770577
1,4;0,00890828
1,402;0,0101046
1,404;0,0112896
1,406;0,0124582
1,408;0,0136053
1,41;0,014726
1,412;0,0158155
1,414;0,016869
1,416;0,0178819
1,418;0,0188497
1,42;0,0197683
1,422;0,0206334
1,424;0,0214414
1,426;0,0221885
1,428;0,0228715
1,43;0,0234871
1,432;0,0240326
1,434;0,0245055
1,436;0,0249034
1,438;0,0252246
1,44;0,0254674
1,442;0,0256305
1,444;0,025713
1,446;0,0257144
1,448;0,0256343
1,45;0,0254728
1,452;0,0252306
1,454;0,0249082
1,456;0,0245069
1,458;0,0240281
1,46;0,0234737
1,462;0,0228458
1,464;0,0221469
1,466;0,0213797
1,468;0,0205473
1,47;0,0196531
1,472;0,0187007
1,474;0,0176941
1,476;0,0166372
1,478;0,0155345
1,48;0,0143907
1,482;0,0132103
1,484;0,0119984
1,486;0,01076
1,488;0,00950041
1,49;0,00822484
1,492;0,00693872
1,494;0,00564751
1,496;0,0043567
1,498;0,0030718
1,5;0,00179831
1,502;0,00054169
1,504;0,00069264
1,506;0,00189935
1,508;0,00307321
1,51;0,00420912
1,512;0,00530212
1,514;0,00634742
1,516;0,00734041
1,518;0,00827672
1,52;0,00915217
1,522;0,00996286
1,524;0,0107051
1,526;0,0113756
1,528;0,0119713
1,53;0,0124893
1,532;0,0129273
1,534;0,0132831
1,536;0,013555
1,538;0,0137416
1,54;0,0138418
1,542;0,0138549
1,544;0,0137807
1,546;0,0136192
1,548;0,0133709
1,55;0,0130365
1,552;0,0126171
1,554;0,0121145
1,556;0,0115304
1,558;0,0108671
1,56;0,0101272
1,562;0,00931362
1,564;0,00842965
1,566;0,00747883
1,568;0,00646504
1,57;0,0053924
1,572;0,00426532
1,574;0,00308846
1,576;0,00186668
1,578;0,000605063
1,58;0,000691117
1,582;0,00201643
1,584;0,00336532
1,586;0,00473209
1,588;0,00611096
1,59;0,00749608
1,592;0,00888157
1,594;0,0102615
1,596;0,01163
1,598;0,0129812
1,6;0,0143092
1,602;0,0156084
1,604;0,016873
1,606;0,0180977
1,608;0,019277
1,61;0,0204058
1,612;0,0214792
1,614;0,0224923
1,616;0,0234407
1,618;0,0243202
1,62;0,0251268
1,622;0,0258568
1,624;0,0265069
1,626;0,0270741
1,628;0,0275558
1,63;0,0279496
1,632;0,0282535
1,634;0,0284661
1,636;0,0285861
1,638;0,0286129
1,64;0,0285458
1,642;0,0283851
1,644;0,0281311
1,646;0,0277846
1,648;0,0273468
1,65;0,0268194
1,652;0,0262042
1,654;0,0255037
1,656;0,0247207
1,658;0,0238581
1,66;0,0229195
1,662;0,0219087
1,664;0,0208297
1,666;0,0196869
1,668;0,0184851
1,67;0,0172291
1,672;0,0159243
1,674;0,0145759
1,676;0,0131897
1,678;0,0117715
1,68;0,0103271
1,682;0,00886276
1,684;0,00738456
1,686;0,00589881
1,688;0,00441181
1,69;0,0029299
1,692;0,00145944
1,694;6,71907e-06
1,696;0,00142201
1,698;0,00282057
1,7;0,00418292
1,702;0,00550314
1,704;0,00677546
1,706;0,00799432
1,708;0,00915437
1,71;0,0102505
1,712;0,0112778
1,714;0,0122317
1,716;0,0131079
1,718;0,0139025
1,72;0,0146118
1,722;0,0152326
1,724;0,0157619
1,726;0,0161973
1,728;0,0165365
1,73;0,0167779
1,732;0,0169201
1,734;0,0169622
1,736;0,0169039
1,738;0,0167449
1,74;0,0164858
1,742;0,0161272
1,744;0,0156705
1,746;0,0151174
1,748;0,0144698
1,75;0,0137303
1,752;0,0129018
1,754;0,0119875
1,756;0,0109911
1,758;0,00991658
1,76;0,00876832
1,762;0,007551
1,764;0,00626961
1,766;0,00492943
1,768;0,00353599
1,77;0,0020951
1,772;0,000612762
1,774;0,000904826
1,776;0,00245129
1,778;0,00402011
1,78;0,00560467
1,782;0,00719825
1,784;0,00879407
1,786;0,0103853
1,788;0,0119652
1,79;0,013527
1,792;0,015064
1,794;0,0165694
1,796;0,0180368
1,798;0,0194599
1,8;0,0208324
1,802;0,0221484
1,804;0,023402
1,806;0,0245877
1,808;0,0257002
1,81;0,0267346
1,812;0,0276863
1,814;0,028551
1,816;0,0293246
1,818;0,0300037
1,82;0,030585
1,822;0,0310659
1,824;0,0314439
1,826;0,0317171
1,828;0,031884
1,83;0,0319437
1,832;0,0318956
1,834;0,0317395
1,836;0,0314759
1,838;0,0311054
1,84;0,0306295
1,842;0,0300497
1,844;0,0293683
1,846;0,0285879
1,848;0,0277115
1,85;0,0267426
1,852;0,025685
1,854;0,024543
1,856;0,0233212
1,858;0,0220247
1,86;0,0206586
1,862;0,0192287
1,864;0,0177408
1,866;0,0162011
1,868;0,0146161
1,87;0,0129924
1,872;0,0113367
1,874;0,00965613
1,876;0,00795769
1,878;0,0062486
1,88;0,00453612
1,882;0,00282755
1,884;0,00113018
1,886;0,000548699
1,888;0,00220188
1,89;0,00382223
1,892;0,00540274
1,894;0,00693655
1,896;0,00841699
1,898;0,00983756
1,9;0,011192
1,902;0,0124745
1,904;0,0136791
1,906;0,0148007
1,908;0,0158341
1,91;0,0167747
1,912;0,0176182
1,914;0,0183608
1,916;0,0189988
1,918;0,0195294
1,92;0,01995
1,922;0,0202584
1,924;0,0204529
1,926;0,0205325
1,928;0,0204965
1,93;0,0203446
1,932;0,0200771
1,934;0,0196949
1,936;0,0191993
1,938;0,0185921
1,94;0,0178754
1,942;0,0170521
1,944;0,0161253
1,946;0,0150987
1,948;0,0139764
1,95;0,0127629
1,952;0,0114632
1,954;0,0100823
1,956;0,00862619
1,958;0,00710067
1,96;0,0055121
1,962;0,00386706
1,964;0,00217242
1,966;0,00043525
1,968;0,00133716
1,97;0,00313734
1,972;0,0049577
1,974;0,00679054
1,976;0,00862806
1,978;0,0104624
1,98;0,0122859
1,982;0,0140905
1,984;0,0158686
1,986;0,0176124
1,988;0,0193146
1,99;0,0209676
1,992;0,0225642
1,994;0,0240976
1,996;0,0255609
1,998;0,0269478
2;0,028252
2,002;0,0294678
2,004;0,0305897
2,006;0,0316126
2,008;0,032532
2,01;0,0333436
2,012;0,0340435
2,014;0,0346285
2,016;0,0350958
2,018;0,035443
2,02;0,0356683
2,022;0,0357703
2,024;0,0357483
2,026;0,035602
2,028;0,0353317
2,03;0,0349381
2,032;0,0344225
2,034;0,0337869
2,036;0,0330335
2,038;0,0321653
2,04;0,0311855
2,042;0,0300981
2,044;0,0289074
2,046;0,0276181
2,048;0,0262355
2,05;0,0247652
2,052;0,0232132
2,054;0,0215859
2,056;0,0198899
2,058;0,0181325
2,06;0,0163208
2,062;0,0144624
2,064;0,0125652
2,066;0,010637
2,068;0,00868616
2,07;0,00672078
2,072;0,00474923
2,074;0,00277993
2,076;0,000821272
2,078;0,00111835
2,08;0,00303061
2,082;0,00490726
2,084;0,00674019
2,086;0,00852146
2,088;0,0102433
2,09;0,0118982
2,092;0,0134789
2,094;0,0149785
2,096;0,0163903
2,098;0,017708
2,1;0,0189257
2,102;0,0200379
2,104;0,0210397
2,106;0,0219263
2,108;0,0226937
2,11;0,0233382
2,112;0,0238568
2,114;0,0242468
2,116;0,0245062
2,118;0,0246335
2,12;0,0246278
2,122;0,0244888
2,124;0,0242165
2,126;0,0238119
2,128;0,0232762
2,13;0,0226113
2,132;0,0218197
2,134;0,0209044
2,136;0,0198689
2,138;0,0187174
2,14;0,0174543
2,142;0,0160848
2,144;0,0146143
2,146;0,0130489
2,148;0,0113949
2,15;0,00965919
2,152;0,00784887
2,154;0,00597148
2,156;0,00403481
2,158;0,00204696
2,16;1,6268e-05
2,162;0,00204874
2,164;0,00413934
2,166;0,00624671
2,168;0,00836188
2,17;0,0104759
2,172;0,0125796
2,174;0,0146642
2,176;0,0167206
2,178;0,0187399
2,18;0,0207136
2,182;0,0226329
2,184;0,0244895
2,186;0,0262754
2,188;0,0279827
2,19;0,029604
2,192;0,0311319
2,194;0,0325598
2,196;0,0338812
2,198;0,0350902
2,2;0,0361814
2,202;0,0371496
2,204;0,0379905
2,206;0,0387
2,208;0,0392748
2,21;0,039712
2,212;0,0400093
2,214;0,0401651
2,216;0,0401782
2,218;0,0400482
2,22;0,0397752
2,222;0,0393601
2,224;0,038804
2,226;0,0381091
2,228;0,0372778
2,23;0,0363133
2,232;0,0352193
2,234;0,0340001
2,236;0,0326605
2,238;0,031206
2,24;0,0296423
2,242;0,0279759
2,244;0,0262134
2,246;0,0243623
2,248;0,0224301
2,25;0,0204247
2,252;0,0183547
2,254;0,0162285
2,256;0,0140551
2,258;0,0118437
2,26;0,00960357
2,262;0,00734415
2,264;0,00507505
2,266;0,00280593
2,268;0,000546466
2,27;0,00169368
2,272;0,00390488
2,274;0,00607762
2,276;0,00820252
2,278;0,0102704
2,28;0,0122722
2,282;0,0141992
2,284;0,016043
2,286;0,0177955
2,288;0,019449
2,29;0,020996
2,292;0,0224297
2,294;0,0237436
2,296;0,0249317
2,298;0,0259887
2,3;0,0269097
2,302;0,0276902
2,304;0,0283266
2,306;0,0288157
2,308;0,029155
2,31;0,0293426
2,312;0,0293773
2,314;0,0292585
2,316;0,0289862
2,318;0,0285611
2,32;0,0279847
2,322;0,0272589
2,324;0,0263863
2,326;0,0253704
2,328;0,0242149
2,33;0,0229244
2,332;0,0215041
2,334;0,0199595
2,336;0,018297
2,338;0,0165233
2,34;0,0146455
2,342;0,0126715
2,344;0,0106093
2,346;0,00846759
2,348;0,00625513
2,35;0,00398122
2,352;0,00165536
2,354;0,000712664
2,356;0,00311288
2,358;0,00553514
2,36;0,00796917
2,362;0,0104046
2,364;0,0128311
2,366;0,0152383
2,368;0,0176157
2,37;0,0199533
2,372;0,0222409
2,374;0,0244686
2,376;0,0266267
2,378;0,0287058
2,38;0,0306968
2,382;0,0325909
2,384;0,0343799
2,386;0,0360557
2,388;0,0376108
2,39;0,0390384
2,392;0,0403318
2,394;0,0414852
2,396;0,0424933
2,398;0,0433514
2,4;0,0440552
2,402;0,0446015
2,404;0,0449873
2,406;0,0452106
2,408;0,04527
2,41;0,0451646
2,412;0,0448945
2,414;0,0444604
2,416;0,0438636
2,418;0,0431062
2,42;0,0421909
2,422;0,0411212
2,424;0,0399011
2,426;0,0385356
2,428;0,0370299
2,43;0,0353901
2,432;0,0336227
2,434;0,031735
2,436;0,0297347
2,438;0,0276299
2,44;0,0254293
2,442;0,023142
2,444;0,0207776
2,446;0,0183459
2,448;0,0158571
2,45;0,0133215
2,452;0,01075
2,454;0,00815339
2,456;0,00554263
2,458;0,00292885
2,46;0,000323197
2,462;0,0022632
2,464;0,00481924
2,466;0,00733393
2,468;0,00979643
2,47;0,0121961
2,472;0,0145224
2,474;0,0167653
2,476;0,018915
2,478;0,020962
2,48;0,0228973
2,482;0,0247123
2,484;0,0263989
2,486;0,0279495
2,488;0,0293572
2,49;0,0306154
2,492;0,0317184
2,494;0,032661
2,496;0,0334387
2,498;0,0340478
2,5;0,0344851
2,502;0,0347483
2,504;0,0348357
2,506;0,0347464
2,508;0,0344803
2,51;0,0340381
2,512;0,033421
2,514;0,0326313
2,516;0,0316717
2,518;0,0305459
2,52;0,0292582
2,522;0,0278136
2,524;0,0262178
2,526;0,0244771
2,528;0,0225987
2,53;0,02059
2,532;0,0184593
2,534;0,0162153
2,536;0,0138672
2,538;0,0114248
2,54;0,00889823
2,542;0,00629798
2,544;0,00363495
2,546;0,000920314
2,548;0,0018345
2,55;0,00461784
2,552;0,00741794
2,554;0,0102229
2,556;0,0130207
2,558;0,0157995
2,56;0,0185473
2,562;0,0212523
2,564;0,0239028
2,566;0,0264875
2,568;0,0289949
2,57;0,0314143
2,572;0,0337351
2,574;0,035947
2,576;0,0380403
2,578;0,0400057
2,58;0,0418345
2,582;0,0435184
2,584;0,0450499
2,586;0,046422
2,588;0,0476283
2,59;0,0486632
2,592;0,0495217
2,594;0,0501998
2,596;0,050694
2,598;0,0510016
2,6;0,0511208
2,602;0,0510506
2,604;0,0507905
2,606;0,0503413
2,608;0,0497043
2,61;0,0488816
2,612;0,0478763
2,614;0,046692
2,616;0,0453332
2,618;0,0438054
2,62;0,0421145
2,622;0,0402672
2,624;0,0382709
2,626;0,0361338
2,628;0,0338645
2,63;0,0314724
2,632;0,0289673
2,634;0,0263595
2,636;0,0236599
2,638;0,0208797
2,64;0,0180305
2,642;0,0151243
2,644;0,0121734
2,646;0,00919011
2,648;0,00618718
2,65;0,00317732
2,652;0,000173368
2,654;0,00281186
2,656;0,00576555
2,658;0,00867503
2,66;0,0115277
2,662;0,0143114
2,664;0,0170138
2,666;0,0196233
2,668;0,0221284
2,67;0,0245182
2,672;0,0267821
2,674;0,0289101
2,676;0,0308926
2,678;0,032721
2,68;0,0343867
2,682;0,0358824
2,684;0,0372011
2,686;0,0383366
2,688;0,0392836
2,69;0,0400375
2,692;0,0405945
2,694;0,0409516
2,696;0,0411068
2,698;0,0410587
2,7;0,0408071
2,702;0,0403523
2,704;0,0396957
2,706;0,0388396
2,708;0,0377869
2,71;0,0365417
2,712;0,0351085
2,714;0,0334931
2,716;0,0317018
2,718;0,0297417
2,72;0,0276207
2,722;0,0253472
2,724;0,0229307
2,726;0,020381
2,728;0,0177086
2,73;0,0149245
2,732;0,0120402
2,734;0,00906784
2,736;0,00601978
2,738;0,00290881
2,74;0,000251977
2,742;0,00344925
2,744;0,00666946
2,746;0,00989895
2,748;0,013124
2,75;0,0163307
2,752;0,0195055
2,754;0,0226346
2,756;0,0257047
2,758;0,0287023
2,76;0,0316146
2,762;0,0344288
2,764;0,0371327
2,766;0,0397143
2,768;0,0421623
2,77;0,0444659
2,772;0,0466149
2,774;0,0485995
2,776;0,0504109
2,778;0,0520408
2,78;0,0534817
2,782;0,0547269
2,784;0,0557706
2,786;0,0566076
2,788;0,0572339
2,79;0,0576461
2,792;0,0578419
2,794;0,0578197
2,796;0,057579
2,798;0,0571202
2,8;0,0564447
2,802;0,0555546
2,804;0,0544532
2,806;0,0531445
2,808;0,0516335
2,81;0,049926
2,812;0,0480288
2,814;0,0459494
2,816;0,0436961
2,818;0,0412781
2,82;0,0387051
2,822;0,0359877
2,824;0,0331371
2,826;0,0301651
2,828;0,0270839
2,83;0,0239063
2,832;0,0206458
2,834;0,0173159
2,836;0,0139306
2,838;0,0105042
2,84;0,00705124
2,842;0,00358636
2,844;0,00012429
2,846;0,00332018
2,848;0,0067323
2,85;0,0100974
2,852;0,013401
2,854;0,0166289
2,856;0,019767
2,858;0,0228017
2,86;0,0257197
2,862;0,0285082
2,864;0,031155
2,866;0,0336483
2,868;0,0359772
2,87;0,038131
2,872;0,0401002
2,874;0,0418758
2,876;0,0434497
2,878;0,0448145
2,88;0,0459638
2,882;0,0468921
2,884;0,0475947
2,886;0,0480681
2,888;0,0483094
2,89;0,0483171
2,892;0,0480904
2,894;0,0476295
2,896;0,0469358
2,898;0,0460114
2,9;0,0448598
2,902;0,0434851
2,904;0,0418926
2,906;0,0400884
2,908;0,0380795
2,91;0,035874
2,912;0,0334807
2,914;0,0309092
2,916;0,02817
2,918;0,0252743
2,92;0,022234
2,922;0,0190616
2,924;0,0157703
2,926;0,0123738
2,928;0,00888624
2,93;0,00532225
2,932;0,00169681
2,934;0,00197479
2,936;0,00567702
2,938;0,00939417
2,94;0,0131104
2,942;0,0168099
2,944;0,0204769
2,946;0,0240954
2,948;0,0276501
2,95;0,0311255
2,952;0,0345066
2,954;0,0377787
2,956;0,0409275
2,958;0,0439391
2,96;0,0468004
2,962;0,0494987
2,964;0,0520221
2,966;0,0543591
2,968;0,0564993
2,97;0,0584331
2,972;0,0601514
2,974;0,0616465
2,976;0,0629112
2,978;0,0639395
2,98;0,0647262
2,982;0,0652674
2,984;0,06556
2,986;0,065602
2,988;0,0653926
2,99;0,0649317
2,992;0,0642208
2,994;0,0632621
2,996;0,0620589
2,998;0,0606157
3;0,0589379
3,002;0,057032
3,004;0,0549054
3,006;0,0525667
3,008;0,050025
3,01;0,0472908
3,012;0,0443751
3,014;0,0412897
3,016;0,0380475
3,018;0,0346616
3,02;0,0311462
3,022;0,0275159
3,024;0,0237859
3,026;0,0199717
3,028;0,0160894
3,03;0,0121553
3,032;0,0081861
3,034;0,00419862
3,036;0,000209814
3,038;0,0037633
3,04;0,00770373
3,042;0,0115946
3,044;0,0154191
3,046;0,0191607
3,048;0,0228033
3,05;0,026331
3,052;0,0297284
3,054;0,0329806
3,056;0,0360734
3,058;0,038993
3,06;0,0417266
3,062;0,0442619
3,064;0,0465874
3,066;0,0486928
3,068;0,0505682
3,07;0,0522052
3,072;0,0535959
3,074;0,0547337
3,076;0,055613
3,078;0,0562294
3,08;0,0565794
3,082;0,0566607
3,084;0,0564722
3,086;0,0560139
3,088;0,055287
3,09;0,0542938
3,092;0,0530377
3,094;0,0515234
3,096;0,0497565
3,098;0,0477439
3,1;0,0454934
3,102;0,0430138
3,104;0,0403152
3,106;0,0374084
3,108;0,0343052
3,11;0,0310182
3,112;0,0275609
3,114;0,0239476
3,116;0,0201933
3,118;0,0163135
3,12;0,0123244
3,122;0,00824275
3,124;0,00408568
3,126;0,000129295
3,128;0,00438437
3,13;0,0086615
3,132;0,0129425
3,134;0,0172091
3,136;0,0214431
3,138;0,0256264
3,14;0,0297408
3,142;0,0337687
3,144;0,0376926
3,146;0,0414955
3,148;0,0451608
3,15;0,0486724
3,152;0,0520149
3,154;0,0551736
3,156;0,0581345
3,158;0,0608842
3,16;0,0634106
3,162;0,0657021
3,164;0,0677482
3,166;0,0695396
3,168;0,0710679
3,17;0,0723257
3,172;0,0733068
3,174;0,0740064
3,176;0,0744205
3,178;0,0745466
3,18;0,0743833
3,182;0,0739304
3,184;0,073189
3,186;0,0721615
3,188;0,0708514
3,19;0,0692634
3,192;0,0674035
3,194;0,0652788
3,196;0,0628977
3,198;0,0602695
3,2;0,0574047
3,202;0,0543149
3,204;0,0510126
3,206;0,0475112
3,208;0,0438251
3,21;0,0399695
3,212;0,0359603
3,214;0,0318142
3,216;0,0275485
3,218;0,0231811
3,22;0,0187302
3,222;0,0142146
3,224;0,00965341
3,226;0,00506593
3,228;0,000471666
3,23;0,0041098
3,232;0,00865889
3,234;0,0131561
3,236;0,0175821
3,238;0,0219177
3,24;0,0261443
3,242;0,0302435
3,244;0,0341973
3,246;0,0379885
3,248;0,0416005
3,25;0,0450174
3,252;0,0482238
3,254;0,0512057
3,256;0,0539495
3,258;0,0564429
3,26;0,0586746
3,262;0,0606341
3,264;0,0623124
3,266;0,0637014
3,268;0,0647945
3,27;0,065586
3,272;0,0660718
3,274;0,0662487
3,276;0,0661153
3,278;0,0656711
3,28;0,064917
3,282;0,0638556
3,284;0,0624902
3,286;0,060826
3,288;0,058869
3,29;0,0566269
3,292;0,0541083
3,294;0,0513231
3,296;0,0482826
3,298;0,0449988
3,3;0,0414851
3,302;0,0377558
3,304;0,0338262
3,306;0,0297125
3,308;0,0254316
3,31;0,0210014
3,312;0,0164403
3,314;0,0117674
3,316;0,00700227
3,318;0,00216502
3,32;0,00272394
3,322;0,0076439
3,324;0,012574
3,326;0,0174931
3,328;0,0223804
3,33;0,0272147
3,332;0,0319754
3,334;0,036642
3,336;0,0411941
3,338;0,0456122
3,34;0,0498769
3,342;0,0539695
3,344;0,0578722
3,346;0,0615677
3,348;0,0650396
3,35;0,0682725
3,352;0,0712519
3,354;0,0739643
3,356;0,0763973
3,358;0,0785398
3,36;0,0803818
3,362;0,0819145
3,364;0,0831304
3,366;0,0840236
3,368;0,0845891
3,37;0,0848237
3,372;0,0847253
3,374;0,0842934
3,376;0,0835289
3,378;0,082434
3,38;0,0810125
3,382;0,0792695
3,384;0,0772114
3,386;0,0748461
3,388;0,0721829
3,39;0,0692321
3,392;0,0660055
3,394;0,0625162
3,396;0,0587781
3,398;0,0548066
3,4;0,0506179
3,402;0,0462293
3,404;0,0416587
3,406;0,0369254
3,408;0,0320488
3,41;0,0270495
3,412;0,0219484
3,414;0,016767
3,416;0,0115272
3,418;0,00625104
3,42;0,000961041
3,422;0,00432029
3,424;0,00957039
3,426;0,0147668
3,428;0,0198871
3,43;0,0249093
3,432;0,0298117
3,434;0,034573
3,436;0,0391725
3,438;0,04359
3,44;0,0478062
3,442;0,0518026
3,444;0,0555613
3,446;0,0590657
3,448;0,0623002
3,45;0,06525
3,452;0,0679017
3,454;0,0702433
3,456;0,0722637
3,458;0,0739534
3,46;0,0753043
3,462;0,0763096
3,464;0,0769639
3,466;0,0772635
3,468;0,077206
3,47;0,0767907
3,472;0,0760182
3,474;0,0748908
3,476;0,0734124
3,478;0,071588
3,48;0,0694246
3,482;0,0669303
3,484;0,0641149
3,486;0,0609893
3,488;0,0575661
3,49;0,053859
3,492;0,0498829
3,494;0,045654
3,496;0,0411896
3,498;0,0365081
3,5;0,0316289
3,502;0,026572
3,504;0,0213587
3,506;0,0160107
3,508;0,0105504
3,51;0,00500079
3,512;0,000614732
3,514;0,00627239
3,516;0,0119482
3,518;0,0176179
3,52;0,0232574
3,522;0,0288424
3,524;0,0343491
3,526;0,0397536
3,528;0,0450327
3,53;0,0501634
3,532;0,0551234
3,534;0,0598911
3,536;0,0644455
3,538;0,0687665
3,54;0,0728352
3,542;0,0766332
3,544;0,0801438
3,546;0,0833509
3,548;0,0862401
3,55;0,0887982
3,552;0,0910131
3,554;0,0928745
3,556;0,0943734
3,558;0,0955023
3,56;0,0962553
3,562;0,0966281
3,564;0,0966181
3,566;0,096224
3,568;0,0954465
3,57;0,0942878
3,572;0,0927517
3,574;0,0908436
3,576;0,0885706
3,578;0,0859413
3,58;0,0829659
3,582;0,079656
3,584;0,0760249
3,586;0,0720871
3,588;0,0678584
3,59;0,063356
3,592;0,0585984
3,594;0,0536051
3,596;0,0483968
3,598;0,0429949
3,6;0,0374221
3,602;0,0317015
3,604;0,0258572
3,606;0,0199136
3,608;0,013896
3,61;0,0078297
3,612;0,00174049
3,614;0,00434572
3,616;0,010403
3,618;0,0164053
3,62;0,022327
3,622;0,0281425
3,624;0,0338266
3,626;0,0393549
3,628;0,0447032
3,63;0,0498481
3,632;0,0547672
3,634;0,0594387
3,636;0,0638421
3,638;0,0679576
3,64;0,0717671
3,642;0,0752532
3,644;0,0784001
3,646;0,0811935
3,648;0,0836204
3,65;0,0856694
3,652;0,0873305
3,654;0,0885957
3,656;0,0894582
3,658;0,0899133
3,66;0,0899578
3,662;0,0895904
3,664;0,0888113
3,666;0,0876228
3,668;0,0860286
3,67;0,0840344
3,672;0,0816475
3,674;0,0788769
3,676;0,0757335
3,678;0,0722293
3,68;0,0683785
3,682;0,0641963
3,684;0,0596996
3,686;0,0549068
3,688;0,0498373
3,69;0,0445121
3,692;0,038953
3,694;0,0331832
3,696;0,0272265
3,698;0,0211079
3,7;0,0148531
3,702;0,00848819
3,704;0,00204015
3,706;0,0044638
3,708;0,0109961
3,71;0,0175289
3,712;0,0240343
3,714;0,0304846
3,716;0,036852
3,718;0,0431091
3,72;0,049229
3,722;0,055185
3,724;0,0609513
3,726;0,0665028
3,728;0,0718151
3,73;0,0768648
3,732;0,0816297
3,734;0,0860886
3,736;0,0902215
3,738;0,0940099
3,74;0,0974366
3,742;0,100486
3,744;0,103144
3,746;0,105397
3,748;0,107236
3,75;0,108651
3,752;0,109635
3,754;0,110183
3,756;0,11029
3,758;0,109955
3,76;0,109178
3,762;0,107962
3,764;0,106309
3,766;0,104227
3,768;0,101722
3,77;0,0988036
3,772;0,0954835
3,774;0,0917747
3,776;0,0876916
3,778;0,0832508
3,78;0,0784699
3,782;0,0733686
3,784;0,0679675
3,786;0,0622888
3,788;0,0563561
3,79;0,0501937
3,792;0,0438274
3,794;0,0372837
3,796;0,03059
3,798;0,0237745
3,8;0,0168658
3,802;0,00989318
3,804;0,00288616
3,806;0,00412543
3,808;0,0111117
3,81;0,0180428
3,812;0,0248889
3,814;0,0316207
3,816;0,038209
3,818;0,0446253
3,82;0,0508417
3,822;0,0568312
3,824;0,0625675
3,826;0,0680253
3,828;0,0731807
3,83;0,0780106
3,832;0,0824936
3,834;0,0866095
3,836;0,0903396
3,838;0,093667
3,84;0,0965762
3,842;0,0990535
3,844;0,101087
3,846;0,102667
3,848;0,103786
3,85;0,104436
3,852;0,104615
3,854;0,104319
3,856;0,10355
3,858;0,102308
3,86;0,100597
3,862;0,0984239
3,864;0,0957962
3,866;0,0927238
3,868;0,0892185
3,87;0,085294
3,872;0,0809657
3,874;0,076251
3,876;0,0711689
3,878;0,0657399
3,88;0,0599862
3,882;0,0539314
3,884;0,0476005
3,886;0,0410196
3,888;0,0342161
3,89;0,0272183
3,892;0,0200556
3,894;0,0127581
3,896;0,00535644
3,898;0,00211807
3,9;0,00963376
3,902;0,0171587
3,904;0,0246607
3,906;0,0321079
3,908;0,0394681
3,91;0,0467099
3,912;0,0538019
3,914;0,0607134
3,916;0,0674144
3,918;0,0738757
3,92;0,0800691
3,922;0,0859673
3,924;0,0915442
3,926;0,0967753
3,928;0,101637
3,93;0,106108
3,932;0,110167
3,934;0,113796
3,936;0,116979
3,938;0,119701
3,94;0,121948
3,942;0,123709
3,944;0,124976
3,946;0,125742
3,948;0,126002
3,95;0,125753
3,952;0,124996
3,954;0,123731
3,956;0,121963
3,958;0,119697
3,96;0,116942
3,962;0,113709
3,964;0,110009
3,966;0,105858
3,968;0,101271
3,97;0,0962661
3,972;0,0908646
3,974;0,0850877
3,976;0,0789592
3,978;0,0725041
3,98;0,065749
3,982;0,0587218
3,984;0,0514517
3,986;0,0439691
3,988;0,0363052
3,99;0,0284922
3,992;0,020563
3,994;0,0125511
3,996;0,00449046
3,998;0,00358473
4;0,01164
4,002;0,019641
4,004;0,0275534
4,006;0,0353431
4,008;0,0429766
4,01;0,0504208
4,012;0,0576435
4,014;0,0646131
4,016;0,0712992
4,018;0,0776724
4,02;0,0837046
4,022;0,0893691
4,024;0,0946406
4,026;0,0994955
4,028;0,103912
4,03;0,107869
4,032;0,11135
4,034;0,114338
4,036;0,116818
4,038;0,118779
4,04;0,12021
4,042;0,121105
4,044;0,121457
4,046;0,121263
4,048;0,120524
4,05;0,119239
4,052;0,117414
4,054;0,115055
4,056;0,112169
4,058;0,108768
4,06;0,104864
4,062;0,100473
4,064;0,0956129
4,066;0,0903019
4,068;0,0845618
4,07;0,0784157
4,072;0,0718888
4,074;0,0650077
4,076;0,0578007
4,078;0,0502978
4,08;0,0425299
4,082;0,0345295
4,084;0,02633
4,086;0,0179658
4,088;0,00947218
4,09;0,000884924
4,092;0,00775958
4,094;0,0164246
4,096;0,0250733
4,098;0,0336686
4,1;0,0421738
4,102;0,0505522
4,104;0,0587679
4,106;0,0667852
4,108;0,0745693
4,11;0,0820864
4,112;0,0893036
4,114;0,0961892
4,116;0,102713
4,118;0,108846
4,12;0,11456
4,122;0,119831
4,124;0,124635
4,126;0,128949
4,128;0,132754
4,13;0,136032
4,132;0,138767
4,134;0,140947
4,136;0,142559
4,138;0,143597
4,14;0,144053
4,142;0,143925
4,144;0,14321
4,146;0,14191
4,148;0,140029
4,15;0,137574
4,152;0,134552
4,154;0,130976
4,156;0,126859
4,158;0,122217
4,16;0,117068
4,162;0,111433
4,164;0,105334
4,166;0,0987964
4,168;0,091846
4,17;0,0845117
4,172;0,0768236
4,174;0,0688134
4,176;0,0605144
4,178;0,0519611
4,18;0,0431893
4,182;0,0342358
4,184;0,0251383
4,186;0,0159351
4,188;0,00666517
4,19;0,00263208
4,192;0,0119171
4,194;0,0211502
4,196;0,0302919
4,198;0,0393028
4,2;0,0481442
4,202;0,0567779
4,204;0,0651663
4,206;0,073273
4,208;0,0810626
4,21;0,0885009
4,212;0,0955551
4,214;0,102194
4,216;0,108388
4,218;0,11411
4,22;0,119333
4,222;0,124034
4,224;0,128191
4,226;0,131785
4,228;0,1348
4,23;0,137219
4,232;0,139032
4,234;0,140229
4,236;0,140803
4,238;0,140749
4,24;0,140067
4,242;0,138756
4,244;0,136822
4,246;0,134269
4,248;0,131108
4,25;0,12735
4,252;0,12301
4,254;0,118103
4,256;0,11265
4,258;0,106672
4,26;0,100193
4,262;0,0932393
4,264;0,0858391
4,266;0,0780226
4,268;0,069822
4,27;0,0612712
4,272;0,0524056
4,274;0,043262
4,276;0,0338788
4,278;0,0242953
4,28;0,0145517
4,282;0,0046891
4,284;0,00525068
4,286;0,0152255
4,288;0,0251929
4,29;0,0351104
4,292;0,0449354
4,294;0,0546258
4,296;0,0641398
4,298;0,0734363
4,3;0,0824751
4,302;0,0912168
4,304;0,0996232
4,306;0,107658
4,308;0,115284
4,31;0,12247
4,312;0,129182
4,314;0,135392
4,316;0,14107
4,318;0,146191
4,32;0,150731
4,322;0,154671
4,324;0,15799
4,326;0,160673
4,328;0,162706
4,33;0,16408
4,332;0,164786
4,334;0,164819
4,336;0,164177
4,338;0,162861
4,34;0,160875
4,342;0,158225
4,344;0,15492
4,346;0,150973
4,348;0,146398
4,35;0,141214
4,352;0,13544
4,354;0,1291
4,356;0,122218
4,358;0,114823
4,36;0,106945
4,362;0,0986159
4,364;0,0898697
4,366;0,0807426
4,368;0,0712726
4,37;0,061499
4,372;0,0514626
4,374;0,0412055
4,376;0,0307708
4,378;0,0202024
4,38;0,00954518
4,382;0,00115577
4,384;0,0118549
4,386;0,0225066
4,388;0,0330651
4,39;0,0434853
4,392;0,0537223
4,394;0,0637317
4,396;0,0734704
4,398;0,0828958
4,4;0,0919669
4,402;0,100644
4,404;0,108889
4,406;0,116665
4,408;0,123938
4,41;0,130675
4,412;0,136846
4,414;0,142423
4,416;0,14738
4,418;0,151695
4,42;0,155347
4,422;0,158319
4,424;0,160595
4,426;0,162165
4,428;0,163019
4,43;0,163152
4,432;0,16256
4,434;0,161246
4,436;0,159211
4,438;0,156462
4,44;0,15301
4,442;0,148866
4,444;0,144047
4,446;0,138571
4,448;0,132459
4,45;0,125735
4,452;0,118428
4,454;0,110565
4,456;0,102179
4,458;0,0933044
4,46;0,0839773
4,462;0,0742363
4,464;0,0641217
4,466;0,0536755
4,468;0,0429414
4,47;0,0319643
4,472;0,0207903
4,474;0,00946658
4,476;0,00195905
4,478;0,0134381
4,48;0,0249218
4,482;0,0363611
4,484;0,0477071
4,486;0,0589112
4,488;0,069925
4,49;0,0807011
4,492;0,0911927
4,494;0,101354
4,496;0,111142
4,498;0,120512
4,5;0,129423
4,502;0,137837
4,504;0,145716
4,506;0,153024
4,508;0,15973
4,51;0,165801
4,512;0,171211
4,514;0,175935
4,516;0,179951
4,518;0,183239
4,52;0,185783
4,522;0,187569
4,524;0,18859
4,526;0,188836
4,528;0,188306
4,53;0,187
4,532;0,18492
4,534;0,182073
4,536;0,178469
4,538;0,174122
4,54;0,169047
4,542;0,163264
4,544;0,156796
4,546;0,149668
4,548;0,141909
4,55;0,13355
4,552;0,124625
4,554;0,115171
4,556;0,105225
4,558;0,0948302
4,56;0,0840281
4,562;0,0728641
4,564;0,0613847
4,566;0,0496381
4,568;0,0376735
4,57;0,0255413
4,572;0,0132929
4,574;0,000980049
4,576;0,0113448
4,578;0,0236291
4,58;0,0358203
4,582;0,0478661
4,584;0,0597148
4,586;0,0713152
4,588;0,082617
4,59;0,0935712
4,592;0,10413
4,594;0,114247
4,596;0,123878
4,598;0,132981
4,6;0,141515
4,602;0,149441
4,604;0,156725
4,606;0,163333
4,608;0,169236
4,61;0,174405
4,612;0,178818
4,614;0,182451
4,616;0,185289
4,618;0,187317
4,62;0,188522
4,622;0,188899
4,624;0,188442
4,626;0,187152
4,628;0,185032
4,63;0,182087
4,632;0,178328
4,634;0,17377
4,636;0,168428
4,638;0,162323
4,64;0,15548
4,642;0,147925
4,644;0,139689
4,646;0,130804
4,648;0,121307
4,65;0,111236
4,652;0,100632
4,654;0,0895398
4,656;0,0780047
4,658;0,0660746
4,66;0,0537994
4,662;0,0412303
4,664;0,0284201
4,666;0,0154228
4,668;0,00229332
4,67;0,0109128
4,672;0,0241393
4,674;0,03733
4,676;0,0504283
4,678;0,0633782
4,68;0,0761239
4,682;0,0886105
4,684;0,100784
4,686;0,112591
4,688;0,123981
4,69;0,134904
4,692;0,145311
4,694;0,155158
4,696;0,164399
4,698;0,172994
4,7;0,180905
4,702;0,188096
4,704;0,194533
4,706;0,200187
4,708;0,205032
4,71;0,209045
4,712;0,212206
4,714;0,214499
4,716;0,215912
4,718;0,216436
4,72;0,216066
4,722;0,214802
4,724;0,212646
4,726;0,209604
4,728;0,205688
4,73;0,200911
4,732;0,195291
4,734;0,188849
4,736;0,181611
4,738;0,173605
4,74;0,164863
4,742;0,155421
4,744;0,145316
4,746;0,134589
4,748;0,123286
4,75;0,111451
4,752;0,0991341
4,754;0,0863866
4,756;0,0732614
4,758;0,0598134
4,76;0,046099
4,762;0,032176
4,764;0,0181032
4,766;0,00394011
4,768;0,010253
4,77;0,0244158
4,772;0,0384876
4,774;0,0524082
4,776;0,0661178
4,778;0,0795572
4,78;0,0926683
4,782;0,105394
4,784;0,117679
4,786;0,12947
4,788;0,140715
4,79;0,151364
4,792;0,16137
4,794;0,170689
4,796;0,179279
4,798;0,1871
4,8;0,194118
4,802;0,2003
4,804;0,205617
4,806;0,210045
4,808;0,21356
4,81;0,216147
4,812;0,217791
4,814;0,218482
4,816;0,218214
4,818;0,216986
4,82;0,214801
4,822;0,211665
4,824;0,207588
4,826;0,202585
4,828;0,196674
4,83;0,189879
4,832;0,182226
4,834;0,173744
4,836;0,164468
4,838;0,154434
4,84;0,143684
4,842;0,132261
4,844;0,120212
4,846;0,107587
4,848;0,094437
4,85;0,0808173
4,852;0,0667845
4,854;0,0523974
4,856;0,0377162
4,858;0,0228027
4,86;0,00771994
4,862;0,00746831
4,864;0,0226975
4,866;0,0379029
4,868;0,0530194
4,87;0,0679823
4,872;0,0827273
4,874;0,0971909
4,876;0,111311
4,878;0,125025
4,88;0,138274
4,882;0,151001
4,884;0,163149
4,886;0,174665
4,888;0,185498
4,89;0,195599
4,892;0,204923
4,894;0,213429
4,896;0,221078
4,898;0,227834
4,9;0,233666
4,902;0,238546
4,904;0,242451
4,906;0,245362
4,908;0,247262
4,91;0,248142
4,912;0,247993
4,914;0,246814
4,916;0,244607
4,918;0,241378
4,92;0,237138
4,922;0,231902
4,924;0,22569
4,926;0,218524
4,928;0,210434
4,93;0,20145
4,932;0,191609
4,934;0,180949
4,936;0,169515
4,938;0,157352
4,94;0,14451
4,942;0,131042
4,944;0,117004
4,946;0,102454
4,948;0,0874524
4,95;0,0720619
4,952;0,056347
4,954;0,0403739
4,956;0,0242099
4,958;0,00792355
4,96;0,00841612
4,962;0,0247395
4,964;0,040977
4,966;0,0570589
4,968;0,0729163
4,97;0,0884808
4,972;0,103685
4,974;0,118463
4,976;0,132751
4,978;0,146487
4,98;0,159609
4,982;0,17206
4,984;0,183785
4,986;0,194733
4,988;0,204853
4,99;0,214101
4,992;0,222434
4,994;0,229814
4,996;0,236207
4,998;0,241583
5;0,245915
5,002;0,249183
5,004;0,251369
5,006;0,25246
5,008;0,252449
5,01;0,251333
5,012;0,249113
5,014;0,245795
5,016;0,24139
5,018;0,235914
5,02;0,229387
5,022;0,221834
5,024;0,213285
5,026;0,203771
5,028;0,193333
5,03;0,18201
5,032;0,169849
5,034;0,1569
5,036;0,143215
5,038;0,128851
5,04;0,113866
5,042;0,0983231
5,044;0,082287
5,046;0,0658245
5,048;0,0490045
5,05;0,0318978
5,052;0,0145765
5,054;0,002886
5,056;0,0204157
5,058;0,0379381
5,06;0,0553782
5,062;0,0726615
5,064;0,0897138
5,066;0,106462
5,068;0,122833
5,07;0,138756
5,072;0,154162
5,074;0,168984
5,076;0,183156
5,078;0,196617
5,08;0,209307
5,082;0,22117
5,084;0,232151
5,086;0,242203
5,088;0,251279
5,09;0,259338
5,092;0,266343
5,094;0,272259
5,096;0,27706
5,098;0,280721
5,1;0,283223
5,102;0,284553
5,104;0,2847
5,106;0,283662
5,108;0,281439
5,11;0,278036
5,112;0,273466
5,114;0,267743
5,116;0,26089
5,118;0,252932
5,12;0,243899
5,122;0,233828
5,124;0,222758
5,126;0,210733
5,128;0,197802
5,13;0,184017
5,132;0,169435
5,134;0,154116
5,136;0,138123
5,138;0,121521
5,14;0,104381
5,142;0,0867731
5,144;0,0687718
5,146;0,0504526
5,148;0,0318926
5,15;0,0131705
5,152;0,00563457
5,154;0,0244424
5,156;0,0431729
5,158;0,0617458
5,16;0,0800814
5,162;0,0981009
5,164;0,115726
5,166;0,132882
5,168;0,149492
5,17;0,165485
5,172;0,18079
5,174;0,195341
5,176;0,209072
5,178;0,221924
5,18;0,233838
5,182;0,244761
5,184;0,254643
5,186;0,26344
5,188;0,27111
5,19;0,277618
5,192;0,282932
5,194;0,287026
5,196;0,289879
5,198;0,291475
5,2;0,291805
5,202;0,290862
5,204;0,288646
5,206;0,285165
5,208;0,280428
5,21;0,274453
5,212;0,267261
5,214;0,258879
5,216;0,249339
5,218;0,23868
5,22;0,226942
5,222;0,214174
5,224;0,200426
5,226;0,185755
5,228;0,170219
5,23;0,153883
5,232;0,136815
5,234;0,119084
5,236;0,100765
5,238;0,0819346
5,24;0,0626706
5,242;0,0430544
5,244;0,0231687
5,246;0,00309757
5,248;0,017074
5,25;0,0372601
5,252;0,0573748
5,254;0,0773319
5,256;0,0970459
5,258;0,116432
5,26;0,135406
5,262;0,153887
5,264;0,171794
5,266;0,189048
5,268;0,205575
5,27;0,221301
5,272;0,236158
5,274;0,250078
5,276;0,263001
5,278;0,274868
5,28;0,285626
5,282;0,295224
5,284;0,303619
5,286;0,310772
5,288;0,316648
5,29;0,321219
5,292;0,32446
5,294;0,326355
5,296;0,326892
5,298;0,326063
5,3;0,32387
5,302;0,320316
5,304;0,315413
5,306;0,309179
5,308;0,301635
5,31;0,292811
5,312;0,28274
5,314;0,271461
5,316;0,259019
5,318;0,245464
5,32;0,230849
5,322;0,215236
5,324;0,198686
5,326;0,181269
5,328;0,163055
5,33;0,14412
5,332;0,124544
5,334;0,104406
5,336;0,083793
5,338;0,0627898
5,34;0,0414853
5,342;0,0199697
5,344;0,00166603
5,346;0,0233298
5,348;0,0449293
5,35;0,0663721
5,352;0,0875664
5,354;0,108421
5,356;0,128846
5,358;0,148753
5,36;0,168055
5,362;0,186668
5,364;0,204512
5,366;0,221506
5,368;0,237578
5,37;0,252654
5,372;0,266668
5,374;0,279558
5,376;0,291264
5,378;0,301734
5,38;0,310918
5,382;0,318775
5,384;0,325266
5,386;0,33036
5,388;0,334032
5,39;0,33626
5,392;0,337033
5,394;0,336341
5,396;0,334184
5,398;0,330566
5,4;0,325499
5,402;0,319
5,404;0,311093
5,406;0,301807
5,408;0,291177
5,41;0,279246
5,412;0,26606
5,414;0,251672
5,416;0,23614
5,418;0,219526
5,42;0,201898
5,422;0,18333
5,424;0,163896
5,426;0,143677
5,428;0,122759
5,43;0,101226
5,432;0,0791704
5,434;0,0566839
5,436;0,0338612
5,438;0,0107989
5,44;0,0124054
5,442;0,0356532
5,444;0,0588453
5,446;0,0818826
5,448;0,104666
5,45;0,127099
5,452;0,149083
5,454;0,170524
5,456;0,191328
5,458;0,211406
5,46;0,230668
5,462;0,249032
5,464;0,266414
5,466;0,28274
5,468;0,297935
5,47;0,311932
5,472;0,324667
5,474;0,336083
5,476;0,346127
5,478;0,354751
5,48;0,361916
5,482;0,367585
5,484;0,371731
5,486;0,374332
5,488;0,375371
5,49;0,37484
5,492;0,372737
5,494;0,369065
5,496;0,363836
5,498;0,357068
5,5;0,348784
5,502;0,339017
5,504;0,327802
5,506;0,315184
5,508;0,301213
5,51;0,285944
5,512;0,269439
5,514;0,251763
5,516;0,23299
5,518;0,213196
5,52;0,192463
5,522;0,170876
5,524;0,148525
5,526;0,125503
5,528;0,101906
5,53;0,0778331
5,532;0,0533861
5,534;0,0286679
5,536;0,00378308
5,538;0,0211626
5,54;0,0460628
5,542;0,0708112
5,544;0,0953019
5,546;0,119429
5,548;0,14309
5,55;0,166181
5,552;0,188603
5,554;0,210257
5,556;0,231049
5,558;0,250889
5,56;0,269687
5,562;0,287362
5,564;0,303835
5,566;0,319031
5,568;0,332882
5,57;0,345325
5,572;0,356303
5,574;0,365765
5,576;0,373666
5,578;0,379967
5,58;0,384637
5,582;0,387652
5,584;0,388993
5,586;0,38865
5,588;0,38662
5,59;0,382905
5,592;0,377518
5,594;0,370476
5,596;0,361804
5,598;0,351535
5,6;0,339708
5,602;0,326368
5,604;0,311569
5,606;0,295368
5,608;0,277831
5,61;0,259029
5,612;0,239039
5,614;0,217941
5,616;0,195824
5,618;0,172778
5,62;0,148898
5,622;0,124286
5,624;0,0990421
5,626;0,0732736
5,628;0,0470886
5,63;0,0205976
5,632;0,00608728
5,634;0,0328527
5,636;0,0595848
5,638;0,0861694
5,64;0,112493
5,642;0,138441
5,644;0,163904
5,646;0,18877
5,648;0,212932
5,65;0,236284
5,652;0,258725
5,654;0,280157
5,656;0,300484
5,658;0,319617
5,66;0,337471
5,662;0,353965
5,664;0,369026
5,666;0,382585
5,668;0,39458
5,67;0,404954
5,672;0,413659
5,674;0,420654
5,676;0,425902
5,678;0,429377
5,68;0,431058
5,682;0,430933
5,684;0,428998
5,686;0,425255
5,688;0,419715
5,69;0,412396
5,692;0,403324
5,694;0,392533
5,696;0,380064
5,698;0,365965
5,7;0,350291
5,702;0,333105
5,704;0,314476
5,706;0,294479
5,708;0,273194
5,71;0,25071
5,712;0,227119
5,714;0,202518
5,716;0,177009
5,718;0,150698
5,72;0,123695
5,722;0,0961133
5,724;0,068069
5,726;0,0396803
5,728;0,0110674
5,73;0,0176484
5,732;0,0463449
5,734;0,0748995
5,736;0,10319
5,738;0,131095
5,74;0,158494
5,742;0,185269
5,744;0,211304
5,746;0,236485
5,748;0,260703
5,75;0,283852
5,752;0,305828
5,754;0,326537
5,756;0,345884
5,758;0,363784
5,76;0,380156
5,762;0,394926
5,764;0,408026
5,766;0,419395
5,768;0,42898
5,77;0,436734
5,772;0,44262
5,774;0,446606
5,776;0,448669
5,778;0,448797
5,78;0,446981
5,782;0,443225
5,784;0,437538
5,786;0,429939
5,788;0,420456
5,79;0,409122
5,792;0,395982
5,794;0,381085
5,796;0,36449
5,798;0,346263
5,8;0,326477
5,802;0,305211
5,804;0,282553
5,806;0,258594
5,808;0,233433
5,81;0,207175
5,812;0,179927
5,814;0,151803
5,816;0,122921
5,818;0,0934009
5,82;0,0633677
5,822;0,0329478
5,824;0,00226983
5,826;0,0285361
5,828;0,059339
5,83;0,0900073
5,832;0,12041
5,834;0,150416
5,836;0,179897
5,838;0,208725
5,84;0,236775
5,842;0,263926
5,844;0,290058
5,846;0,315058
5,848;0,338815
5,85;0,361224
5,852;0,382187
5,854;0,401608
5,856;0,419401
5,858;0,435485
5,86;0,449787
5,862;0,46224
5,864;0,472785
5,866;0,481372
5,868;0,487959
5,87;0,492512
5,872;0,495005
5,874;0,495421
5,876;0,493753
5,878;0,490002
5,88;0,484177
5,882;0,476298
5,884;0,466392
5,886;0,454495
5,888;0,440652
5,89;0,424917
5,892;0,407351
5,894;0,388024
5,896;0,367012
5,898;0,344402
5,9;0,320284
5,902;0,294757
5,904;0,267926
5,906;0,239901
5,908;0,210798
5,91;0,18074
5,912;0,14985
5,914;0,118258
5,916;0,0860976
5,918;0,0535037
5,92;0,0206142
5,922;0,0124315
5,924;0,0454927
5,926;0,0784286
5,928;0,111098
5,93;0,143361
5,932;0,175079
5,934;0,206115
5,936;0,236333
5,938;0,265604
5,94;0,293799
5,942;0,320795
5,944;0,346474
5,946;0,370721
5,948;0,393429
5,95;0,414497
5,952;0,433829
5,954;0,45134
5,956;0,466947
5,958;0,48058
5,96;0,492174
5,962;0,501674
5,964;0,509033
5,966;0,514213
5,968;0,517186
5,97;0,517933
5,972;0,516444
5,974;0,512719
5,976;0,506767
5,978;0,498607
5,98;0,488268
5,982;0,475787
5,984;0,46121
5,986;0,444595
5,988;0,426006
5,99;0,405517
5,992;0,383209
5,994;0,359172
5,996;0,333504
5,998;0,306309
6;0,277699
6,002;0,247793
6,004;0,216713
6,006;0,184589
6,008;0,151555
6,01;0,117749
6,012;0,0833128
6,014;0,0483923
6,016;0,0131346
6,018;0,0223109
6,02;0,0577935
6,022;0,0931618
6,024;0,128265
6,026;0,162952
6,028;0,197073
6,03;0,230482
6,032;0,263034
6,034;0,294588
6,036;0,325005
6,038;0,354154
6,04;0,381905
6,042;0,408136
6,044;0,432731
6,046;0,45558
6,048;0,476581
6,05;0,495638
6,052;0,512665
6,054;0,527582
6,056;0,540321
6,058;0,55082
6,06;0,559027
6,062;0,564902
6,064;0,568412
6,066;0,569536
6,068;0,568261
6,07;0,564586
6,072;0,55852
6,074;0,550081
6,076;0,539299
6,078;0,526212
6,08;0,51087
6,082;0,493331
6,084;0,473665
6,086;0,451948
6,088;0,428268
6,09;0,402719
6,092;0,375405
6,094;0,346437
6,096;0,315935
6,098;0,284023
6,1;0,250835
6,102;0,216507
6,104;0,181183
6,106;0,14501
6,108;0,108141
6,11;0,0707308
6,112;0,0329373
6,114;0,00507938
6,116;0,0431576
6,118;0,0811351
6,12;0,118849
6,122;0,156139
6,124;0,192844
6,126;0,228805
6,128;0,263867
6,13;0,297878
6,132;0,330689
6,134;0,362158
6,136;0,392145
6,138;0,420519
6,14;0,447153
6,142;0,47193
6,144;0,494737
6,146;0,515472
6,148;0,53404
6,15;0,550356
6,152;0,564343
6,154;0,575935
6,156;0,585076
6,158;0,591719
6,16;0,595828
6,162;0,597379
6,164;0,596357
6,166;0,59276
6,168;0,586594
6,17;0,57788
6,172;0,566646
6,174;0,552933
6,176;0,536792
6,178;0,518285
6,18;0,497485
6,182;0,474472
6,184;0,44934
6,186;0,422188
6,188;0,393127
6,19;0,362275
6,192;0,329758
6,194;0,295711
6,196;0,260274
6,198;0,223595
6,2;0,185825
6,202;0,147124
6,204;0,107653
6,206;0,0675783
6,208;0,0270697
6,21;0,0137015
6,212;0,0545621
6,214;0,095338
6,216;0,135855
6,218;0,17594
6,22;0,215419
6,222;0,254124
6,224;0,291886
6,226;0,328542
6,228;0,363932
6,23;0,397902
6,232;0,430301
6,234;0,460988
6,236;0,489826
6,238;0,516687
6,24;0,541451
6,242;0,564006
6,244;0,584248
6,246;0,602086
6,248;0,617435
6,25;0,630223
6,252;0,640388
6,254;0,647878
6,256;0,652655
6,258;0,654689
6,26;0,653964
6,262;0,650476
6,264;0,644229
6,266;0,635244
6,268;0,623551
6,27;0,609191
6,272;0,592218
6,274;0,572697
6,276;0,550703
6,278;0,526323
6,28;0,499655
6,282;0,470804
6,284;0,439889
6,286;0,407034
6,288;0,372375
6,29;0,336053
6,292;0,298219
6,294;0,259031
6,296;0,21865
6,298;0,177246
6,3;0,134993
6,302;0,0920681
6,304;0,0486528
6,306;0,00493088
6,308;0,038912
6,31;0,0826893
6,312;0,126214
6,314;0,169299
6,316;0,21176
6,318;0,253414
6,32;0,294081
6,322;0,333584
6,324;0,371751
6,326;0,408416
6,328;0,443417
6,33;0,476601
6,332;0,50782
6,334;0,536936
6,336;0,563819
6,338;0,588346
6,34;0,610406
6,342;0,629899
6,344;0,646733
6,346;0,660828
6,348;0,672117
6,35;0,680544
6,352;0,686063
6,354;0,688643
6,356;0,688263
6,358;0,684918
6,36;0,678613
6,362;0,669365
6,364;0,657206
6,366;0,642178
6,368;0,624339
6,37;0,603755
6,372;0,580506
6,374;0,554684
6,376;0,526392
6,378;0,495742
6,38;0,462859
6,382;0,427876
6,384;0,390937
6,386;0,352193
6,388;0,311804
6,39;0,269938
6,392;0,22677
6,394;0,182479
6,396;0,137251
6,398;0,0912767
6,4;0,0447498
6,402;0,00213285
6,404;0,0491722
6,406;0,0961679
6,408;0,14292
6,41;0,189227
6,412;0,234891
6,414;0,279715
6,416;0,323505
6,418;0,366072
6,42;0,40723
6,422;0,446799
6,424;0,484607
6,426;0,520486
6,428;0,554278
6,43;0,585832
6,432;0,615008
6,434;0,641673
6,436;0,665708
6,438;0,687
6,44;0,705452
6,442;0,720977
6,444;0,733499
6,446;0,742957
6,448;0,749301
6,45;0,752494
6,452;0,752515
6,454;0,749353
6,456;0,743013
6,458;0,733513
6,46;0,720883
6,462;0,705169
6,464;0,686428
6,466;0,664732
6,468;0,640164
6,47;0,612821
6,472;0,582812
6,474;0,550256
6,476;0,515285
6,478;0,478041
6,48;0,438677
6,482;0,397353
6,484;0,354242
6,486;0,309521
6,488;0,263376
6,49;0,216001
6,492;0,167593
6,494;0,118356
6,496;0,0684987
6,498;0,0182308
6,5;0,032234
6,502;0,0826811
6,504;0,132895
6,506;0,182661
6,508;0,231765
6,51;0,279997
6,512;0,327146
6,514;0,37301
6,516;0,417389
6,518;0,460089
6,52;0,500922
6,522;0,53971
6,524;0,576281
6,526;0,610472
6,528;0,64213
6,53;0,671113
6,532;0,697289
6,534;0,720539
6,536;0,740754
6,538;0,763874
6,54;0,789808
6,542;0,818454
6,544;0,849697
6,546;0,883413
6,548;0,919464
6,55;0,957703
6,552;0,997974
6,554;1,04011
6,556;1,08394
6,558;1,12928
6,56;1,17594
6,562;1,22372
6,564;1,27243
6,566;1,32185
6,568;1,37179
6,57;1,42203
6,572;1,47235
6,574;1,52255
6,576;1,5724
6,578;1,62169
6,58;1,67022
6,582;1,71777
6,584;1,76413
6,586;1,80911
6,588;1,8525
6,59;1,89413
6,592;1,9338
6,594;1,97134
6,596;2,00659
6,598;2,03939
6,6;2,06958
6,602;2,09704
6,604;2,12164
6,606;2,14327
6,608;2,16182
6,61;2,1772
6,612;2,18935
6,614;2,19819
6,616;2,20369
6,618;2,20581
6,62;2,20453
6,622;2,19985
6,624;2,19177
6,626;2,18032
6,628;2,16554
6,63;2,14748
6,632;2,12622
6,634;2,10182
6,636;2,0744
6,638;2,04404
6,64;2,01088
6,642;1,97505
6,644;1,9367
6,646;1,89597
6,648;1,85304
6,65;1,80809
6,652;1,76129
6,654;1,71285
6,656;1,66296
6,658;1,61183
6,66;1,55969
6,662;1,50674
6,664;1,45322
6,666;1,39934
6,668;1,34534
6,67;1,29145
6,672;1,23789
6,674;1,1849
6,676;1,13271
6,678;1,08154
6,68;1,0316
6,682;0,983129
6,684;0,936322
6,686;0,891389
6,688;0,848527
6,69;0,807924
6,692;0,769761
6,694;0,734207
6,696;0,701422
6,698;0,671554
6,7;0,638704
6,702;0,603005
6,704;0,5646
6,706;0,523645
6,708;0,480307
6,71;0,434765
6,712;0,387205
6,714;0,337826
6,716;0,286833
6,718;0,234437
6,72;0,18086
6,722;0,126325
6,724;0,0710634
6,726;0,0153079
6,728;0,0407047
6,73;0,0967363
6,732;0,152548
6,734;0,2079
6,736;0,262557
6,738;0,316281
6,74;0,368842
6,742;0,420012
6,744;0,469568
6,746;0,517294
6,748;0,562981
6,75;0,606429
6,752;0,647445
6,754;0,685847
6,756;0,721464
6,758;0,754135
6,76;0,783713
6,762;0,810062
6,764;0,83306
6,766;0,852599
6,768;0,868587
6,77;0,880943
6,772;0,889606
6,774;0,894526
6,776;0,895673
6,778;0,89303
6,78;0,886597
6,782;0,87639
6,784;0,862443
6,786;0,844803
6,788;0,823536
6,79;0,79872
6,792;0,770452
6,794;0,738842
6,796;0,704016
6,798;0,666111
6,8;0,625282
6,802;0,581693
6,804;0,535523
6,806;0,486961
6,808;0,436207
6,81;0,383471
6,812;0,328973
6,814;0,272939
6,816;0,215605
6,818;0,157211
6,82;0,0980037
6,822;0,0382324
6,824;0,021849
6,826;0,0819852
6,828;0,14192
6,83;0,201396
6,832;0,26016
6,834;0,317957
6,836;0,374539
6,838;0,429661
6,84;0,483083
6,842;0,534572
6,844;0,583903
6,846;0,630859
6,848;0,675233
6,85;0,716828
6,852;0,755458
6,854;0,796984
6,856;0,841237
6,858;0,888036
6,86;0,937189
6,862;0,988494
6,864;1,04174
6,866;1,0967
6,868;1,15314
6,87;1,21084
6,872;1,26955
6,874;1,32902
6,876;1,389
6,878;1,44923
6,88;1,50946
6,882;1,56944
6,884;1,6289
6,886;1,68759
6,888;1,74526
6,89;1,80165
6,892;1,85653
6,894;1,90966
6,896;1,9608
6,898;2,00973
6,9;2,05623
6,902;2,1001
6,904;2,14115
6,906;2,17918
6,908;2,21404
6,91;2,24556
6,912;2,27359
6,914;2,29801
6,916;2,31871
6,918;2,33558
6,92;2,34853
6,922;2,35751
6,924;2,36247
6,926;2,36336
6,928;2,36018
6,93;2,35293
6,932;2,34162
6,934;2,32629
6,936;2,307
6,938;2,28381
6,94;2,25682
6,942;2,22612
6,944;2,19184
6,946;2,15412
6,948;2,1131
6,95;2,06895
6,952;2,02184
6,954;1,97198
6,956;1,91957
6,958;1,86481
6,96;1,80795
6,962;1,7492
6,964;1,68883
6,966;1,62709
6,968;1,56422
6,97;1,5005
6,972;1,4362
6,974;1,37159
6,976;1,30694
6,978;1,24253
6,98;1,17864
6,982;1,11554
6,984;1,05349
6,986;0,99278
6,988;0,933658
6,99;0,876384
6,992;0,821209
6,994;0,768374
6,996;0,718112
6,998;0,670643
7;0,62618
7,002;0,578886
7,004;0,528956
7,006;0,476593
7,008;0,422016
7,01;0,365449
7,012;0,307129
7,014;0,247299
7,016;0,18621
7,018;0,124119
7,02;0,0612887
7,022;0,00201609
7,024;0,0655263
7,026;0,128972
7,028;0,192081
7,03;0,254584
7,032;0,316213
7,034;0,376701
7,036;0,435788
7,038;0,493217
7,04;0,548739
7,042;0,60211
7,044;0,653097
7,046;0,701476
7,048;0,747032
7,05;0,789562
7,052;0,828877
7,054;0,864798
7,056;0,897164
7,058;0,925825
7,06;0,950647
7,062;0,971515
7,064;0,988328
7,066;1,001
7,068;1,00947
7,07;1,01368
7,072;1,01361
7,074;1,00924
7,076;1,00059
7,078;0,987662
7,08;0,970514
7,082;0,949203
7,084;0,923808
7,086;0,894425
7,088;0,861168
7,09;0,824168
7,092;0,783571
7,094;0,739539
7,096;0,692252
7,098;0,6419
7,1;0,588691
7,102;0,532841
7,104;0,474583
7,106;0,414158
7,108;0,351816
7,11;0,287818
7,112;0,222433
7,114;0,155936
7,116;0,0886064
7,118;0,0207296
7,12;0,0474065
7,122;0,115512
7,124;0,183296
7,126;0,250469
7,128;0,316741
7,13;0,381828
7,132;0,445449
7,134;0,507328
7,136;0,567195
7,138;0,62479
7,14;0,679859
7,142;0,732161
7,144;0,781464
7,146;0,833583
7,148;0,888304
7,15;0,945402
7,152;1,00464
7,154;1,06577
7,156;1,12854
7,158;1,19268
7,16;1,25793
7,162;1,324
7,164;1,39063
7,166;1,45753
7,168;1,5244
7,17;1,59098
7,172;1,65697
7,174;1,72209
7,176;1,78606
7,178;1,8486
7,18;1,90944
7,182;1,96832
7,184;2,02498
7,186;2,07917
7,188;2,13066
7,19;2,17921
7,192;2,22461
7,194;2,26666
7,196;2,30516
7,198;2,33995
7,2;2,37087
7,202;2,39776
7,204;2,42051
7,206;2,439
7,208;2,45315
7,21;2,46288
7,212;2,46813
7,214;2,46888
7,216;2,46509
7,218;2,45679
7,22;2,44398
7,222;2,42672
7,224;2,40505
7,226;2,37907
7,228;2,34886
7,23;2,31455
7,232;2,27627
7,234;2,23417
7,236;2,18842
7,238;2,13921
7,24;2,08673
7,242;2,0312
7,244;1,97284
7,246;1,9119
7,248;1,84863
7,25;1,78329
7,252;1,71616
7,254;1,64751
7,256;1,57764
7,258;1,50684
7,26;1,43541
7,262;1,36365
7,264;1,29187
7,266;1,22037
7,268;1,14946
7,27;1,07944
7,272;1,01061
7,274;0,943283
7,276;0,877735
7,278;0,814256
7,28;0,753122
7,282;0,6946
7,284;0,63895
7,286;0,580381
7,288;0,519137
7,29;0,455469
7,292;0,389643
7,294;0,321933
7,296;0,252623
7,298;0,182003
7,3;0,110371
7,302;0,0380298
7,304;0,0347141
7,306;0,107552
7,308;0,180172
7,31;0,252265
7,312;0,323522
7,314;0,393635
7,316;0,462303
7,318;0,529228
7,32;0,59412
7,322;0,656695
7,324;0,71668
7,326;0,773812
7,328;0,827838
7,33;0,878519
7,332;0,925628
7,334;0,968954
7,336;1,0083
7,338;1,04349
7,34;1,07436
7,342;1,10076
7,344;1,12258
7,346;1,13969
7,348;1,15202
7,35;1,1595
7,352;1,16208
7,354;1,15975
7,356;1,15248
7,358;1,1403
7,36;1,12325
7,362;1,10139
7,364;1,07479
7,366;1,04356
7,368;1,00781
7,37;0,967681
7,372;0,923337
7,374;0,874951
7,376;0,822718
7,378;0,76685
7,38;0,707575
7,382;0,645135
7,384;0,579787
7,386;0,511803
7,388;0,441463
7,39;0,369062
7,392;0,294902
7,394;0,219295
7,396;0,142559
7,398;0,065017
7,4;0,0130011
7,402;0,0911643
7,404;0,16914
7,406;0,246594
7,408;0,323194
7,41;0,398613
7,412;0,472523
7,414;0,544606
7,416;0,614548
7,418;0,682046
7,42;0,746802
7,422;0,808534
7,424;0,873004
7,426;0,939943
7,428;1,00907
7,43;1,08011
7,432;1,15275
7,434;1,22669
7,436;1,30162
7,438;1,37722
7,44;1,45317
7,442;1,52915
7,444;1,60483
7,446;1,6799
7,448;1,75402
7,45;1,82688
7,452;1,89817
7,454;1,96757
7,456;2,03479
7,458;2,09953
7,46;2,1615
7,462;2,22045
7,464;2,27609
7,466;2,32819
7,468;2,37652
7,47;2,42086
7,472;2,461
7,474;2,49677
7,476;2,52799
7,478;2,55453
7,48;2,57624
7,482;2,59304
7,484;2,60483
7,486;2,61154
7,488;2,61314
7,49;2,6096
7,492;2,60092
7,494;2,58712
7,496;2,56825
7,498;2,54437
7,5;2,51557
7,502;2,48196
7,504;2,44366
7,506;2,40084
7,508;2,35365
7,51;2,30228
7,512;2,24695
7,514;2,18787
7,516;2,12529
7,518;2,05947
7,52;1,99067
7,522;1,91918
7,524;1,8453
7,526;1,76933
7,528;1,6916
7,53;1,61243
7,532;1,53215
7,534;1,45111
7,536;1,36964
7,538;1,28809
7,54;1,20682
7,542;1,12616
7,544;1,04647
7,546;0,968081
7,548;0,89134
7,55;0,816577
7,552;0,744117
7,554;0,674275
7,556;0,607356
7,558;0,537622
7,56;0,465361
7,562;0,390874
7,564;0,314472
7,566;0,236477
7,568;0,157215
7,57;0,0770223
7,572;0,00376292
7,574;0,0847974
7,576;0,165736
7,578;0,246233
7,58;0,325944
7,582;0,404527
7,584;0,481642
7,586;0,556957
7,588;0,630144
7,59;0,700886
7,592;0,768873
7,594;0,833808
7,596;0,895404
7,598;0,953388
7,6;1,0075
7,602;1,05751
7,604;1,10317
7,606;1,14429
7,608;1,18068
7,61;1,21217
7,612;1,2386
7,614;1,25986
7,616;1,27583
7,618;1,28643
7,62;1,2916
7,622;1,29131
7,624;1,28553
7,626;1,27428
7,628;1,25759
7,63;1,23551
7,632;1,20812
7,634;1,17553
7,636;1,13785
7,638;1,09524
7,64;1,04786
7,642;0,995895
7,644;0,939557
7,646;0,879074
7,648;0,81469
7,65;0,74667
7,652;0,675294
7,654;0,600854
7,656;0,523661
7,658;0,444036
7,66;0,362311
7,662;0,278828
7,664;0,19394
7,666;0,108003
7,668;0,0213811
7,67;0,0655575
7,672;0,152443
7,674;0,238905
7,676;0,324573
7,678;0,409079
7,68;0,492059
7,682;0,573155
7,684;0,652015
7,686;0,728296
7,688;0,801665
7,69;0,877834
7,692;0,956488
7,694;1,0373
7,696;1,11992
7,698;1,20402
7,7;1,28923
7,702;1,37519
7,704;1,46155
7,706;1,54793
7,708;1,63396
7,71;1,71928
7,712;1,80352
7,714;1,88632
7,716;1,96732
7,718;2,04617
7,72;2,12252
7,722;2,19605
7,724;2,26643
7,726;2,33335
7,728;2,39652
7,73;2,45565
7,732;2,51049
7,734;2,56078
7,736;2,6063
7,738;2,64683
7,74;2,6822
7,742;2,71224
7,744;2,73679
7,746;2,75575
7,748;2,76901
7,75;2,7765
7,752;2,77817
7,754;2,774
7,756;2,76398
7,758;2,74815
7,76;2,72655
7,762;2,69927
7,764;2,66639
7,766;2,62804
7,768;2,58437
7,77;2,53556
7,772;2,48179
7,774;2,42327
7,776;2,36026
7,778;2,29299
7,78;2,22175
7,782;2,14682
7,784;2,06852
7,786;1,98718
7,788;1,90312
7,79;1,8167
7,792;1,72828
7,794;1,63823
7,796;1,54693
7,798;1,45477
7,8;1,36214
7,802;1,26944
7,804;1,17705
7,806;1,08537
7,808;0,994797
7,81;0,905721
7,812;0,818525
7,814;0,733587
7,816;0,651275
7,818;0,571948
7,82;0,48992
7,822;0,405533
7,824;0,31914
7,826;0,231104
7,828;0,141795
7,83;0,0515906
7,832;0,0391267
7,834;0,129971
7,836;0,220556
7,838;0,310494
7,84;0,3994
7,842;0,48689
7,844;0,572587
7,846;0,656122
7,848;0,73713
7,85;0,815259
7,852;0,890167
7,854;0,961525
7,856;1,02902
7,858;1,09235
7,86;1,15123
7,862;1,2054
7,864;1,25462
7,866;1,29865
7,868;1,3373
7,87;1,37039
7,872;1,39776
7,874;1,41927
7,876;1,43481
7,878;1,44431
7,88;1,4477
7,882;1,44496
7,884;1,43607
7,886;1,42105
7,888;1,39996
7,89;1,37285
7,892;1,33984
7,894;1,30105
7,896;1,25661
7,898;1,20672
7,9;1,15156
7,902;1,09135
7,904;1,02633
7,906;0,956775
7,908;0,882961
7,91;0,805192
7,912;0,723787
7,914;0,639083
7,916;0,551433
7,918;0,461201
7,92;0,368765
7,922;0,274513
7,924;0,178841
7,926;0,0821536
7,928;0,0151395
7,93;0,112625
7,932;0,209888
7,934;0,306512
7,936;0,402084
7,938;0,496192
7,94;0,588431
7,942;0,678401
7,944;0,765713
7,946;0,849985
7,948;0,936884
7,95;1,02605
7,952;1,1171
7,954;1,20965
7,956;1,30333
7,958;1,39772
7,96;1,49243
7,962;1,58706
7,964;1,6812
7,966;1,77445
7,968;1,86641
7,97;1,95668
7,972;2,04487
7,974;2,1306
7,976;2,2135
7,978;2,2932
7,98;2,36935
7,982;2,44163
7,984;2,50971
7,986;2,57328
7,988;2,63207
7,99;2,6858
7,992;2,73424
7,994;2,77716
7,996;2,81437
7,998;2,84568
8;2,87094
8,002;2,89004
8,004;2,90287
8,006;2,90935
8,008;2,90945
8,01;2,90314
8,012;2,89043
8,014;2,87135
8,016;2,84597
8,018;2,81439
8,02;2,7767
8,022;2,73307
8,024;2,68365
8,026;2,62864
8,028;2,56826
8,03;2,50275
8,032;2,43238
8,034;2,35743
8,036;2,2782
8,038;2,19503
8,04;2,10826
8,042;2,01824
8,044;1,92535
8,046;1,82998
8,048;1,73253
8,05;1,6334
8,052;1,53302
8,054;1,43181
8,056;1,3302
8,058;1,22863
8,06;1,12751
8,062;1,0273
8,064;0,928418
8,066;0,831287
8,068;0,736331
8,07;0,643961
8,072;0,554577
8,074;0,462537
8,076;0,368225
8,078;0,272037
8,08;0,174378
8,082;0,0756605
8,084;0,0236979
8,086;0,123275
8,088;0,222647
8,09;0,321388
8,092;0,419076
8,094;0,515291
8,096;0,609617
8,098;0,701648
8,1;0,790983
8,102;0,877234
8,104;0,960023
8,106;1,03899
8,108;1,11378
8,11;1,18406
8,112;1,24953
8,114;1,30989
8,116;1,36487
8,118;1,41421
8,12;1,45769
8,122;1,4951
8,124;1,52628
8,126;1,55106
8,128;1,56933
8,13;1,58098
8,132;1,58595
8,134;1,58419
8,136;1,5757
8,138;1,56049
8,14;1,5386
8,142;1,51012
8,144;1,47513
8,146;1,43378
8,148;1,38622
8,15;1,33263
8,152;1,27323
8,154;1,20824
8,156;1,13794
8,158;1,06261
8,16;0,982552
8,162;0,898095
8,164;0,809585
8,166;0,717391
8,168;0,621893
8,17;0,52349
8,172;0,422593
8,174;0,319625
8,176;0,21502
8,178;0,109218
8,18;0,00266909
8,182;0,104176
8,184;0,210861
8,186;0,316932
8,188;0,421933
8,19;0,525414
8,192;0,626928
8,194;0,726037
8,196;0,82231
8,198;0,921363
8,2;1,02278
8,202;1,12614
8,204;1,231
8,206;1,33692
8,208;1,44346
8,21;1,55015
8,212;1,65655
8,214;1,7622
8,216;1,86664
8,218;1,96944
8,22;2,07013
8,222;2,1683
8,224;2,26351
8,226;2,35534
8,228;2,44341
8,23;2,52731
8,232;2,60667
8,234;2,68116
8,236;2,75043
8,238;2,81417
8,24;2,8721
8,242;2,92395
8,244;2,96949
8,246;3,00849
8,248;3,04077
8,25;3,06619
8,252;3,0846
8,254;3,09591
8,256;3,10004
8,258;3,09697
8,26;3,08669
8,262;3,0692
8,264;3,04458
8,266;3,0129
8,268;2,97428
8,27;2,92886
8,272;2,87682
8,274;2,81835
8,276;2,7537
8,278;2,68311
8,28;2,60687
8,282;2,52529
8,284;2,43871
8,286;2,34747
8,288;2,25195
8,29;2,15255
8,292;2,04968
8,294;1,94376
8,296;1,83525
8,298;1,7246
8,3;1,61227
8,302;1,49873
8,304;1,38448
8,306;1,26999
8,308;1,15575
8,31;1,04224
8,312;0,929969
8,314;0,819402
8,316;0,71102
8,318;0,605292
8,32;0,502677
8,322;0,397588
8,324;0,290466
8,326;0,181763
8,328;0,0719364
8,33;0,0385473
8,332;0,149219
8,334;0,259607
8,336;0,369239
8,338;0,477646
8,34;0,584361
8,342;0,688924
8,344;0,790883
8,346;0,889794
8,348;0,985228
8,35;1,07677
8,352;1,16401
8,354;1,24657
8,356;1,32408
8,358;1,39619
8,36;1,46259
8,362;1,52297
8,364;1,57706
8,366;1,62461
8,368;1,66539
8,37;1,69922
8,372;1,72592
8,374;1,74537
8,376;1,75745
8,378;1,7621
8,38;1,75928
8,382;1,74896
8,384;1,73119
8,386;1,706
8,388;1,67349
8,39;1,63377
8,392;1,58699
8,394;1,53333
8,396;1,473
8,398;1,40624
8,4;1,33331
8,402;1,2545
8,404;1,17014
8,406;1,08057
8,408;0,986153
8,41;0,88728
8,412;0,784359
8,414;0,677818
8,416;0,5681
8,418;0,455666
8,42;0,340985
8,422;0,224542
8,424;0,106827
8,426;0,0116609
8,428;0,130418
8,43;0,248939
8,432;0,366717
8,434;0,483247
8,436;0,59803
8,438;0,710569
8,44;0,820378
8,442;0,933014
8,444;1,04801
8,446;1,16487
8,448;1,28311
8,45;1,40223
8,452;1,52172
8,454;1,64108
8,456;1,75979
8,458;1,87734
8,46;1,99324
8,462;2,10697
8,464;2,21806
8,466;2,32601
8,468;2,43037
8,47;2,53066
8,472;2,62646
8,474;2,71733
8,476;2,80289
8,478;2,88274
8,48;2,95654
8,482;3,02394
8,484;3,08464
8,486;3,13836
8,488;3,18486
8,49;3,22391
8,492;3,25533
8,494;3,27895
8,496;3,29466
8,498;3,30237
8,5;3,30201
8,502;3,29357
8,504;3,27705
8,506;3,25251
8,508;3,22003
8,51;3,17972
8,512;3,13173
8,514;3,07624
8,516;3,01347
8,518;2,94367
8,52;2,8671
8,522;2,78409
8,524;2,69496
8,526;2,60007
8,528;2,49982
8,53;2,39461
8,532;2,28488
8,534;2,17109
8,536;2,05371
8,538;1,93322
8,54;1,81014
8,542;1,68498
8,544;1,55827
8,546;1,43055
8,548;1,30235
8,55;1,17422
8,552;1,04672
8,554;0,920381
8,556;0,79575
8,558;0,673364
8,56;0,553752
8,562;0,431398
8,564;0,306816
8,566;0,180531
8,568;0,0530776
8,57;0,0750046
8,572;0,203171
8,574;0,330874
8,576;0,457569
8,578;0,582712
8,58;0,705763
8,582;0,826193
8,584;0,943479
8,586;1,05711
8,588;1,1666
8,59;1,27145
8,592;1,37122
8,594;1,46546
8,596;1,55375
8,598;1,63569
8,6;1,71093
8,602;1,77912
8,604;1,83994
8,606;1,89312
8,608;1,93841
8,61;1,97558
8,612;2,00447
8,614;2,02492
8,616;2,03681
8,618;2,04008
8,62;2,03468
8,622;2,02061
8,624;1,99791
8,626;1,96664
8,628;1,92693
8,63;1,8789
8,632;1,82274
8,634;1,75867
8,636;1,68693
8,638;1,60782
8,64;1,52164
8,642;1,42874
8,644;1,32951
8,646;1,22434
8,648;1,11366
8,65;0,99794
8,652;0,877648
8,654;0,753287
8,656;0,625376
8,658;0,494449
8,66;0,361056
8,662;0,225761
8,664;0,0891331
8,666;0,0482472
8,668;0,185796
8,67;0,322928
8,672;0,459056
8,674;0,593596
8,676;0,72597
8,678;0,855607
8,68;0,987978
8,682;1,12253
8,684;1,25869
8,686;1,39589
8,688;1,53353
8,69;1,67105
8,692;1,80784
8,694;1,94333
8,696;2,07693
8,698;2,20807
8,7;2,33617
8,702;2,46069
8,704;2,58108
8,706;2,69681
8,708;2,80739
8,71;2,91232
8,712;3,01113
8,714;3,10339
8,716;3,18869
8,718;3,26664
8,72;3,33689
8,722;3,39911
8,724;3,45301
8,726;3,49835
8,728;3,5349
8,73;3,56247
8,732;3,58094
8,734;3,59019
8,736;3,59015
8,738;3,5808
8,74;3,56215
8,742;3,53425
8,744;3,4972
8,746;3,45112
8,748;3,39619
8,75;3,33261
8,752;3,26063
8,754;3,18054
8,756;3,09264
8,758;2,9973
8,76;2,89489
8,762;2,78584
8,764;2,67059
8,766;2,54961
8,768;2,42341
8,77;2,2925
8,772;2,15743
8,774;2,01876
8,776;1,87708
8,778;1,73298
8,78;1,58707
8,782;1,43997
8,784;1,2923
8,786;1,14468
8,788;0,997755
8,79;0,852147
8,792;0,708482
8,794;0,567378
8,796;0,429445
8,798;0,289247
8,8;0,147375
8,802;0,00442976
8,804;0,138982
8,806;0,282249
8,808;0,424761
8,81;0,565907
8,812;0,705081
8,814;0,841682
8,816;0,975122
8,818;1,10482
8,82;1,23021
8,822;1,35076
8,824;1,46591
8,826;1,57519
8,828;1,67808
8,83;1,77415
8,832;1,86296
8,834;1,94411
8,836;2,01723
8,838;2,08199
8,84;2,13808
8,842;2,18525
8,844;2,22325
8,846;2,25191
8,848;2,27107
8,85;2,28063
8,852;2,28052
8,854;2,2707
8,856;2,25119
8,858;2,22205
8,86;2,18337
8,862;2,13529
8,864;2,07799
8,866;2,01168
8,868;1,93662
8,87;1,8531
8,872;1,76147
8,874;1,66207
8,876;1,55533
8,878;1,44166
8,88;1,32153
8,882;1,19545
8,884;1,06392
8,886;0,92749
8,888;0,786734
8,89;0,642237
8,892;0,494604
8,894;0,344456
8,896;0,192427
8,898;0,0391581
8,9;0,114699
8,902;0,268489
8,904;0,421557
8,906;0,573247
8,908;0,722907
8,91;0,869894
8,912;1,01961
8,914;1,17141
8,916;1,32467
8,918;1,47874
8,92;1,63295
8,922;1,78665
8,924;1,93919
8,926;2,0899
8,928;2,23815
8,93;2,38328
8,932;2,52468
8,934;2,66173
8,936;2,79383
8,938;2,9204
8,94;3,04089
8,942;3,15476
8,944;3,26152
8,946;3,36067
8,948;3,45179
8,95;3,53445
8,952;3,60827
8,954;3,67293
8,956;3,7281
8,958;3,77354
8,96;3,80902
8,962;3,83435
8,964;3,84941
8,966;3,85409
8,968;3,84835
8,97;3,83217
8,972;3,80561
8,974;3,76873
8,976;3,72167
8,978;3,6646
8,98;3,59773
8,982;3,52132
8,984;3,43567
8,986;3,34112
8,988;3,23804
8,99;3,12684
8,992;3,00798
8,994;2,88195
8,996;2,74926
8,998;2,61045
9;2,4661
9,002;2,31682
9,004;2,16321
9,006;2,00593
9,008;1,84564
9,01;1,68301
9,012;1,51872
9,014;1,35348
9,016;1,18799
9,018;1,02295
9,02;0,85906
9,022;0,697034
9,024;0,537564
9,026;0,375305
9,028;0,21094
9,03;0,0451645
9,032;0,121318
9,034;0,2878
9,036;0,45357
9,038;0,61792
9,04;0,780144
9,042;0,939543
9,044;1,09543
9,046;1,24713
9,048;1,39398
9,05;1,53534
9,052;1,67059
9,054;1,79914
9,056;1,92042
9,058;2,03389
9,06;2,13905
9,062;2,23541
9,064;2,32255
9,066;2,40006
9,068;2,46758
9,07;2,52481
9,072;2,57146
9,074;2,6073
9,076;2,63215
9,078;2,64587
9,08;2,64837
9,082;2,63961
9,084;2,61959
9,086;2,58835
9,088;2,54602
9,09;2,49272
9,092;2,42866
9,094;2,35408
9,096;2,26926
9,098;2,17454
9,1;2,0703
9,102;1,95694
9,104;1,83493
9,106;1,70476
9,108;1,56696
9,11;1,4221
9,112;1,27078
9,114;1,11362
9,116;0,951273
9,118;0,784421
9,12;0,613762
9,122;0,440011
9,124;0,263902
9,126;0,0861784
9,128;0,0924059
9,13;0,271092
9,132;0,449116
9,134;0,625719
9,136;0,800142
9,138;0,971633
9,14;1,14549
9,142;1,32097
9,144;1,49734
9,146;1,67384
9,148;1,84973
9,15;2,02424
9,152;2,19663
9,154;2,36617
9,156;2,53211
9,158;2,69374
9,16;2,85035
9,162;3,00127
9,164;3,14583
9,166;3,2834
9,168;3,41337
9,17;3,53517
9,172;3,64824
9,174;3,75208
9,176;3,84623
9,178;3,93025
9,18;4,00375
9,182;4,06638
9,184;4,11786
9,186;4,15793
9,188;4,18638
9,19;4,20305
9,192;4,20785
9,194;4,20071
9,196;4,18164
9,198;4,15067
9,2;4,10791
9,202;4,0535
9,204;3,98764
9,206;3,91058
9,208;3,82262
9,21;3,72409
9,212;3,61539
9,214;3,49696
9,216;3,36926
9,218;3,23281
9,22;3,08818
9,222;2,93595
9,224;2,77676
9,226;2,61125
9,228;2,44013
9,23;2,2641
9,232;2,08389
9,234;1,90028
9,236;1,71402
9,238;1,52591
9,24;1,33674
9,242;1,14732
9,244;0,958453
9,246;0,770949
9,248;0,585612
9,25;0,403237
9,252;0,21858
9,254;0,0324192
9,256;0,154454
9,258;0,341244
9,26;0,527155
9,262;0,71139
9,264;0,893159
9,266;1,07168
9,268;1,24618
9,27;1,4159
9,272;1,58011
9,274;1,73808
9,276;1,88913
9,278;2,03259
9,28;2,16783
9,282;2,29425
9,284;2,41127
9,286;2,51838
9,288;2,61508
9,29;2,70094
9,292;2,77556
9,294;2,83858
9,296;2,8897
9,298;2,92867
9,3;2,95529
9,302;2,96941
9,304;2,97092
9,306;2,95979
9,308;2,93603
9,31;2,8997
9,312;2,85093
9,314;2,78987
9,316;2,71675
9,318;2,63186
9,32;2,53552
9,322;2,42811
9,324;2,31005
9,326;2,18182
9,328;2,04393
9,33;1,89694
9,332;1,74146
9,334;1,57812
9,336;1,40759
9,338;1,23059
9,34;1,04784
9,342;0,860116
9,344;0,6682
9,346;0,472899
9,348;0,275035
9,35;0,0754451
9,352;0,125023
9,354;0,325518
9,356;0,525184
9,358;0,723167
9,36;0,918616
9,362;1,11673
9,364;1,31666
9,366;1,51756
9,368;1,71859
9,37;1,91888
9,372;2,11757
9,374;2,31382
9,376;2,50678
9,378;2,69561
9,38;2,8795
9,382;3,05765
9,384;3,22928
9,386;3,39365
9,388;3,55002
9,39;3,69771
9,392;3,83606
9,394;3,96446
9,396;4,08232
9,398;4,18912
9,4;4,28436
9,402;4,36761
9,404;4,43847
9,406;4,49661
9,408;4,54174
9,41;4,57363
9,412;4,5921
9,414;4,59704
9,416;4,58839
9,418;4,56614
9,42;4,53035
9,422;4,48113
9,424;4,41865
9,426;4,34314
9,428;4,25489
9,43;4,15422
9,432;4,04155
9,434;3,9173
9,436;3,78198
9,438;3,63614
9,44;3,48035
9,442;3,31527
9,444;3,14156
9,446;2,95995
9,448;2,77118
9,45;2,57604
9,452;2,37534
9,454;2,16992
9,456;1,96064
9,458;1,7484
9,46;1,53407
9,462;1,31858
9,464;1,10284
9,466;0,88776
9,468;0,67427
9,47;0,463283
9,472;0,249672
9,474;0,0343402
9,476;0,181798
9,478;0,397822
9,48;0,612811
9,482;0,825844
9,484;1,03601
9,486;1,24239
9,488;1,44411
9,49;1,64029
9,492;1,83008
9,494;2,01264
9,496;2,18717
9,498;2,35292
9,5;2,50914
9,502;2,65514
9,504;2,79027
9,506;2,91392
9,508;3,02553
9,51;3,12458
9,512;3,21062
9,514;3,28324
9,516;3,3421
9,518;3,3869
9,52;3,4174
9,522;3,43345
9,524;3,43492
9,526;3,42176
9,528;3,394
9,53;3,3517
9,532;3,29501
9,534;3,22412
9,536;3,13929
9,538;3,04085
9,54;2,92917
9,542;2,8047
9,544;2,66792
9,546;2,51939
9,548;2,3597
9,55;2,1895
9,552;2,00949
9,554;1,8204
9,556;1,62302
9,558;1,41817
9,56;1,20669
9,562;0,989475
9,564;0,767427
9,566;0,541481
9,568;0,31259
9,57;0,0817229
9,572;0,150142
9,574;0,382018
9,576;0,612917
9,578;0,841849
9,58;1,06783
9,582;1,29593
9,584;1,52517
9,586;1,75458
9,588;1,98319
9,59;2,21001
9,592;2,43407
9,594;2,65441
9,596;2,87007
9,598;3,08013
9,6;3,28367
9,602;3,4798
9,604;3,66766
9,606;3,84643
9,608;4,01532
9,61;4,17358
9,612;4,32051
9,614;4,45543
9,616;4,57775
9,618;4,6869
9,62;4,78237
9,622;4,86373
9,624;4,93058
9,626;4,9826
9,628;5,01952
9,63;5,04113
9,632;5,0473
9,634;5,03796
9,636;5,01311
9,638;4,97279
9,64;4,91715
9,642;4,84637
9,644;4,76071
9,646;4,6605
9,648;4,54611
9,65;4,41799
9,652;4,27665
9,654;4,12266
9,656;3,95663
9,658;3,77924
9,66;3,59121
9,662;3,39331
9,664;3,18636
9,666;2,97121
9,668;2,74876
9,67;2,51993
9,672;2,28569
9,674;2,04701
9,676;1,8049
9,678;1,56039
9,68;1,31451
9,682;1,06831
9,684;0,822828
9,686;0,579124
9,688;0,338239
9,69;0,0951772
9,692;0,149032
9,694;0,393351
9,696;0,636736
9,698;0,878146
9,7;1,11655
9,702;1,35091
9,704;1,58023
9,706;1,8035
9,708;2,01976
9,71;2,22807
9,712;2,42751
9,714;2,61721
9,716;2,79632
9,718;2,96406
9,72;3,11967
9,722;3,26245
9,724;3,39177
9,726;3,50702
9,728;3,60767
9,73;3,69325
9,732;3,76335
9,734;3,81763
9,736;3,85581
9,738;3,87768
9,74;3,8831
9,742;3,87199
9,744;3,84436
9,746;3,80027
9,748;3,73987
9,75;3,66336
9,752;3,57102
9,754;3,46321
9,756;3,34033
9,758;3,20287
9,76;3,05136
9,762;2,88642
9,764;2,70871
9,766;2,51895
9,768;2,31792
9,77;2,10643
9,772;1,88536
9,774;1,65563
9,776;1,41819
9,778;1,17403
9,78;0,924177
9,782;0,669672
9,784;0,411592
9,786;0,151027
9,788;0,110918
9,79;0,37313
9,792;0,634491
9,794;0,893884
9,796;1,15019
9,798;1,40836
9,8;1,66727
9,802;1,92584
9,804;2,18295
9,806;2,43751
9,808;2,68842
9,81;2,93461
9,812;3,175
9,814;3,40855
9,816;3,63425
9,818;3,85112
9,82;4,05819
9,822;4,25456
9,824;4,43936
9,826;4,61177
9,828;4,77101
9,83;4,91637
9,832;5,04718
9,834;5,16285
9,836;5,26284
9,838;5,34667
9,84;5,41394
9,842;5,46431
9,844;5,49752
9,846;5,51338
9,848;5,51177
9,85;5,49264
9,852;5,45602
9,854;5,40203
9,856;5,33083
9,858;5,24269
9,86;5,13792
9,862;5,01693
9,864;4,88019
9,866;4,72822
9,868;4,56165
9,87;4,38113
9,872;4,18739
9,874;3,98122
9,876;3,76347
9,878;3,53502
9,88;3,29683
9,882;3,04988
9,884;2,7952
9,886;2,53385
9,888;2,26693
9,89;1,99556
9,892;1,72089
9,894;1,44407
9,896;1,16628
9,898;0,888712
9,9;0,61254
9,902;0,338951
9,904;0,0630851
9,906;0,213888
9,908;0,490789
9,91;0,766436
9,912;1,03965
9,914;1,30926
9,916;1,5741
9,918;1,83303
9,92;2,08493
9,922;2,32869
9,924;2,56327
9,926;2,78763
9,928;3,00077
9,93;3,20177
9,932;3,38973
9,934;3,5638
9,936;3,72321
9,938;3,86722
9,94;3,99519
9,942;4,10651
9,944;4,20067
9,946;4,27721
9,948;4,33575
9,95;4,37599
9,952;4,39771
9,954;4,40076
9,956;4,38507
9,958;4,35065
9,96;4,29759
9,962;4,22608
9,964;4,13634
9,966;4,02873
9,968;3,90364
9,97;3,76155
9,972;3,60303
9,974;3,4287
9,976;3,23925
9,978;3,03546
9,98;2,81814
9,982;2,5882
9,984;2,34656
9,986;2,09423
9,988;1,83225
9,99;1,56172
9,992;1,28376
9,994;0,999528
9,996;0,710231
9,998;0,417083
10;0,121324
10,002;0,175792
10,004;0,473002
10,006;0,769036
10,008;1,06263
10,01;1,35856
10,012;1,65556
10,014;1,95238
10,016;2,24774
10,018;2,54039
10,02;2,82906
10,022;3,11251
10,024;3,38952
10,026;3,65888
10,028;3,91943
10,03;4,17003
10,032;4,40957
10,034;4,63701
10,036;4,85134
10,038;5,05161
10,04;5,23691
10,042;5,40642
10,044;5,55936
10,046;5,69504
10,048;5,81282
10,05;5,91215
10,052;5,99256
10,054;6,05364
10,056;6,09507
10,058;6,11663
10,06;6,11815
10,062;6,09959
10,064;6,06095
10,066;6,00234
10,068;5,92395
10,07;5,82607
10,072;5,70904
10,074;5,57332
10,076;5,41943
10,078;5,24797
10,08;5,05962
10,082;4,85514
10,084;4,63535
10,086;4,40114
10,088;4,15347
10,09;3,89336
10,092;3,62188
10,094;3,34015
10,096;3,04936
10,098;2,7507
10,1;2,44544
10,102;2,13486
10,104;1,82026
10,106;1,50298
10,108;1,18436
10,11;0,865754
10,112;0,548529
10,114;0,234039
10,116;0,0824
10,118;0,399444
10,12;0,715742
10,122;1,02994
10,124;1,3407
10,126;1,64667
10,128;1,94655
10,13;2,23903
10,132;2,52284
10,134;2,79675
10,136;3,05955
10,138;3,31011
10,14;3,5473
10,142;3,77008
10,144;3,97746
10,146;4,1685
10,148;4,34235
10,15;4,4982
10,152;4,63535
10,154;4,75316
10,156;4,85105
10,158;4,92857
10,16;4,98531
10,162;5,02098
10,164;5,03535
10,166;5,02831
10,168;4,99983
10,17;4,94996
10,172;4,87885
10,174;4,78674
10,176;4,67397
10,178;4,54095
10,18;4,3882
10,182;4,2163
10,184;4,02594
10,186;3,81787
10,188;3,59293
10,19;3,35203
10,192;3,09615
10,194;2,82633
10,196;2,54369
10,198;2,2494
10,2;1,94468
10,202;1,63079
10,204;1,30906
10,206;0,980818
10,208;0,647461
10,21;0,310392
10,212;0,028962
10,214;0,369159
10,216;0,708751
10,218;1,04629
10,22;1,38635
10,222;1,72751
10,224;2,0683
10,226;2,40727
10,228;2,74297
10,23;3,07396
10,232;3,39881
10,234;3,71612
10,236;4,0245
10,238;4,32263
10,24;4,60919
10,242;4,88294
10,244;5,14266
10,246;5,3872
10,248;5,61548
10,25;5,82648
10,252;6,01924
10,254;6,19289
10,256;6,34663
10,258;6,47976
10,26;6,59163
10,262;6,68171
10,264;6,74955
10,266;6,7948
10,268;6,81719
10,27;6,81657
10,272;6,79287
10,274;6,74612
10,276;6,67646
10,278;6,58411
10,28;6,46941
10,282;6,33277
10,284;6,17472
10,286;5,99586
10,288;5,79691
10,29;5,57864
10,292;5,34193
10,294;5,08775
10,296;4,81711
10,298;4,53114
10,3;4,23099
10,302;3,91793
10,304;3,59323
10,306;3,25825
10,308;2,9144
10,31;2,56311
10,312;2,20586
10,314;1,84415
10,316;1,47952
10,318;1,11351
10,32;0,747687
10,322;0,383605
10,324;0,0228226
10,326;0,339143
10,328;0,700752
10,33;1,06046
10,332;1,41673
10,334;1,76802
10,336;2,11283
10,338;2,44967
10,34;2,77707
10,342;3,09361
10,344;3,39791
10,346;3,68863
10,348;3,96449
10,35;4,22428
10,352;4,46683
10,354;4,69106
10,356;4,89597
10,358;5,08061
10,36;5,24415
10,362;5,38582
10,364;5,50495
10,366;5,60098
10,368;5,67341
10,37;5,72188
10,372;5,74611
10,374;5,74592
10,376;5,72125
10,378;5,67211
10,38;5,59866
10,382;5,50114
10,384;5,37989
10,386;5,23535
10,388;5,06808
10,39;4,87873
10,392;4,66803
10,394;4,43683
10,396;4,18604
10,398;3,91669
10,4;3,62987
10,402;3,32674
10,404;3,00856
10,406;2,67664
10,408;2,33235
10,41;1,97713
10,412;1,61246
10,414;1,23987
10,416;0,860922
10,418;0,477219
10,42;0,0903826
10,422;0,297946
10,424;0,686114
10,426;1,07246
10,428;1,45534
10,43;1,83914
10,432;2,22223
10,434;2,60296
10,436;2,97971
10,438;3,35085
10,44;3,7148
10,442;4,06996
10,444;4,41481
10,446;4,74784
10,448;5,0676
10,45;5,37267
10,452;5,66173
10,454;5,93348
10,456;6,18672
10,458;6,4203
10,46;6,63319
10,462;6,82441
10,464;6,99307
10,466;7,1384
10,468;7,2597
10,47;7,35639
10,472;7,42798
10,474;7,4741
10,476;7,49446
10,478;7,48892
10,48;7,45741
10,482;7,4
10,484;7,31685
10,486;7,20824
10,488;7,07457
10,49;6,91632
10,492;6,73411
10,494;6,52863
10,496;6,30071
10,498;6,05123
10,5;5,78122
10,502;5,49175
10,504;5,184
10,506;4,85924
10,508;4,5188
10,51;4,16409
10,512;3,79657
10,514;3,41778
10,516;3,02931
10,518;2,63278
10,52;2,22985
10,522;1,82224
10,524;1,41166
10,526;0,999859
10,528;0,58859
10,53;0,179609
10,532;0,231366
10,534;0,642588
10,536;1,0523
10,538;1,45876
10,54;1,86021
10,542;2,25493
10,544;2,64122
10,546;3,01739
10,548;3,38183
10,55;3,73293
10,552;4,06917
10,554;4,38905
10,556;4,69118
10,558;4,97421
10,56;5,23687
10,562;5,47798
10,564;5,69646
10,566;5,89131
10,568;6,06161
10,57;6,20659
10,572;6,32553
10,574;6,41786
10,576;6,48311
10,578;6,52092
10,58;6,53104
10,582;6,51336
10,584;6,46786
10,586;6,39466
10,588;6,29399
10,59;6,1662
10,592;6,01175
10,594;5,83123
10,596;5,62532
10,598;5,39484
10,6;5,1407
10,602;4,8639
10,604;4,56557
10,606;4,24691
10,608;3,90922
10,61;3,55389
10,612;3,18239
10,614;2,79624
10,616;2,39706
10,618;1,98651
10,62;1,56631
10,622;1,13822
10,624;0,704051
10,626;0,265628
10,628;0,175185
10,63;0,616515
10,632;1,05648
10,634;1,4932
10,636;1,93084
10,638;2,36753
10,64;2,8014
10,642;3,2306
10,644;3,65328
10,646;4,06762
10,648;4,47182
10,65;4,86414
10,652;5,24285
10,654;5,60632
10,656;5,95294
10,658;6,28118
10,66;6,58959
10,662;6,87679
10,664;7,1415
10,666;7,38252
10,668;7,59876
10,67;7,78921
10,672;7,953
10,674;8,08934
10,676;8,19757
10,678;8,27715
10,68;8,32765
10,682;8,34877
10,684;8,34034
10,686;8,3023
10,688;8,23474
10,69;8,13785
10,692;8,01195
10,694;7,85751
10,696;7,6751
10,698;7,46541
10,7;7,22926
10,702;6,96758
10,704;6,68141
10,706;6,37189
10,708;6,04029
10,71;5,68795
10,712;5,31631
10,714;4,9269
10,716;4,52134
10,718;4,1013
10,72;3,66854
10,722;3,22486
10,724;2,77212
10,726;2,31224
10,728;1,84714
10,73;1,37881
10,732;0,909223
10,734;0,440387
10,736;0,0256976
10,738;0,493068
10,74;0,959734
10,742;1,4237
10,744;1,88299
10,746;2,33561
10,748;2,77962
10,75;3,21311
10,752;3,63419
10,754;4,04102
10,756;4,43184
10,758;4,80492
10,76;5,15862
10,762;5,49137
10,764;5,80171
10,766;6,08822
10,768;6,34963
10,77;6,58474
10,772;6,79248
10,774;6,97187
10,776;7,12207
10,778;7,24235
10,78;7,33211
10,782;7,39088
10,784;7,41832
10,786;7,41421
10,788;7,37848
10,79;7,3112
10,792;7,21255
10,794;7,08287
10,796;6,92262
10,798;6,73239
10,8;6,5129
10,802;6,26501
10,804;5,98969
10,806;5,68803
10,808;5,36125
10,81;5,01067
10,812;4,6377
10,814;4,24388
10,816;3,83083
10,818;3,40025
10,82;2,95393
10,822;2,49372
10,824;2,02155
10,826;1,5394
10,828;1,04929
10,83;0,553303
10,832;0,0535247
10,834;0,44792
10,836;0,948896
10,838;1,44727
10,84;1,94693
10,842;2,44575
10,844;2,94161
10,846;3,43238
10,848;3,91595
10,85;4,39024
10,852;4,85319
10,854;5,3028
10,856;5,7371
10,858;6,15421
10,86;6,55229
10,862;6,92959
10,864;7,28443
10,866;7,61524
10,868;7,92053
10,87;8,19893
10,872;8,44917
10,874;8,6701
10,876;8,86069
10,878;9,02005
10,88;9,14738
10,882;9,24207
10,884;9,30361
10,886;9,33164
10,888;9,32595
10,89;9,28645
10,892;9,21322
10,894;9,10647
10,896;8,96656
10,898;8,79398
10,9;8,58939
10,902;8,35355
10,904;8,08738
10,906;7,79194
10,908;7,46838
10,91;7,11802
10,912;6,74227
10,914;6,34265
10,916;5,92081
10,918;5,47847
10,92;5,01746
10,922;4,5397
10,924;4,04717
10,926;3,54194
10,928;3,02612
10,93;2,50188
10,932;1,97143
10,934;1,43702
10,936;0,900921
10,938;0,365408
10,94;0,167229
10,942;0,700743
10,944;1,23286
10,946;1,76131
10,948;2,28382
10,95;2,79814
10,952;3,30207
10,954;3,79341
10,956;4,27004
10,958;4,72987
10,96;5,1709
10,962;5,59119
10,964;5,98889
10,966;6,36223
10,968;6,70954
10,97;7,02928
10,972;7,31999
10,974;7,58035
10,976;7,80916
10,978;8,00535
10,98;8,16798
10,982;8,29627
10,984;8,38957
10,986;8,44738
10,988;8,46934
10,99;8,45526
10,992;8,40509
10,994;8,31893
10,996;8,19706
10,998;8,03989
11;7,84798
11,002;7,62205
11,004;7,36297
11,006;7,07174
11,008;6,74951
11,01;6,39756
11,012;6,01732
11,014;5,61031
11,016;5,1782
11,018;4,72276
11,02;4,24586
11,022;3,74947
11,024;3,23566
11,026;2,70656
11,028;2,1644
11,03;1,61143
11,032;1,05
11,034;0,482465
11,036;0,0887631
11,038;0,661259
11,04;1,23259
11,042;1,8003
11,044;2,368
11,046;2,93328
11,048;3,4937
11,05;4,04686
11,052;4,59038
11,054;5,12192
11,056;5,63917
11,058;6,13989
11,06;6,62188
11,062;7,08304
11,064;7,52133
11,066;7,93482
11,068;8,32168
11,07;8,68018
11,072;9,00869
11,074;9,30574
11,076;9,56996
11,078;9,80013
11,08;9,99516
11,082;10,1541
11,084;10,2762
11,086;10,3609
11,088;10,4076
11,09;10,416
11,092;10,386
11,094;10,3176
11,096;10,211
11,098;10,0665
11,1;9,88466
11,102;9,66611
11,104;9,41168
11,106;9,12236
11,108;8,79927
11,11;8,44369
11,112;8,05705
11,114;7,64091
11,116;7,19695
11,118;6,72698
11,12;6,23295
11,122;5,71687
11,124;5,18089
11,126;4,62725
11,128;4,05824
11,13;3,47625
11,132;2,88373
11,134;2,28317
11,136;1,67711
11,138;1,06813
11,14;0,458811
11,142;0,148249
11,144;0,756486
11,146;1,36331
11,148;1,96612
11,15;2,56234
11,152;3,14941
11,154;3,72478
11,156;4,28598
11,158;4,83057
11,16;5,35618
11,162;5,8605
11,164;6,34132
11,166;6,79653
11,168;7,2241
11,17;7,62213
11,172;7,98884
11,174;8,32256
11,176;8,62179
11,178;8,88513
11,18;9,11136
11,182;9,29941
11,184;9,44836
11,186;9,55747
11,188;9,62614
11,19;9,65397
11,192;9,64072
11,194;9,58633
11,196;9,49091
11,198;9,35473
11,2;9,17828
11,202;8,96217
11,204;8,70722
11,206;8,4144
11,208;8,08485
11,21;7,71986
11,212;7,32089
11,214;6,88955
11,216;6,42757
11,218;5,93684
11,22;5,41937
11,222;4,87729
11,224;4,31283
11,226;3,72835
11,228;3,12627
11,23;2,50912
11,232;1,87948
11,234;1,24
11,236;0,593382
11,238;0,0576356
11,24;0,710288
11,242;1,3618
11,244;2,01541
11,246;2,66835
11,248;3,31782
11,25;3,96105
11,252;4,59528
11,254;5,21776
11,256;5,82581
11,258;6,41679
11,26;6,98813
11,262;7,53734
11,264;8,06201
11,266;8,55982
11,268;9,02858
11,27;9,4662
11,272;9,87071
11,274;10,2403
11,276;10,5733
11,278;10,8682
11,28;11,1235
11,282;11,3382
11,284;11,5111
11,286;11,6414
11,288;11,7284
11,29;11,7717
11,292;11,7708
11,294;11,7258
11,296;11,6366
11,298;11,5034
11,3;11,3269
11,302;11,1074
11,304;10,846
11,306;10,5435
11,308;10,2011
11,31;9,82022
11,312;9,40232
11,314;8,94909
11,316;8,46235
11,318;7,94408
11,32;7,3964
11,322;6,82156
11,324;6,22194
11,326;5,60001
11,328;4,95838
11,33;4,29971
11,332;3,62677
11,334;2,94239
11,336;2,24945
11,338;1,55089
11,34;0,849666
11,342;0,148767
11,344;0,548818
11,346;1,24614
11,348;1,94021
11,35;2,62807
11,352;3,30676
11,354;3,97337
11,356;4,625
11,358;5,25884
11,36;5,87213
11,362;6,4622
11,364;7,02645
11,366;7,5624
11,368;8,06769
11,37;8,54006
11,372;8,97742
11,374;9,37778
11,376;9,73933
11,378;10,0604
11,38;10,3395
11,382;10,5754
11,384;10,7669
11,386;10,913
11,388;11,013
11,39;11,0663
11,392;11,0726
11,394;11,0318
11,396;10,9437
11,398;10,8087
11,4;10,6273
11,402;10,4
11,404;10,1277
11,406;9,81136
11,408;9,45231
11,41;9,05189
11,412;8,61171
11,414;8,13353
11,416;7,61926
11,418;7,07101
11,42;6,49101
11,422;5,88163
11,424;5,24541
11,426;4,58497
11,428;3,90305
11,43;3,20251
11,432;2,48628
11,434;1,75737
11,436;1,01885
11,438;0,273846
11,44;0,474484
11,442;1,22296
11,444;1,96838
11,446;2,71359
11,448;3,45542
11,45;4,19069
11,452;4,91624
11,454;5,62895
11,456;6,32574
11,458;7,00358
11,46;7,65954
11,462;8,29075
11,464;8,89444
11,466;9,46796
11,468;10,0088
11,47;10,5145
11,472;10,9828
11,474;11,4116
11,476;11,7991
11,478;12,1433
11,48;12,4427
11,482;12,6959
11,484;12,9017
11,486;13,0591
11,488;13,1672
11,49;13,2254
11,492;13,2334
11,494;13,191
11,496;13,0982
11,498;12,9552
11,5;12,7625
11,502;12,5208
11,504;12,231
11,506;11,8941
11,508;11,5116
11,51;11,0848
11,512;10,6154
11,514;10,1054
11,516;9,55678
11,518;8,97178
11,52;8,35279
11,522;7,70235
11,524;7,02315
11,526;6,318
11,528;5,58982
11,53;4,84167
11,532;4,07667
11,534;3,29803
11,536;2,50905
11,538;1,71305
11,54;0,913416
11,542;0,113543
11,544;0,683155
11,546;1,4793
11,548;2,2715
11,55;3,05636
11,552;3,83051
11,554;4,59062
11,556;5,3334
11,558;6,05563
11,56;6,75416
11,562;7,42596
11,564;8,06807
11,566;8,67768
11,568;9,25207
11,57;9,7887
11,572;10,2852
11,574;10,7392
11,576;11,1488
11,578;11,5121
11,58;11,8274
11,582;12,0931
11,584;12,308
11,586;12,4711
11,588;12,5815
11,59;12,6386
11,592;12,6419
11,594;12,5913
11,596;12,4869
11,598;12,3289
11,6;12,1179
11,602;11,8546
11,604;11,54
11,606;11,1752
11,608;10,7618
11,61;10,3012
11,612;9,79531
11,614;9,24621
11,616;8,65607
11,618;8,02729
11,62;7,36245
11,622;6,66428
11,624;5,93565
11,626;5,17958
11,628;4,39923
11,63;3,59785
11,632;2,77879
11,634;1,9455
11,636;1,1015
11,638;0,250344
11,64;0,604344
11,642;1,45893
11,644;2,30978
11,646;3,15926
11,648;4,00377
11,65;4,83968
11,652;5,66339
11,654;6,47137
11,656;7,2601
11,658;8,02619
11,66;8,76627
11,662;9,47714
11,664;10,1557
11,666;10,7988
11,668;11,4038
11,67;11,968
11,672;12,4887
11,674;12,9637
11,676;13,3907
11,678;13,7679
11,68;14,0934
11,682;14,3658
11,684;14,5837
11,686;14,746
11,688;14,8519
11,69;14,9007
11,692;14,8921
11,694;14,826
11,696;14,7023
11,698;14,5217
11,7;14,2845
11,702;13,9917
11,704;13,6443
11,706;13,2437
11,708;12,7914
11,71;12,2893
11,712;11,7392
11,714;11,1434
11,716;10,5044
11,718;9,82463
11,72;9,10698
11,722;8,35438
11,724;7,56993
11,726;6,75688
11,728;5,91863
11,73;5,05867
11,732;4,18061
11,734;3,28815
11,736;2,38504
11,738;1,47511
11,74;0,562229
11,742;0,349726
11,744;1,26289
11,746;2,17338
11,748;3,07729
11,75;3,97075
11,752;4,84992
11,754;5,711
11,756;6,55027
11,758;7,36408
11,76;8,14889
11,762;8,90126
11,764;9,61789
11,766;10,2956
11,768;10,9314
11,77;11,5225
11,772;12,0661
11,774;12,5599
11,776;13,0016
11,778;13,3892
11,78;13,7207
11,782;13,9948
11,784;14,2099
11,786;14,3651
11,788;14,4595
11,79;14,4925
11,792;14,4638
11,794;14,3733
11,796;14,2212
11,798;14,0081
11,8;13,7346
11,802;13,4017
11,804;13,0107
11,806;12,563
11,808;12,0605
11,81;11,5051
11,812;10,899
11,814;10,2446
11,816;9,5446
11,818;8,80187
11,82;8,01944
11,822;7,20053
11,824;6,34852
11,826;5,46695
11,828;4,5595
11,83;3,62996
11,832;2,68223
11,834;1,72031
11,836;0,748254
11,838;0,229816
11,84;1,20975
11,842;2,18736
11,844;3,16452
11,846;4,13704
11,848;5,10078
11,85;6,05158
11,852;6,98536
11,854;7,89807
11,856;8,78578
11,858;9,6446
11,86;10,4708
11,862;11,2608
11,864;12,011
11,866;12,7182
11,868;13,3792
11,87;13,9911
11,872;14,551
11,874;15,0566
11,876;15,5053
11,878;15,8953
11,88;16,2246
11,882;16,4916
11,884;16,695
11,886;16,8339
11,888;16,9073
11,89;16,9148
11,892;16,8561
11,894;16,7314
11,896;16,5409
11,898;16,2853
11,9;15,9655
11,902;15,5826
11,904;15,1381
11,906;14,6337
11,908;14,0714
11,91;13,4534
11,912;12,7822
11,914;12,0606
11,916;11,2913
11,918;10,4776
11,92;9,62287
11,922;8,73054
11,924;7,80436
11,926;6,84816
11,928;5,86595
11,93;4,86183
11,932;3,84003
11,934;2,80486
11,936;1,76068
11,938;0,711938
11,94;0,336914
11,942;1,3814
11,944;2,42308
11,946;3,45751
11,948;4,48025
11,95;5,4869
11,952;6,47313
11,954;7,43465
11,956;8,3673
11,958;9,26702
11,96;10,1299
11,962;10,952
11,964;11,7299
11,966;12,4601
11,968;13,1393
11,97;13,7644
11,972;14,3326
11,974;14,8414
11,976;15,2884
11,978;15,6715
11,98;15,9889
11,982;16,2391
11,984;16,4207
11,986;16,5328
11,988;16,5747
11,99;16,5461
11,992;16,4468
11,994;16,277
