0,002;0
0,004;2,82843e-05
0,006;8,48151e-05
0,008;0,000169472
0,01;0,000282051
0,012;0,000422268
0,014;0,000589754
0,016;0,000784063
0,018;0,00100467
0,02;0,00125096
0,022;0,00152226
0,024;0,00181782
0,026;0,0021368
0,028;0,00247831
0,03;0,00284138
0,032;0,00322498
0,034;0,00362801
0,036;0,00404934
0,038;0,00448774
0,04;0,00494197
0,042;0,00541071
0,044;0,00589261
0,046;0,00638629
0,048;0,0068903
0,05;0,0074032
0,052;0,00792348
0,054;0,00844964
0,056;0,00898013
0,058;0,00951342
0,06;0,0100479
0,062;0,0105821
0,064;0,0111144
0,066;0,0116432
0,068;0,012167
0,07;0,0126843
0,072;0,0131934
0,074;0,0136929
0,076;0,0141814
0,078;0,0146573
0,08;0,0151192
0,082;0,0155659
0,084;0,0159959
0,086;0,0164079
0,088;0,0168007
0,09;0,0171732
0,092;0,0175242
0,094;0,0178526
0,096;0,0181575
0,098;0,0184378
0,1;0,0186929
0,102;0,0189218
0,104;0,0191238
0,106;0,0192983
0,108;0,0194448
0,11;0,0195628
0,112;0,0196519
0,114;0,0197117
0,116;0,0197421
0,118;0,0197429
0,12;0,0197141
0,122;0,0196557
0,124;0,0195679
0,126;0,0194508
0,128;0,0193047
0,13;0,0191301
0,132;0,0189273
0,134;0,018697
0,136;0,0184397
0,138;0,0181563
0,14;0,0178474
0,142;0,0175139
0,144;0,0171569
0,146;0,0167772
0,148;0,0163759
0,15;0,0159543
0,152;0,0155135
0,154;0,0150548
0,156;0,0145794
0,158;0,0140888
0,16;0,0135844
0,162;0,0130676
0,164;0,01254
0,166;0,012003
0,168;0,0114582
0,17;0,0109072
0,172;0,0103516
0,174;0,00979305
0,176;0,00923317
0,178;0,00867359
0,18;0,00811595
0,182;0,00756191
0,184;0,00701307
0,186;0,00647107
0,188;0,00593751
0,19;0,00541396
0,192;0,00490198
0,194;0,00440308
0,196;0,00391875
0,198;0,00345044
0,2;0,00299954
0,202;0,00256741
0,204;0,00215534
0,206;0,00176456
0,208;0,00139628
0,21;0,00105159
0,212;0,000731549
0,214;0,000437135
0,216;0,000169252
0,218;7,12716e-05
0,22;0,000283687
0,222;0,000467325
0,224;0,000621603
0,226;0,000746019
0,228;0,000840162
0,23;0,000903707
0,232;0,000936419
0,234;0,000938151
0,236;0,000908851
0,238;0,000848553
0,24;0,000757385
0,242;0,000635566
0,244;0,000483403
0,246;0,000301294
0,248;8,97257e-05
0,25;0,000150728
0,252;0,000419409
0,254;0,000715574
0,256;0,0010384
0,258;0,00138698
0,26;0,00176033
0,262;0,0021574
0,264;0,00257706
0,266;0,00301812
0,268;0,00347931
0,27;0,00395932
0,272;0,00445677
0,274;0,00497023
0,276;0,00549821
0,278;0,0060392
0,28;0,00659162
0,282;0,00715387
0,284;0,00772432
0,286;0,00830131
0,288;0,00888315
0,29;0,00946816
0,292;0,0100546
0,294;0,0106408
0,296;0,011225
0,298;0,0118055
0,3;0,0123805
0,302;0,0129485
0,304;0,0135076
0,306;0,0140564
0,308;0,014593
0,31;0,015116
0,312;0,0156238
0,314;0,0161148
0,316;0,0165876
0,318;0,0170409
0,32;0,0174731
0,322;0,0178831
0,324;0,0182695
0,326;0,0186313
0,328;0,0189672
0,33;0,0192764
0,332;0,0195578
0,334;0,0198105
0,336;0,0200339
0,338;0,0202271
0,34;0,0203896
0,342;0,0205208
0,344;0,0206203
0,346;0,0206877
0,348;0,0207229
0,35;0,0207256
0,352;0,0206958
0,354;0,0206336
0,356;0,020539
0,358;0,0204123
0,36;0,0202538
0,362;0,0200639
0,364;0,0198431
0,366;0,0195921
0,368;0,0193115
0,37;0,019002
0,372;0,0186646
0,374;0,0183003
0,376;0,0179099
0,378;0,0174946
0,38;0,0170557
0,382;0,0165943
0,384;0,0161118
0,386;0,0156095
0,388;0,0150889
0,39;0,0145516
0,392;0,0139989
0,394;0,0134326
0,396;0,0128543
0,398;0,0122656
0,4;0,0116683
0,402;0,0110641
0,404;0,0104547
0,406;0,00984199
0,408;0,00922771
0,41;0,00861367
0,412;0,00800166
0,414;0,00739348
0,416;0,00679093
0,418;0,00619578
0,42;0,00560979
0,422;0,00503469
0,424;0,00447218
0,426;0,00392394
0,428;0,00339159
0,43;0,00287673
0,432;0,0023809
0,434;0,00190557
0,436;0,00145217
0,438;0,00102207
0,44;0,000616573
0,442;0,000236901
0,444;0,00011579
0,446;0,000440421
0,448;0,000735995
0,45;0,0010016
0,452;0,00123641
0,454;0,00143968
0,456;0,00161077
0,458;0,00174912
0,46;0,00185428
0,462;0,00192589
0,464;0,00196367
0,466;0,00196747
0,468;0,00193723
0,47;0,00187296
0,472;0,00177482
0,474;0,00164303
0,476;0,00147792
0,478;0,00127993
0,48;0,00104959
0,482;0,000787511
0,484;0,000494421
0,486;0,000171127
0,488;0,00018147
0,49;0,000562384
0,492;0,000970541
0,494;0,00140479
0,496;0,0018639
0,498;0,00234655
0,5;0,00285138
0,502;0,00337694
0,504;0,00392172
0,506;0,00448415
0,508;0,00506261
0,51;0,00565543
0,512;0,0062609
0,514;0,00687725
0,516;0,0075027
0,518;0,00813543
0,52;0,00877358
0,522;0,00941531
0,524;0,0100587
0,526;0,010702
0,528;0,0113431
0,53;0,0119803
0,532;0,0126116
0,534;0,0132353
0,536;0,0138494
0,538;0,0144522
0,54;0,0150418
0,542;0,0156165
0,544;0,0161746
0,546;0,0167144
0,548;0,0172344
0,55;0,0177329
0,552;0,0182085
0,554;0,0186597
0,556;0,0190852
0,558;0,0194837
0,56;0,0198539
0,562;0,0201948
0,564;0,0205052
0,566;0,0207843
0,568;0,0210312
0,57;0,0212451
0,572;0,0214252
0,574;0,0215711
0,576;0,0216822
0,578;0,0217582
0,58;0,0217988
0,582;0,0218038
0,584;0,0217731
0,586;0,0217068
0,588;0,021605
0,59;0,0214679
0,592;0,0212959
0,594;0,0210895
0,596;0,0208491
0,598;0,0205755
0,6;0,0202694
0,602;0,0199317
0,604;0,0195632
0,606;0,019165
0,608;0,0187382
0,61;0,0182841
0,612;0,0178039
0,614;0,017299
0,616;0,0167708
0,618;0,0162209
0,62;0,0156508
0,622;0,0150622
0,624;0,0144567
0,626;0,0138361
0,628;0,0132023
0,63;0,0125569
0,632;0,011902
0,634;0,0112394
0,636;0,0105711
0,638;0,009899
0,64;0,00922506
0,642;0,00855125
0,644;0,00787958
0,646;0,00721199
0,648;0,00655047
0,65;0,00589696
0,652;0,00525339
0,654;0,00462167
0,656;0,00400366
0,658;0,0034012
0,66;0,00281609
0,662;0,00225007
0,664;0,00170482
0,666;0,00118198
0,668;0,000683126
0,67;0,000209753
0,672;0,000236709
0,674;0,000654906
0,676;0,00104357
0,678;0,0014015
0,68;0,00172762
0,682;0,0020209
0,684;0,00228045
0,686;0,00250543
0,688;0,00269514
0,69;0,00284896
0,692;0,00296639
0,694;0,00304702
0,696;0,00309056
0,698;0,00309682
0,7;0,00306572
0,702;0,00299729
0,704;0,00289167
0,706;0,00274912
0,708;0,00257
0,71;0,00235476
0,712;0,00210399
0,714;0,00181836
0,716;0,00149866
0,718;0,00114576
0,72;0,00076066
0,722;0,000344423
0,724;0,000101775
0,726;0,000576672
0,728;0,00107892
0,73;0,00160709
0,732;0,00215968
0,734;0,0027351
0,736;0,00333171
0,738;0,00394778
0,74;0,00458153
0,742;0,00523115
0,744;0,00589475
0,746;0,0065704
0,748;0,00725615
0,75;0,00794999
0,752;0,0086499
0,754;0,00935385
0,756;0,0100598
0,758;0,0107656
0,76;0,0114692
0,762;0,0121687
0,764;0,0128618
0,766;0,0135466
0,768;0,014221
0,77;0,0148831
0,772;0,0155309
0,774;0,0161625
0,776;0,0167759
0,778;0,0173694
0,78;0,0179411
0,782;0,0184895
0,784;0,0190127
0,786;0,0195093
0,788;0,0199778
0,79;0,0204167
0,792;0,0208247
0,794;0,0212006
0,796;0,0215431
0,798;0,0218513
0,8;0,0221241
0,802;0,0223608
0,804;0,0225606
0,806;0,0227228
0,808;0,0228468
0,81;0,0229324
0,812;0,0229791
0,814;0,0229867
0,816;0,0229552
0,818;0,0228847
0,82;0,0227751
0,822;0,0226269
0,824;0,0224403
0,826;0,0222159
0,828;0,0219542
0,83;0,0216561
0,832;0,0213222
0,834;0,0209535
0,836;0,020551
0,838;0,0201159
0,84;0,0196494
0,842;0,0191528
0,844;0,0186274
0,846;0,0180749
0,848;0,0174968
0,85;0,0168947
0,852;0,0162704
0,854;0,0156256
0,856;0,0149622
0,858;0,0142822
0,86;0,0135875
0,862;0,0128801
0,864;0,0121621
0,866;0,0114355
0,868;0,0107025
0,87;0,00996521
0,872;0,0092258
0,874;0,00848644
0,876;0,00774928
0,878;0,00701649
0,88;0,00629024
0,882;0,00557265
0,884;0,00486586
0,886;0,00417194
0,888;0,00349296
0,89;0,00283094
0,892;0,00218783
0,894;0,00156556
0,896;0,000965991
0,898;0,000390911
0,9;0,000157952
0,902;0,000678946
0,904;0,0011705
0,906;0,00163112
0,908;0,0020594
0,91;0,00245405
0,912;0,00281385
0,914;0,00313768
0,916;0,00342455
0,918;0,00367354
0,92;0,00388387
0,922;0,00405487
0,924;0,00418595
0,926;0,00427669
0,928;0,00432673
0,93;0,00433589
0,932;0,00430405
0,934;0,00423126
0,936;0,00411765
0,938;0,0039635
0,94;0,00376919
0,942;0,00353523
0,944;0,00326224
0,946;0,00295096
0,948;0,00260224
0,95;0,00221705
0,952;0,00179645
0,954;0,00134162
0,956;0,000853852
0,958;0,00033451
0,96;0,000214927
0,962;0,000792898
0,964;0,00139775
0,966;0,00202776
0,968;0,00268111
0,97;0,00335592
0,972;0,00405026
0,974;0,00476211
0,976;0,00548941
0,978;0,00623006
0,98;0,0069819
0,982;0,00774275
0,984;0,00851039
0,986;0,00928258
0,988;0,0100571
0,99;0,0108316
0,992;0,0116038
0,994;0,0123716
0,996;0,0131325
0,998;0,0138845
1;0,0146251
1,002;0,0153524
1,004;0,0160641
1,006;0,0167581
1,008;0,0174323
1,01;0,0180847
1,012;0,0187135
1,014;0,0193166
1,016;0,0198923
1,018;0,0204389
1,02;0,0209547
1,022;0,0214381
1,024;0,0218877
1,026;0,022302
1,028;0,02268
1,03;0,0230202
1,032;0,0233218
1,034;0,0235837
1,036;0,0238052
1,038;0,0239855
1,04;0,024124
1,042;0,0242202
1,044;0,0242738
1,046;0,0242846
1,048;0,0242524
1,05;0,0241774
1,052;0,0240596
1,054;0,0238993
1,056;0,0236969
1,058;0,023453
1,06;0,0231682
1,062;0,0228432
1,064;0,022479
1,066;0,0220766
1,068;0,0216371
1,07;0,0211616
1,072;0,0206516
1,074;0,0201085
1,076;0,0195339
1,078;0,0189293
1,08;0,0182965
1,082;0,0176373
1,084;0,0169536
1,086;0,0162473
1,088;0,0155205
1,09;0,0147754
1,092;0,014014
1,094;0,0132385
1,096;0,0124513
1,098;0,0116545
1,1;0,0108506
1,102;0,0100419
1,104;0,00923064
1,106;0,00841934
1,108;0,00761032
1,11;0,00680597
1,112;0,00600865
1,114;0,00522072
1,116;0,00444449
1,118;0,00368228
1,12;0,00293632
1,122;0,00220884
1,124;0,001502
1,126;0,000817913
1,128;0,000158614
1,13;0,000473922
1,132;0,00107779
1,134;0,00165119
1,136;0,00219237
1,138;0,00269971
1,14;0,00317165
1,142;0,00360676
1,144;0,0040037
1,146;0,00436125
1,148;0,00467829
1,15;0,00495383
1,152;0,005187
1,154;0,00537704
1,156;0,00552333
1,158;0,00562537
1,16;0,00568278
1,162;0,00569534
1,164;0,00566292
1,166;0,00558555
1,168;0,0054634
1,17;0,00529673
1,172;0,00508598
1,174;0,00483169
1,176;0,00453454
1,178;0,00419532
1,18;0,00381497
1,182;0,00339454
1,184;0,00293519
1,186;0,00243821
1,188;0,00190501
1,19;0,00133707
1,192;0,000736025
1,194;0,000103571
1,196;0,000558482
1,198;0,00124824
1,2;0,00196373
1,202;0,00270288
1,204;0,00346357
1,206;0,00424361
1,208;0,00504072
1,21;0,00585262
1,212;0,00667692
1,214;0,00751125
1,216;0,00835316
1,218;0,0092002
1,22;0,0100499
1,222;0,0108997
1,224;0,0117473
1,226;0,01259
1,228;0,0134254
1,23;0,014251
1,232;0,0150645
1,234;0,0158634
1,236;0,0166452
1,238;0,0174078
1,24;0,0181489
1,242;0,0188661
1,244;0,0195575
1,246;0,0202208
1,248;0,0208543
1,25;0,0214558
1,252;0,0220236
1,254;0,0225561
1,256;0,0230515
1,258;0,0235083
1,26;0,0239253
1,262;0,0243009
1,264;0,0246342
1,266;0,0249241
1,268;0,0251696
1,27;0,0253699
1,272;0,0255244
1,274;0,0256326
1,276;0,0256941
1,278;0,0257085
1,28;0,0256759
1,282;0,0255962
1,284;0,0254695
1,286;0,0252962
1,288;0,0250768
1,29;0,0248117
1,292;0,0245017
1,294;0,0241475
1,296;0,0237503
1,298;0,0233111
1,3;0,0228311
1,302;0,0223116
1,304;0,0217541
1,306;0,0211602
1,308;0,0205315
1,31;0,0198699
1,312;0,0191773
1,314;0,0184556
1,316;0,0177068
1,318;0,0169333
1,32;0,0161371
1,322;0,0153205
1,324;0,014486
1,326;0,013636
1,328;0,0127729
1,33;0,0118992
1,332;0,0110175
1,334;0,0101304
1,336;0,00924036
1,338;0,00835012
1,34;0,00746225
1,342;0,00657936
1,344;0,00570403
1,346;0,00483886
1,348;0,0039864
1,35;0,00314916
1,352;0,00232963
1,354;0,00153023
1,356;0,000753358
1,358;1,31422e-06
1,36;0,000723653
1,362;0,00141937
1,364;0,00208376
1,366;0,00271481
1,368;0,00331062
1,37;0,00386939
1,372;0,00438943
1,374;0,00486913
1,376;0,00530703
1,378;0,00570179
1,38;0,00605216
1,382;0,00635706
1,384;0,00661551
1,386;0,00682669
1,388;0,0069899
1,39;0,00710458
1,392;0,00717032
1,394;0,00718684
1,396;0,00715403
1,398;0,0070719
1,4;0,0069406
1,402;0,00676046
1,404;0,00653191
1,406;0,00625554
1,408;0,00593211
1,41;0,00556247
1,412;0,00514764
1,414;0,00468876
1,416;0,00418711
1,418;0,00364408
1,42;0,00306122
1,422;0,00244016
1,424;0,00178267
1,426;0,00109061
1,428;0,000365954
1,43;0,000389215
1,432;0,00117273
1,434;0,00198235
1,436;0,00281573
1,438;0,00367047
1,44;0,0045441
1,442;0,00543408
1,444;0,00633782
1,446;0,00725271
1,448;0,00817607
1,45;0,00910521
1,452;0,0100374
1,454;0,0109699
1,456;0,0119001
1,458;0,0128251
1,46;0,0137422
1,462;0,0146488
1,464;0,0155421
1,466;0,0164196
1,468;0,0172786
1,47;0,0181166
1,472;0,018931
1,474;0,0197195
1,476;0,0204797
1,478;0,0212094
1,48;0,0219062
1,482;0,0225683
1,484;0,0231934
1,486;0,0237798
1,488;0,0243257
1,49;0,0248294
1,492;0,0252893
1,494;0,0257041
1,496;0,0260724
1,498;0,0263931
1,5;0,0266652
1,502;0,0268878
1,504;0,0270602
1,506;0,0271818
1,508;0,0272521
1,51;0,0272708
1,512;0,0272379
1,514;0,0271533
1,516;0,0270172
1,518;0,0268299
1,52;0,0265919
1,522;0,0263038
1,524;0,0259664
1,526;0,0255806
1,528;0,0251473
1,53;0,0246679
1,532;0,0241437
1,534;0,0235761
1,536;0,0229667
1,538;0,0223172
1,54;0,0216296
1,542;0,0209056
1,544;0,0201475
1,546;0,0193573
1,548;0,0185374
1,55;0,0176901
1,552;0,0168178
1,554;0,0159231
1,556;0,0150085
1,558;0,0140767
1,56;0,0131304
1,562;0,0121724
1,564;0,0112054
1,566;0,0102323
1,568;0,00925585
1,57;0,00827902
1,572;0,00730462
1,574;0,00633551
1,576;0,00537456
1,578;0,00442459
1,58;0,00348841
1,582;0,00256877
1,584;0,00166842
1,586;0,000790015
1,588;6,38284e-05
1,59;0,000890566
1,592;0,00168773
1,594;0,00245293
1,596;0,00318388
1,598;0,00387838
1,6;0,00453432
1,602;0,00514973
1,604;0,00572274
1,606;0,00625159
1,608;0,00673466
1,61;0,00717047
1,612;0,00755766
1,614;0,00789501
1,616;0,00818146
1,618;0,00841609
1,62;0,00859812
1,622;0,00872693
1,624;0,00880207
1,626;0,00882322
1,628;0,00879025
1,63;0,00870315
1,632;0,0085621
1,634;0,00836742
1,636;0,0081196
1,638;0,00781928
1,64;0,00746727
1,642;0,0070645
1,644;0,00661208
1,646;0,00611125
1,648;0,00556342
1,65;0,0049701
1,652;0,00433298
1,654;0,00365383
1,656;0,0029346
1,658;0,00217733
1,66;0,00138417
1,662;0,000557403
1,664;0,00030061
1,666;0,0011874
1,668;0,00210041
1,67;0,003037
1,672;0,00399446
1,674;0,00497003
1,676;0,00596086
1,678;0,00696408
1,68;0,00797675
1,682;0,00899594
1,684;0,0100186
1,686;0,0110419
1,688;0,0120627
1,69;0,013078
1,692;0,0140848
1,694;0,0150803
1,696;0,0160613
1,698;0,0170252
1,7;0,0179689
1,702;0,0188896
1,704;0,0197848
1,706;0,0206516
1,708;0,0214875
1,71;0,02229
1,712;0,0230567
1,714;0,0237853
1,716;0,0244735
1,718;0,0251194
1,72;0,0257208
1,722;0,0262761
1,724;0,0267835
1,726;0,0272414
1,728;0,0276484
1,73;0,0280032
1,732;0,0283048
1,734;0,0285521
1,736;0,0287443
1,738;0,0288808
1,74;0,0289611
1,742;0,0289848
1,744;0,0289519
1,746;0,0288622
1,748;0,028716
1,75;0,0285137
1,752;0,0282556
1,754;0,0279426
1,756;0,0275753
1,758;0,0271549
1,76;0,0266825
1,762;0,0261593
1,764;0,0255868
1,766;0,0249666
1,768;0,0243005
1,77;0,0235903
1,772;0,0228381
1,774;0,0220459
1,776;0,0212161
1,778;0,020351
1,78;0,0194532
1,782;0,0185251
1,784;0,0175695
1,786;0,016589
1,788;0,0155867
1,79;0,0145653
1,792;0,0135278
1,794;0,0124773
1,796;0,0114168
1,798;0,0103494
1,8;0,00927816
1,802;0,00820631
1,804;0,00713695
1,806;0,00607324
1,808;0,00501829
1,81;0,00397522
1,812;0,0029471
1,814;0,00193698
1,816;0,000947839
1,818;1,73762e-05
1,82;0,000955801
1,822;0,00186464
1,824;0,00274118
1,826;0,00358279
1,828;0,00438696
1,83;0,00515126
1,832;0,00587339
1,834;0,00655117
1,836;0,00718252
1,838;0,00776554
1,84;0,00829842
1,842;0,00877953
1,844;0,00920737
1,846;0,00958061
1,848;0,00989805
1,85;0,0101587
1,852;0,0103616
1,854;0,0105063
1,856;0,010592
1,858;0,0106185
1,86;0,0105857
1,862;0,0104934
1,864;0,0103419
1,866;0,0101316
1,868;0,00986295
1,87;0,00953664
1,872;0,00915354
1,874;0,0087147
1,876;0,00822131
1,878;0,00767473
1,88;0,00707648
1,882;0,00642822
1,884;0,0057318
1,886;0,00498915
1,888;0,00420241
1,89;0,00337379
1,892;0,00250566
1,894;0,00160051
1,896;0,000660939
1,898;0,000310363
1,9;0,00131059
1,902;0,00233686
1,904;0,0033862
1,906;0,00445558
1,908;0,00554187
1,91;0,00664194
1,912;0,00775256
1,914;0,00887051
1,916;0,00999251
1,918;0,0111153
1,92;0,0122355
1,922;0,0133499
1,924;0,0144553
1,926;0,0155483
1,928;0,0166257
1,93;0,0176843
1,932;0,0187211
1,934;0,0197329
1,936;0,0207167
1,938;0,0216696
1,94;0,0225887
1,942;0,0234713
1,944;0,0243148
1,946;0,0251166
1,948;0,0258743
1,95;0,0265856
1,952;0,0272483
1,954;0,0278604
1,956;0,0284201
1,958;0,0289256
1,96;0,0293753
1,962;0,0297679
1,964;0,030102
1,966;0,0303767
1,968;0,030591
1,97;0,0307442
1,972;0,0308358
1,974;0,0308653
1,976;0,0308326
1,978;0,0307377
1,98;0,0305808
1,982;0,0303622
1,984;0,0300824
1,986;0,0297423
1,988;0,0293427
1,99;0,0288846
1,992;0,0283694
1,994;0,0277984
1,996;0,0271732
1,998;0,0264956
2;0,0257675
2,002;0,0249909
2,004;0,0241681
2,006;0,0233013
2,008;0,0223931
2,01;0,021446
2,012;0,0204628
2,014;0,0194463
2,016;0,0183994
2,018;0,0173251
2,02;0,0162266
2,022;0,0151069
2,024;0,0139695
2,026;0,0128176
2,028;0,0116545
2,03;0,0104836
2,032;0,00930845
2,034;0,00813235
2,036;0,0069588
2,038;0,00579125
2,04;0,00463312
2,042;0,00348783
2,044;0,00235877
2,046;0,00124926
2,048;0,000162598
2,05;0,000897995
2,052;0,00192937
2,054;0,00292845
2,056;0,00389225
2,058;0,00481789
2,06;0,0057026
2,062;0,00654371
2,064;0,00733869
2,066;0,00808513
2,068;0,00878076
2,07;0,00942346
2,072;0,0100113
2,074;0,0105424
2,076;0,0110151
2,078;0,011428
2,08;0,0117798
2,082;0,0120692
2,084;0,0122955
2,086;0,0124577
2,088;0,0125554
2,09;0,0125882
2,092;0,0125558
2,094;0,0124582
2,096;0,0122956
2,098;0,0120684
2,1;0,0117772
2,102;0,0114227
2,104;0,0110058
2,106;0,0105277
2,108;0,00998962
2,11;0,00939313
2,112;0,00873984
2,114;0,00803158
2,116;0,00727035
2,118;0,00645829
2,12;0,0055977
2,122;0,00469103
2,124;0,00374087
2,126;0,00274992
2,128;0,00172105
2,13;0,000657188
2,132;0,000438584
2,134;0,00156311
2,136;0,00271313
2,138;0,00388532
2,14;0,00507627
2,142;0,00628251
2,144;0,00750055
2,146;0,00872682
2,148;0,00995773
2,15;0,0111897
2,152;0,0124191
2,154;0,0136423
2,156;0,0148557
2,158;0,0160558
2,16;0,017239
2,162;0,0184018
2,164;0,0195408
2,166;0,0206525
2,168;0,0217338
2,17;0,0227813
2,172;0,0237919
2,174;0,0247627
2,176;0,0256906
2,178;0,026573
2,18;0,0274071
2,182;0,0281904
2,184;0,0289206
2,186;0,0295954
2,188;0,0302127
2,19;0,0307707
2,192;0,0312676
2,194;0,0317019
2,196;0,0320721
2,198;0,0323772
2,2;0,0326161
2,202;0,0327879
2,204;0,0328921
2,206;0,0329283
2,208;0,0328963
2,21;0,032796
2,212;0,0326276
2,214;0,0323915
2,216;0,0320883
2,218;0,0317188
2,22;0,0312839
2,222;0,0307849
2,224;0,030223
2,226;0,0295999
2,228;0,0289172
2,23;0,0281769
2,232;0,0273811
2,234;0,0265319
2,236;0,0256318
2,238;0,0246834
2,24;0,0236894
2,242;0,0226526
2,244;0,0215759
2,246;0,0204625
2,248;0,0193156
2,25;0,0181385
2,252;0,0169346
2,254;0,0157073
2,256;0,0144603
2,258;0,0131972
2,26;0,0119216
2,262;0,0106373
2,264;0,00934807
2,266;0,0080576
2,268;0,00676971
2,27;0,00548819
2,272;0,0042168
2,274;0,0029593
2,276;0,00171939
2,278;0,000500731
2,28;0,000693059
2,282;0,00185844
2,284;0,00299195
2,286;0,00409022
2,288;0,00514996
2,29;0,006168
2,292;0,0071413
2,294;0,00806692
2,296;0,00894208
2,298;0,00976412
2,3;0,0105305
2,302;0,011239
2,304;0,0118874
2,306;0,0124736
2,308;0,012996
2,31;0,0134527
2,312;0,0138424
2,314;0,0141639
2,316;0,014416
2,318;0,014598
2,32;0,0147092
2,322;0,0147491
2,324;0,0147175
2,326;0,0146144
2,328;0,01444
2,33;0,0141947
2,332;0,0138791
2,334;0,0134939
2,336;0,0130403
2,338;0,0125194
2,34;0,0119327
2,342;0,0112818
2,344;0,0105684
2,346;0,00979462
2,348;0,00896258
2,35;0,00807463
2,352;0,00713328
2,354;0,00614123
2,356;0,00510128
2,358;0,00401643
2,36;0,00288977
2,362;0,00172456
2,364;0,000524129
2,366;0,00070804
2,368;0,00196839
2,37;0,00325326
2,372;0,00455893
2,374;0,00588161
2,376;0,00721743
2,378;0,0085625
2,38;0,00991289
2,382;0,0112646
2,384;0,0126138
2,386;0,0139564
2,388;0,0152885
2,39;0,0166062
2,392;0,0179055
2,394;0,0191827
2,396;0,020434
2,398;0,0216556
2,4;0,0228439
2,402;0,0239953
2,404;0,0251066
2,406;0,0261742
2,408;0,0271951
2,41;0,0281661
2,412;0,0290843
2,414;0,029947
2,416;0,0307514
2,418;0,0314953
2,42;0,0321762
2,422;0,0327921
2,424;0,0333412
2,426;0,0338215
2,428;0,0342317
2,43;0,0345705
2,432;0,0348366
2,434;0,0350293
2,436;0,0351478
2,438;0,0351917
2,44;0,0351607
2,442;0,0350549
2,444;0,0348743
2,446;0,0346194
2,448;0,0342908
2,45;0,0338894
2,452;0,0334162
2,454;0,0328726
2,456;0,0322599
2,458;0,0315799
2,46;0,0308344
2,462;0,0300257
2,464;0,0291558
2,466;0,0282273
2,468;0,0272428
2,47;0,026205
2,472;0,0251171
2,474;0,023982
2,476;0,022803
2,478;0,0215836
2,48;0,0203271
2,482;0,0190373
2,484;0,0177179
2,486;0,0163727
2,488;0,0150056
2,49;0,0136206
2,492;0,0122217
2,494;0,0108129
2,496;0,00939854
2,498;0,00798259
2,5;0,00656924
2,502;0,00516264
2,504;0,00376693
2,506;0,00238623
2,508;0,0010246
2,51;0,000313928
2,512;0,00162539
2,514;0,00290591
2,516;0,00415166
2,518;0,00535894
2,52;0,00652415
2,522;0,0076438
2,524;0,00871454
2,526;0,00973315
2,528;0,0106965
2,53;0,0116018
2,532;0,0124462
2,534;0,0132272
2,536;0,0139423
2,538;0,0145894
2,54;0,0151665
2,542;0,0156717
2,544;0,0161035
2,546;0,0164604
2,548;0,0167413
2,55;0,0169453
2,552;0,0170716
2,554;0,0171198
2,556;0,0170895
2,558;0,0169808
2,56;0,0167938
2,562;0,016529
2,564;0,016187
2,566;0,0157686
2,568;0,0152751
2,57;0,0147076
2,572;0,0140679
2,574;0,0133575
2,576;0,0125786
2,578;0,0117332
2,58;0,0108238
2,582;0,00985288
2,584;0,00882322
2,586;0,00773776
2,588;0,00659957
2,59;0,00541192
2,592;0,00417821
2,594;0,00290199
2,596;0,00158693
2,598;0,000236825
2,6;0,00114442
2,602;0,0025528
2,604;0,00398423
2,606;0,00543455
2,608;0,00689953
2,61;0,0083749
2,612;0,00985635
2,614;0,0113395
2,616;0,0128201
2,618;0,0142938
2,62;0,0157561
2,622;0,0172029
2,624;0,0186298
2,626;0,0200326
2,628;0,0214072
2,63;0,0227494
2,632;0,0240554
2,634;0,0253212
2,636;0,026543
2,638;0,0277172
2,64;0,0288402
2,642;0,0299088
2,644;0,0309196
2,646;0,0318696
2,648;0,0327559
2,65;0,0335758
2,652;0,0343269
2,654;0,0350067
2,656;0,0356132
2,658;0,0361446
2,66;0,036599
2,662;0,0369751
2,664;0,0372716
2,666;0,0374875
2,668;0,0376221
2,67;0,0376748
2,672;0,0376454
2,674;0,0375339
2,676;0,0373403
2,678;0,0370651
2,68;0,0367091
2,682;0,0362731
2,684;0,0357583
2,686;0,0351661
2,688;0,034498
2,69;0,033756
2,692;0,0329421
2,694;0,0320585
2,696;0,0311077
2,698;0,0300924
2,7;0,0290156
2,702;0,0278802
2,704;0,0266894
2,706;0,0254468
2,708;0,0241558
2,71;0,0228202
2,712;0,0214438
2,714;0,0200306
2,716;0,0185846
2,718;0,0171101
2,72;0,0156113
2,722;0,0140926
2,724;0,0125584
2,726;0,0110133
2,728;0,0094616
2,73;0,00790798
2,732;0,00635696
2,734;0,00481309
2,736;0,00328092
2,738;0,00176496
2,74;0,000269683
2,742;0,00120049
2,744;0,00264122
2,746;0,00404822
2,748;0,00541731
2,75;0,00674441
2,752;0,00802557
2,754;0,00925696
2,756;0,0104349
2,758;0,0115558
2,76;0,0126163
2,762;0,0136132
2,764;0,0145435
2,766;0,0154044
2,768;0,0161931
2,77;0,0169074
2,772;0,0175449
2,774;0,0181036
2,776;0,0185819
2,778;0,0189782
2,78;0,0192911
2,782;0,0195196
2,784;0,019663
2,786;0,0197207
2,788;0,0196923
2,79;0,0195778
2,792;0,0193774
2,794;0,0190916
2,796;0,018721
2,798;0,0182666
2,8;0,0177297
2,802;0,0171116
2,804;0,016414
2,806;0,0156389
2,808;0,0147884
2,81;0,0138648
2,812;0,0128708
2,814;0,0118092
2,816;0,010683
2,818;0,00949535
2,82;0,00824966
2,822;0,0069495
2,824;0,00559858
2,826;0,0042008
2,828;0,00276017
2,83;0,00128086
2,832;0,000232865
2,834;0,00177661
2,836;0,0033459
2,838;0,00493616
2,84;0,00654278
2,842;0,00816106
2,844;0,00978628
2,846;0,0114137
2,848;0,0130385
2,85;0,0146559
2,852;0,0162612
2,854;0,0178497
2,856;0,0194166
2,858;0,0209574
2,86;0,0224675
2,862;0,0239423
2,864;0,0253776
2,866;0,026769
2,868;0,0281124
2,87;0,0294037
2,872;0,0306392
2,874;0,031815
2,876;0,0329277
2,878;0,0339739
2,88;0,0349503
2,882;0,0358541
2,884;0,0366825
2,886;0,0374328
2,888;0,0381029
2,89;0,0386905
2,892;0,0391938
2,894;0,0396113
2,896;0,0399415
2,898;0,0401834
2,9;0,0403361
2,902;0,040399
2,904;0,0403718
2,906;0,0402544
2,908;0,040047
2,91;0,0397501
2,912;0,0393644
2,914;0,0388909
2,916;0,0383308
2,918;0,0376857
2,92;0,0369574
2,922;0,0361477
2,924;0,0352589
2,926;0,0342936
2,928;0,0332545
2,93;0,0321444
2,932;0,0309666
2,934;0,0297243
2,936;0,0284211
2,938;0,0270607
2,94;0,0256471
2,942;0,0241843
2,944;0,0226765
2,946;0,021128
2,948;0,0195433
2,95;0,0179271
2,952;0,016284
2,954;0,0146188
2,956;0,0129363
2,958;0,0112415
2,96;0,00953922
2,962;0,00783456
2,964;0,00613247
2,966;0,00443796
2,968;0,002756
2,97;0,00109155
2,972;0,000550484
2,974;0,00216524
2,976;0,00374795
2,978;0,00529391
2,98;0,00679853
2,982;0,00825733
2,984;0,00966596
2,986;0,0110202
2,988;0,012316
2,99;0,0135495
2,992;0,0147169
2,994;0,0158147
2,996;0,0168396
2,998;0,0177885
3;0,0186584
3,002;0,0194467
3,004;0,0201509
3,006;0,0207689
3,008;0,0212986
3,01;0,0217385
3,012;0,0220869
3,014;0,0223429
3,016;0,0225055
3,018;0,022574
3,02;0,0225481
3,022;0,0224278
3,024;0,0222132
3,026;0,0219048
3,028;0,0215033
3,03;0,0210099
3,032;0,0204258
3,034;0,0197525
3,036;0,018992
3,038;0,0181462
3,04;0,0172175
3,042;0,0162086
3,044;0,0151222
3,046;0,0139615
3,048;0,0127297
3,05;0,0114302
3,052;0,0100669
3,054;0,00864357
3,056;0,00716433
3,058;0,00563343
3,06;0,00405526
3,062;0,0024344
3,064;0,000775508
3,066;0,000916593
3,068;0,002637
3,07;0,0043807
3,072;0,00614263
3,074;0,00791764
3,076;0,00970056
3,078;0,0114862
3,08;0,0132692
3,082;0,0150445
3,084;0,0168067
3,086;0,0185508
3,088;0,0202715
3,09;0,0219638
3,092;0,0236226
3,094;0,0252431
3,096;0,0268205
3,098;0,0283499
3,1;0,029827
3,102;0,0312472
3,104;0,0326062
3,106;0,0339001
3,108;0,035125
3,11;0,036277
3,112;0,0373527
3,114;0,0383489
3,116;0,0392625
3,118;0,0400906
3,12;0,0408308
3,122;0,0414806
3,124;0,0420381
3,126;0,0425015
3,128;0,0428692
3,13;0,0431401
3,132;0,0433131
3,134;0,0433876
3,136;0,0433633
3,138;0,04324
3,14;0,0430179
3,142;0,0426976
3,144;0,0422799
3,146;0,0417657
3,148;0,0411565
3,15;0,0404538
3,152;0,0396596
3,154;0,0387762
3,156;0,0378058
3,158;0,0367513
3,16;0,0356156
3,162;0,0344019
3,164;0,0331136
3,166;0,0317544
3,168;0,0303281
3,17;0,0288389
3,172;0,027291
3,174;0,0256889
3,176;0,0240371
3,178;0,0223405
3,18;0,0206039
3,182;0,0188323
3,184;0,017031
3,186;0,0152051
3,188;0,01336
3,19;0,011501
3,192;0,00963363
3,194;0,00776326
3,196;0,00589541
3,198;0,00403556
3,2;0,00218919
3,202;0,000361723
3,204;0,00144144
3,206;0,00321498
3,208;0,00495365
3,21;0,00665228
3,212;0,00830582
3,214;0,00990937
3,216;0,0114581
3,218;0,0129475
3,22;0,0143729
3,222;0,0157302
3,224;0,0170153
3,226;0,0182242
3,228;0,0193533
3,23;0,0203991
3,232;0,0213585
3,234;0,0222285
3,236;0,0230064
3,238;0,0236898
3,24;0,0242765
3,242;0,0247647
3,244;0,0251527
3,246;0,0254392
3,248;0,0256233
3,25;0,0257043
3,252;0,0256817
3,254;0,0255554
3,256;0,0253257
3,258;0,0249931
3,26;0,0245583
3,262;0,0240225
3,264;0,0233871
3,266;0,0226538
3,268;0,0218246
3,27;0,0209017
3,272;0,0198878
3,274;0,0187857
3,276;0,0175984
3,278;0,0163293
3,28;0,0149819
3,282;0,0135602
3,284;0,0120682
3,286;0,01051
3,288;0,0088903
3,29;0,00721361
3,292;0,0054848
3,294;0,00370885
3,296;0,0018909
3,298;3,62015e-05
3,3;0,00184985
3,302;0,00376178
3,304;0,00569402
3,306;0,00764093
3,308;0,00959683
3,31;0,011556
3,312;0,0135127
3,314;0,0154611
3,316;0,0173956
3,318;0,0193105
3,32;0,0212001
3,322;0,0230587
3,324;0,024881
3,326;0,0266616
3,328;0,028395
3,33;0,0300762
3,332;0,0317002
3,334;0,033262
3,336;0,0347571
3,338;0,0361809
3,34;0,0375291
3,342;0,0387977
3,344;0,0399828
3,346;0,0410808
3,348;0,0420883
3,35;0,0430023
3,352;0,0438199
3,354;0,0445385
3,356;0,0451559
3,358;0,0456701
3,36;0,0460795
3,362;0,0463826
3,364;0,0465785
3,366;0,0466663
3,368;0,0466456
3,37;0,0465164
3,372;0,0462788
3,374;0,0459334
3,376;0,045481
3,378;0,0449227
3,38;0,04426
3,382;0,0434947
3,384;0,0426289
3,386;0,0416649
3,388;0,0406055
3,39;0,0394536
3,392;0,0382123
3,394;0,0368853
3,396;0,0354762
3,398;0,0339892
3,4;0,0324283
3,402;0,030798
3,404;0,0291031
3,406;0,0273484
3,408;0,025539
3,41;0,02368
3,412;0,0217769
3,414;0,0198352
3,416;0,0178604
3,418;0,0158584
3,42;0,0138349
3,422;0,0117959
3,424;0,00974735
3,426;0,00769519
3,428;0,00564546
3,43;0,00360417
3,432;0,00157732
3,434;0,000429106
3,436;0,0024092
3,438;0,00435712
3,44;0,00626708
3,442;0,00813343
3,444;0,00995063
3,446;0,0117133
3,448;0,0134161
3,45;0,015054
3,452;0,016622
3,454;0,0181156
3,456;0,0195301
3,458;0,0208613
3,46;0,0221051
3,462;0,0232578
3,464;0,0243159
3,466;0,025276
3,468;0,0261353
3,47;0,0268909
3,472;0,0275407
3,474;0,0280823
3,476;0,0285142
3,478;0,0288349
3,48;0,0290432
3,482;0,0291383
3,484;0,0291199
3,486;0,0289877
3,488;0,028742
3,49;0,0283833
3,492;0,0279125
3,494;0,0273308
3,496;0,0266397
3,498;0,025841
3,5;0,024937
3,502;0,0239301
3,504;0,0228232
3,506;0,0216192
3,508;0,0203216
3,51;0,018934
3,512;0,0174604
3,514;0,0159049
3,516;0,014272
3,518;0,0125664
3,52;0,0107928
3,522;0,00895649
3,524;0,00706267
3,526;0,00511682
3,528;0,00312457
3,53;0,00109167
3,532;0,000975958
3,534;0,00307232
3,536;0,00519131
3,538;0,00732674
3,54;0,00947239
3,542;0,011622
3,544;0,0137692
3,546;0,0159077
3,548;0,0180313
3,55;0,0201337
3,552;0,0222086
3,554;0,02425
3,556;0,0262519
3,558;0,0282082
3,56;0,0301132
3,562;0,0319612
3,564;0,0337467
3,566;0,0354643
3,568;0,0371089
3,57;0,0386756
3,572;0,0401597
3,574;0,0415565
3,576;0,0428621
3,578;0,0440722
3,58;0,0451833
3,582;0,0461919
3,584;0,047095
3,586;0,0478896
3,588;0,0485733
3,59;0,0491439
3,592;0,0495995
3,594;0,0499386
3,596;0,0501601
3,598;0,0502631
3,6;0,0502471
3,602;0,050112
3,604;0,0498579
3,606;0,0494855
3,608;0,0489956
3,61;0,0483895
3,612;0,0476688
3,614;0,0468353
3,616;0,0458914
3,618;0,0448397
3,62;0,0436831
3,622;0,0424247
3,624;0,0410682
3,626;0,0396173
3,628;0,0380762
3,63;0,0364492
3,632;0,034741
3,634;0,0329564
3,636;0,0311006
3,638;0,0291788
3,64;0,0271967
3,642;0,0251599
3,644;0,0230743
3,646;0,020946
3,648;0,0187812
3,65;0,016586
3,652;0,014367
3,654;0,0121306
3,656;0,00988326
3,658;0,00763166
3,66;0,00538234
3,662;0,00314193
3,664;0,000916998
3,666;0,0012859
3,668;0,00346026
3,67;0,00559967
3,672;0,0076978
3,674;0,00974841
3,676;0,0117454
3,678;0,0136829
3,68;0,0155551
3,682;0,0173563
3,684;0,0190812
3,686;0,0207246
3,688;0,0222816
3,69;0,0237475
3,692;0,0251177
3,694;0,0263881
3,696;0,0275549
3,698;0,0286145
3,7;0,0295635
3,702;0,0303991
3,704;0,0311185
3,706;0,0317195
3,708;0,0322002
3,71;0,0325588
3,712;0,0327943
3,714;0,0329057
3,716;0,0328924
3,718;0,0327543
3,72;0,0324917
3,722;0,032105
3,724;0,0315953
3,726;0,0309638
3,728;0,0302121
3,73;0,0293424
3,732;0,0283569
3,734;0,0272584
3,736;0,0260498
3,738;0,0247347
3,74;0,0233165
3,742;0,0217995
3,744;0,0201878
3,746;0,018486
3,748;0,016699
3,75;0,0148318
3,752;0,0128899
3,754;0,0108787
3,756;0,00880418
3,758;0,00667221
3,76;0,00448896
3,762;0,00226077
3,764;5,89869e-06
3,766;0,00230446
3,768;0,00462823
3,77;0,00697042
3,772;0,0093242
3,774;0,0116827
3,776;0,0140389
3,778;0,0163861
3,78;0,0187172
3,782;0,0210254
3,784;0,0233039
3,786;0,025546
3,788;0,0277451
3,79;0,0298945
3,792;0,031988
3,794;0,0340193
3,796;0,0359823
3,798;0,0378712
3,8;0,0396804
3,802;0,0414043
3,804;0,0430378
3,806;0,0445759
3,808;0,0460141
3,81;0,0473478
3,812;0,0485731
3,814;0,0496861
3,816;0,0506835
3,818;0,0515621
3,82;0,0523191
3,822;0,0529521
3,824;0,0534592
3,826;0,0538385
3,828;0,0540887
3,83;0,054209
3,832;0,0541987
3,834;0,0540578
3,836;0,0537863
3,838;0,0533849
3,84;0,0528545
3,842;0,0521966
3,844;0,0514127
3,846;0,0505051
3,848;0,0494762
3,85;0,0483288
3,852;0,047066
3,854;0,0456915
3,856;0,044209
3,858;0,0426228
3,86;0,0409372
3,862;0,0391572
3,864;0,0372878
3,866;0,0353342
3,868;0,0333022
3,87;0,0311975
3,872;0,0290262
3,874;0,0267946
3,876;0,0245092
3,878;0,0221764
3,88;0,0198031
3,882;0,0173963
3,884;0,0149628
3,886;0,0125099
3,888;0,0100446
3,89;0,00757418
3,892;0,00510588
3,894;0,00264694
3,896;0,000204581
3,898;0,002214
3,9;0,00460167
3,902;0,00695138
3,904;0,00925617
3,906;0,0115092
3,908;0,0137038
3,91;0,0158335
3,912;0,0178918
3,914;0,0198726
3,916;0,02177
3,918;0,0235784
3,92;0,0252921
3,922;0,0269062
3,924;0,0284156
3,926;0,0298158
3,928;0,0311025
3,93;0,0322717
3,932;0,0333198
3,934;0,0342436
3,936;0,0350402
3,938;0,0357069
3,94;0,0362417
3,942;0,0366428
3,944;0,0369087
3,946;0,0370385
3,948;0,0370316
3,95;0,0368878
3,952;0,0366072
3,954;0,0361906
3,956;0,0356388
3,958;0,0349533
3,96;0,0341359
3,962;0,0331888
3,964;0,0321145
3,966;0,030916
3,968;0,0295966
3,97;0,0281601
3,972;0,0266103
3,974;0,0249517
3,976;0,023189
3,978;0,0213271
3,98;0,0193715
3,982;0,0173276
3,984;0,0152013
3,986;0,0129987
3,988;0,0107262
3,99;0,00839034
3,992;0,00599782
3,994;0,0035556
3,996;0,00107076
3,998;0,00144949
4;0,0039978
4,002;0,00656674
4,004;0,00914882
4,006;0,0117365
4,008;0,0143221
4,01;0,0168982
4,012;0,0194571
4,014;0,0219913
4,016;0,0244933
4,018;0,0269558
4,02;0,0293714
4,022;0,0317331
4,024;0,0340337
4,026;0,0362664
4,028;0,0384246
4,03;0,0405019
4,032;0,0424919
4,034;0,0443888
4,036;0,0461867
4,038;0,0478804
4,04;0,0494646
4,042;0,0509345
4,044;0,0522857
4,046;0,0535139
4,048;0,0546154
4,05;0,0555867
4,052;0,0564249
4,054;0,0571271
4,056;0,0576912
4,058;0,0581152
4,06;0,0583978
4,062;0,0585377
4,064;0,0585345
4,066;0,0583878
4,068;0,0580979
4,07;0,0576654
4,072;0,0570914
4,074;0,0563773
4,076;0,0555249
4,078;0,0545366
4,08;0,053415
4,082;0,0521632
4,084;0,0507846
4,086;0,0492832
4,088;0,0476631
4,09;0,0459289
4,092;0,0440855
4,094;0,0421381
4,096;0,0400922
4,098;0,0379538
4,1;0,0357288
4,102;0,0334239
4,104;0,0310454
4,106;0,0286004
4,108;0,0260958
4,11;0,023539
4,112;0,0209373
4,114;0,0182984
4,116;0,0156298
4,118;0,0129394
4,12;0,010235
4,122;0,00752453
4,124;0,00481595
4,126;0,00211719
4,128;0,00056381
4,13;0,00321916
4,132;0,00584104
4,134;0,00842169
4,136;0,0109535
4,138;0,0134289
4,14;0,0158406
4,142;0,0181814
4,144;0,0204444
4,146;0,0226227
4,148;0,0247099
4,15;0,0266996
4,152;0,0285859
4,154;0,0303631
4,156;0,0320258
4,158;0,0335689
4,16;0,0349878
4,162;0,036278
4,164;0,0374355
4,166;0,0384568
4,168;0,0393387
4,17;0,0400783
4,172;0,0406732
4,174;0,0411215
4,176;0,0414216
4,178;0,0415724
4,18;0,0415732
4,182;0,0414237
4,184;0,0411243
4,186;0,0406754
4,188;0,0400782
4,19;0,0393343
4,192;0,0384454
4,194;0,0374141
4,196;0,0362431
4,198;0,0349357
4,2;0,0334953
4,202;0,0319262
4,204;0,0302326
4,206;0,0284193
4,208;0,0264915
4,21;0,0244545
4,212;0,0223144
4,214;0,020077
4,216;0,0177489
4,218;0,0153367
4,22;0,0128474
4,222;0,0102881
4,224;0,00766633
4,226;0,00498954
4,228;0,00226555
4,23;0,000497732
4,232;0,00329226
4,234;0,00610988
4,236;0,00894237
4,238;0,0117815
4,24;0,0146188
4,242;0,0174461
4,244;0,020255
4,246;0,0230373
4,248;0,0257847
4,25;0,0284892
4,252;0,0311428
4,254;0,0337375
4,256;0,0362657
4,258;0,0387198
4,26;0,0410926
4,262;0,0433769
4,264;0,0455659
4,266;0,047653
4,268;0,049632
4,27;0,0514968
4,272;0,0532419
4,274;0,0548618
4,276;0,0563517
4,278;0,057707
4,28;0,0589235
4,282;0,0599973
4,284;0,0609251
4,286;0,061704
4,288;0,0623315
4,29;0,0628054
4,292;0,0631241
4,294;0,0632864
4,296;0,0632916
4,298;0,0631395
4,3;0,0628302
4,302;0,0623644
4,304;0,0617432
4,306;0,0609681
4,308;0,0600413
4,31;0,0589652
4,312;0,0577426
4,314;0,056377
4,316;0,0548721
4,318;0,0532322
4,32;0,0514617
4,322;0,0495658
4,324;0,0475497
4,326;0,0454192
4,328;0,0431803
4,33;0,0408395
4,332;0,0384034
4,334;0,0358791
4,336;0,0332738
4,338;0,0305949
4,34;0,0278503
4,342;0,025048
4,344;0,0221959
4,346;0,0193025
4,348;0,0163761
4,35;0,0134252
4,352;0,0104586
4,354;0,00748478
4,356;0,00451256
4,358;0,00155062
4,36;0,00139232
4,362;0,0043076
4,364;0,00718662
4,366;0,0100209
4,368;0,012802
4,37;0,0155217
4,372;0,018172
4,374;0,0207449
4,376;0,0232328
4,378;0,0256283
4,38;0,0279241
4,382;0,0301134
4,384;0,0321896
4,386;0,0341464
4,388;0,0359779
4,39;0,0376785
4,392;0,039243
4,394;0,0406666
4,396;0,0419449
4,398;0,043074
4,4;0,0440502
4,402;0,0448704
4,404;0,0455321
4,406;0,046033
4,408;0,0463714
4,41;0,046546
4,412;0,0465561
4,414;0,0464014
4,416;0,046082
4,418;0,0455986
4,42;0,0449524
4,422;0,0441451
4,424;0,0431787
4,426;0,0420557
4,428;0,0407794
4,43;0,0393531
4,432;0,0377808
4,434;0,0360669
4,436;0,0342161
4,438;0,0322337
4,44;0,0301254
4,442;0,027897
4,444;0,0255549
4,446;0,0231058
4,448;0,0205568
4,45;0,0179151
4,452;0,0151883
4,454;0,0123843
4,456;0,00951124
4,458;0,00657739
4,46;0,00359126
4,462;0,00056154
4,464;0,00250296
4,466;0,00559331
4,468;0,00870047
4,47;0,0118154
4,472;0,0149289
4,474;0,0180319
4,476;0,0211152
4,478;0,0241698
4,48;0,0271867
4,482;0,030157
4,484;0,0330718
4,486;0,0359226
4,488;0,0387008
4,49;0,0413983
4,492;0,0440069
4,494;0,0465189
4,496;0,0489267
4,498;0,0512232
4,5;0,0534013
4,502;0,0554546
4,504;0,0573768
4,506;0,0591621
4,508;0,0608049
4,51;0,0623003
4,512;0,0636436
4,514;0,0648307
4,516;0,0658578
4,518;0,0667216
4,52;0,0674194
4,522;0,0679488
4,524;0,068308
4,526;0,0684957
4,528;0,0685111
4,53;0,0683538
4,532;0,0680241
4,534;0,0675225
4,536;0,0668504
4,538;0,0660094
4,54;0,0650017
4,542;0,06383
4,544;0,0624975
4,546;0,0610078
4,548;0,0593651
4,55;0,0575739
4,552;0,0556392
4,554;0,0535665
4,556;0,0513616
4,558;0,0490308
4,56;0,0465808
4,562;0,0440185
4,564;0,0413512
4,566;0,0385867
4,568;0,0357328
4,57;0,0327979
4,572;0,0297903
4,574;0,0267188
4,576;0,0235923
4,578;0,0204199
4,58;0,0172108
4,582;0,0139743
4,584;0,01072
4,586;0,00745732
4,588;0,00419582
4,59;0,000945072
4,592;0,00228536
4,594;0,00548598
4,596;0,00864734
4,598;0,0117601
4,6;0,0148151
4,602;0,0178032
4,604;0,0207156
4,606;0,0235436
4,608;0,0262788
4,61;0,028913
4,612;0,0314383
4,614;0,0338471
4,616;0,0361322
4,618;0,0382867
4,62;0,0403041
4,622;0,0421782
4,624;0,0439033
4,626;0,045474
4,628;0,0468857
4,63;0,0481337
4,632;0,0492143
4,634;0,0501239
4,636;0,0508597
4,638;0,0514192
4,64;0,0518005
4,642;0,0520022
4,644;0,0520233
4,646;0,0518636
4,648;0,0515233
4,65;0,0510029
4,652;0,0503039
4,654;0,0494279
4,656;0,0483772
4,658;0,0471546
4,66;0,0457635
4,662;0,0442076
4,664;0,0424913
4,666;0,0406193
4,668;0,0385969
4,67;0,0364297
4,672;0,0341239
4,674;0,0316861
4,676;0,0291231
4,678;0,0264423
4,68;0,0236514
4,682;0,0207583
4,684;0,0177715
4,686;0,0146994
4,688;0,0115511
4,69;0,0083355
4,692;0,00506204
4,694;0,00174022
4,696;0,00162031
4,698;0,00500974
4,7;0,00841819
4,702;0,0118357
4,704;0,0152522
4,706;0,0186577
4,708;0,0220423
4,71;0,0253959
4,712;0,0287086
4,714;0,0319707
4,716;0,0351725
4,718;0,0383046
4,72;0,0413576
4,722;0,0443225
4,724;0,0471903
4,726;0,0499527
4,728;0,0526012
4,73;0,0551279
4,732;0,0575252
4,734;0,0597859
4,736;0,0619032
4,738;0,0638705
4,74;0,0656819
4,742;0,0673319
4,744;0,0688152
4,746;0,0701274
4,748;0,0712642
4,75;0,0722221
4,752;0,0729979
4,754;0,0735892
4,756;0,0739938
4,758;0,0742103
4,76;0,0742378
4,762;0,0740758
4,764;0,0737245
4,766;0,0731847
4,768;0,0724577
4,77;0,0715452
4,772;0,0704497
4,774;0,0691741
4,776;0,0677218
4,778;0,0660968
4,78;0,0643036
4,782;0,0623473
4,784;0,0602331
4,786;0,0579672
4,788;0,0555559
4,79;0,0530061
4,792;0,050325
4,794;0,0475203
4,796;0,0446
4,798;0,0415724
4,8;0,0384464
4,802;0,0352309
4,804;0,0319351
4,806;0,0285687
4,808;0,0251414
4,81;0,0216631
4,812;0,0181441
4,814;0,0145944
4,816;0,0110245
4,818;0,00744492
4,82;0,00386602
4,822;0,000298327
4,824;0,00324766
4,826;0,00676151
4,828;0,0102329
4,83;0,0136515
4,832;0,0170072
4,834;0,0202902
4,836;0,0234906
4,838;0,0265989
4,84;0,0296059
4,842;0,0325026
4,844;0,0352802
4,846;0,0379306
4,848;0,0404456
4,85;0,0428178
4,852;0,0450399
4,854;0,0471051
4,856;0,0490071
4,858;0,0507402
4,86;0,0522989
4,862;0,0536784
4,864;0,0548744
4,866;0,0558831
4,868;0,0567011
4,87;0,0573259
4,872;0,0577552
4,874;0,0579875
4,876;0,0580218
4,878;0,0578576
4,88;0,0574952
4,882;0,0569353
4,884;0,0561792
4,886;0,0552288
4,888;0,0540866
4,89;0,0527557
4,892;0,0512395
4,894;0,0495424
4,896;0,0476689
4,898;0,0456243
4,9;0,0434144
4,902;0,0410452
4,904;0,0385236
4,906;0,0358567
4,908;0,033052
4,91;0,0301177
4,912;0,0270619
4,914;0,0238937
4,916;0,020622
4,918;0,0172563
4,92;0,0138063
4,922;0,0102819
4,924;0,00669355
4,926;0,0030515
4,928;0,000633609
4,93;0,00435104
4,932;0,00808995
4,934;0,0118394
4,936;0,0155884
4,938;0,0193259
4,94;0,0230411
4,942;0,0267228
4,944;0,0303604
4,946;0,033943
4,948;0,03746
4,95;0,0409011
4,952;0,044256
4,954;0,0475147
4,956;0,0506676
4,958;0,0537052
4,96;0,0566183
4,962;0,0593984
4,964;0,0620369
4,966;0,0645259
4,968;0,066858
4,97;0,0690259
4,972;0,0710232
4,974;0,0728435
4,976;0,0744814
4,978;0,0759317
4,98;0,0771899
4,982;0,078252
4,984;0,0791145
4,986;0,0797746
4,988;0,08023
4,99;0,0804791
4,992;0,0805209
4,994;0,0803547
4,996;0,0799809
4,998;0,0794002
5;0,0786139
5,002;0,077624
5,004;0,0764332
5,006;0,0750445
5,008;0,0734617
5,01;0,0716893
5,012;0,0697319
5,014;0,0675952
5,016;0,0652851
5,018;0,062808
5,02;0,060171
5,022;0,0573816
5,024;0,0544477
5,026;0,0513777
5,028;0,0481803
5,03;0,0448648
5,032;0,0414407
5,034;0,0379178
5,036;0,0343063
5,038;0,0306167
5,04;0,0268597
5,042;0,0230461
5,044;0,0191871
5,046;0,015294
5,048;0,0113781
5,05;0,00745076
5,052;0,0035236
5,054;0,000391895
5,056;0,00428422
5,058;0,00814192
5,06;0,0119536
5,062;0,0157081
5,064;0,0193942
5,066;0,023001
5,068;0,0265179
5,07;0,0299343
5,072;0,03324
5,074;0,0364253
5,076;0,0394805
5,078;0,0423966
5,08;0,0451646
5,082;0,0477763
5,084;0,0502238
5,086;0,0524996
5,088;0,0545967
5,09;0,0565088
5,092;0,0582298
5,094;0,0597546
5,096;0,0610782
5,098;0,0621965
5,1;0,0631058
5,102;0,0638032
5,104;0,0642863
5,106;0,0645533
5,108;0,064603
5,11;0,0644351
5,112;0,0640496
5,114;0,0634473
5,116;0,0626297
5,118;0,0615988
5,12;0,0603572
5,122;0,0589083
5,124;0,057256
5,126;0,0554049
5,128;0,05336
5,13;0,0511269
5,132;0,0487121
5,134;0,0461222
5,136;0,0433646
5,138;0,0404472
5,14;0,0373781
5,142;0,0341661
5,144;0,0308206
5,146;0,027351
5,148;0,0237673
5,15;0,0200799
5,152;0,0162994
5,154;0,0124367
5,156;0,00850313
5,158;0,00451002
5,16;0,000469003
5,162;0,00360814
5,164;0,0077095
5,166;0,0118231
5,168;0,0159369
5,17;0,0200388
5,172;0,0241167
5,174;0,0281588
5,176;0,0321529
5,178;0,0360875
5,18;0,0399508
5,182;0,0437313
5,184;0,0474179
5,186;0,0509996
5,188;0,0544657
5,19;0,0578059
5,192;0,0610101
5,194;0,0640688
5,196;0,0669727
5,198;0,0697131
5,2;0,0722817
5,202;0,0746706
5,204;0,0768726
5,206;0,078881
5,208;0,0806894
5,21;0,0822924
5,212;0,0836847
5,214;0,0848622
5,216;0,0858208
5,218;0,0865576
5,22;0,0870699
5,222;0,0873559
5,224;0,0874144
5,226;0,0872449
5,228;0,0868474
5,23;0,0862229
5,232;0,0853727
5,234;0,084299
5,236;0,0830046
5,238;0,081493
5,24;0,0797681
5,242;0,0778348
5,244;0,0756984
5,246;0,0733648
5,248;0,0708405
5,25;0,0681327
5,252;0,065249
5,254;0,0621976
5,256;0,0589871
5,258;0,0556267
5,26;0,0521261
5,262;0,0484952
5,264;0,0447446
5,266;0,040885
5,268;0,0369276
5,27;0,0328838
5,272;0,0287653
5,274;0,0245842
5,276;0,0203526
5,278;0,0160828
5,28;0,0117872
5,282;0,00747849
5,284;0,00316923
5,286;0,00112793
5,288;0,00540038
5,29;0,00963554
5,292;0,0138209
5,294;0,0179442
5,296;0,0219931
5,298;0,0259557
5,3;0,0298203
5,302;0,0335752
5,304;0,0372094
5,306;0,040712
5,308;0,0440725
5,31;0,0472808
5,312;0,0503272
5,314;0,0532026
5,316;0,0558983
5,318;0,058406
5,32;0,0607182
5,322;0,0628276
5,324;0,0647278
5,326;0,066413
5,328;0,0678777
5,33;0,0691174
5,332;0,070128
5,334;0,0709063
5,336;0,0714495
5,338;0,0717557
5,34;0,0718237
5,342;0,0716528
5,344;0,0712431
5,346;0,0705955
5,348;0,0697116
5,35;0,0685934
5,352;0,067244
5,354;0,0656668
5,356;0,0638663
5,358;0,0618472
5,36;0,0596152
5,362;0,0571765
5,364;0,0545379
5,366;0,0517067
5,368;0,0486911
5,37;0,0454996
5,372;0,0421412
5,374;0,0386256
5,376;0,0349627
5,378;0,0311631
5,38;0,0272377
5,382;0,0231979
5,384;0,0190553
5,386;0,0148219
5,388;0,0105099
5,39;0,00613197
5,392;0,00170073
5,394;0,00277088
5,396;0,00726979
5,398;0,0117829
5,4;0,0162969
5,402;0,0207986
5,404;0,0252748
5,406;0,0297123
5,408;0,034098
5,41;0,0384191
5,412;0,0426626
5,414;0,046816
5,416;0,0508671
5,418;0,0548037
5,42;0,0586141
5,422;0,062287
5,424;0,0658113
5,426;0,0691765
5,428;0,0723725
5,43;0,0753895
5,432;0,0782185
5,434;0,0808509
5,436;0,0832787
5,438;0,0854943
5,44;0,087491
5,442;0,0892625
5,444;0,0908032
5,446;0,0921084
5,448;0,0931738
5,45;0,0939958
5,452;0,0945718
5,454;0,0948995
5,456;0,0949776
5,458;0,0948056
5,46;0,0943835
5,462;0,0937121
5,464;0,092793
5,466;0,0916286
5,468;0,0902218
5,47;0,0885764
5,472;0,0866968
5,474;0,0845882
5,476;0,0822564
5,478;0,0797079
5,48;0,0769497
5,482;0,0739897
5,484;0,0708362
5,486;0,0674981
5,488;0,063985
5,49;0,0603069
5,492;0,0564743
5,494;0,0524982
5,496;0,04839
5,498;0,0441615
5,5;0,0398251
5,502;0,0353931
5,504;0,0308786
5,506;0,0262945
5,508;0,0216543
5,51;0,0169714
5,512;0,0122594
5,514;0,00753233
5,516;0,00280384
5,518;0,00191216
5,52;0,00660182
5,522;0,0112513
5,524;0,015847
5,526;0,0203752
5,528;0,0248227
5,53;0,0291761
5,532;0,0334227
5,534;0,0375497
5,536;0,0415449
5,538;0,0453963
5,54;0,0490925
5,542;0,0526222
5,544;0,055975
5,546;0,0591407
5,548;0,0621097
5,55;0,0648729
5,552;0,067422
5,554;0,0697491
5,556;0,0718471
5,558;0,0737094
5,56;0,0753301
5,562;0,0767042
5,564;0,0778272
5,566;0,0786955
5,568;0,079306
5,57;0,0796565
5,572;0,0797457
5,574;0,0795728
5,576;0,079138
5,578;0,078442
5,58;0,0774865
5,582;0,0762739
5,584;0,0748074
5,586;0,0730908
5,588;0,0711288
5,59;0,0689267
5,592;0,0664906
5,594;0,0638272
5,596;0,0609442
5,598;0,0578494
5,6;0,0545517
5,602;0,0510605
5,604;0,0473855
5,606;0,0435375
5,608;0,0395273
5,61;0,0353664
5,612;0,0310668
5,614;0,026641
5,616;0,0221016
5,618;0,0174619
5,62;0,0127352
5,622;0,00793535
5,624;0,00307624
5,626;0,00182795
5,628;0,00676291
5,63;0,0117142
5,632;0,0166674
5,634;0,0216078
5,636;0,0265211
5,638;0,0313927
5,64;0,0362084
5,642;0,0409537
5,644;0,0456149
5,646;0,050178
5,648;0,0546294
5,65;0,0589561
5,652;0,063145
5,654;0,0671837
5,656;0,07106
5,658;0,0747624
5,66;0,0782797
5,662;0,0816013
5,664;0,0847171
5,666;0,0876177
5,668;0,0902941
5,67;0,0927383
5,672;0,0949427
5,674;0,0969004
5,676;0,0986052
5,678;0,100052
5,68;0,101236
5,682;0,102153
5,684;0,1028
5,686;0,103174
5,688;0,103276
5,69;0,103102
5,692;0,102654
5,694;0,101933
5,696;0,10094
5,698;0,0996769
5,7;0,0981481
5,702;0,0963572
5,704;0,0943092
5,706;0,0920095
5,708;0,0894644
5,71;0,0866812
5,712;0,0836676
5,714;0,080432
5,716;0,0769835
5,718;0,073332
5,72;0,0694879
5,722;0,065462
5,724;0,061266
5,726;0,0569118
5,728;0,052412
5,73;0,0477795
5,732;0,0430278
5,734;0,0381705
5,736;0,0332218
5,738;0,028196
5,74;0,0231077
5,742;0,0179718
5,744;0,0128032
5,746;0,00761708
5,748;0,00242861
5,75;0,002747
5,752;0,00789455
5,754;0,0129989
5,756;0,018045
5,758;0,0230179
5,76;0,027903
5,762;0,0326858
5,764;0,0373521
5,766;0,041888
5,768;0,04628
5,77;0,050515
5,772;0,0545803
5,774;0,0584637
5,776;0,0621535
5,778;0,0656387
5,78;0,0689086
5,782;0,0719533
5,784;0,0747636
5,786;0,0773307
5,788;0,0796469
5,79;0,0817048
5,792;0,0834981
5,794;0,085021
5,796;0,0862687
5,798;0,087237
5,8;0,0879227
5,802;0,0883233
5,804;0,0884372
5,806;0,0882636
5,808;0,0878025
5,81;0,0870548
5,812;0,0860223
5,814;0,0847075
5,816;0,0831139
5,818;0,0812456
5,82;0,0791078
5,822;0,0767061
5,824;0,0740474
5,826;0,0711389
5,828;0,0679888
5,83;0,0646059
5,832;0,0609998
5,834;0,0571807
5,836;0,0531595
5,838;0,0489477
5,84;0,0445573
5,842;0,0400008
5,844;0,0352914
5,846;0,0304427
5,848;0,0254687
5,85;0,0203837
5,852;0,0152025
5,854;0,00994008
5,856;0,00461184
5,858;0,000766743
5,86;0,00617996
5,862;0,011612
5,864;0,017047
5,866;0,0224689
5,868;0,0278619
5,87;0,03321
5,872;0,0384976
5,874;0,043709
5,876;0,0488288
5,878;0,0538419
5,88;0,0587333
5,882;0,0634886
5,884;0,0680935
5,886;0,0725343
5,888;0,0767978
5,89;0,080871
5,892;0,0847419
5,894;0,0883987
5,896;0,0918303
5,898;0,0950263
5,9;0,0979769
5,902;0,100673
5,904;0,103107
5,906;0,10527
5,908;0,107156
5,91;0,108759
5,912;0,110075
5,914;0,111097
5,916;0,111824
5,918;0,112252
5,92;0,112379
5,922;0,112206
5,924;0,111731
5,926;0,110956
5,928;0,109883
5,93;0,108514
5,932;0,106853
5,934;0,104904
5,936;0,102672
5,938;0,100164
5,94;0,0973869
5,942;0,0943475
5,944;0,0910547
5,946;0,0875179
5,948;0,083747
5,95;0,0797527
5,952;0,0755464
5,954;0,07114
5,956;0,0665461
5,958;0,061778
5,96;0,0568493
5,962;0,0517743
5,964;0,0465675
5,966;0,0412442
5,968;0,0358196
5,97;0,0303095
5,972;0,02473
5,974;0,0190973
5,976;0,0134278
5,978;0,00773823
5,98;0,0020451
5,982;0,00363486
5,984;0,00928496
5,986;0,0148886
5,988;0,0204292
5,99;0,0258905
5,992;0,0312563
5,994;0,0365107
5,996;0,0416381
5,998;0,0466233
6;0,0514515
6,002;0,0561081
6,004;0,0605794
6,006;0,0648518
6,008;0,0689125
6,01;0,0727493
6,012;0,0763506
6,014;0,0797053
6,016;0,0828034
6,018;0,0856352
6,02;0,0881921
6,022;0,0904661
6,024;0,0924501
6,026;0,0941378
6,028;0,0955237
6,03;0,0966034
6,032;0,0973732
6,034;0,0978303
6,036;0,0979729
6,038;0,0978
6,04;0,0973117
6,042;0,0965088
6,044;0,0953933
6,046;0,093968
6,048;0,0922364
6,05;0,0902032
6,052;0,0878738
6,054;0,0852547
6,056;0,0823531
6,058;0,0791769
6,06;0,0757351
6,062;0,0720374
6,064;0,0680942
6,066;0,0639166
6,068;0,0595166
6,07;0,0549066
6,072;0,0501
6,074;0,0451104
6,076;0,0399522
6,078;0,0346403
6,08;0,02919
6,082;0,023617
6,084;0,0179376
6,086;0,0121682
6,088;0,00632562
6,09;0,000426823
6,092;0,00551095
6,094;0,0114703
6,096;0,0174339
6,098;0,0233842
6,1;0,0293036
6,102;0,0351749
6,104;0,0409806
6,106;0,0467038
6,108;0,0523273
6,11;0,0578347
6,112;0,0632095
6,114;0,0684358
6,116;0,0734979
6,118;0,0783809
6,12;0,08307
6,122;0,0875513
6,124;0,0918112
6,126;0,0958369
6,128;0,0996162
6,13;0,103138
6,132;0,10639
6,134;0,109365
6,136;0,112051
6,138;0,114441
6,14;0,116528
6,142;0,118305
6,144;0,119765
6,146;0,120905
6,148;0,121721
6,15;0,122209
6,152;0,122367
6,154;0,122195
6,156;0,121693
6,158;0,120861
6,16;0,119702
6,162;0,118218
6,164;0,116413
6,166;0,114292
6,168;0,111861
6,17;0,109126
6,172;0,106094
6,174;0,102775
6,176;0,0991778
6,178;0,0953118
6,18;0,0911884
6,182;0,0868192
6,184;0,0822166
6,186;0,0773937
6,188;0,0723644
6,19;0,0671431
6,192;0,0617447
6,194;0,0561849
6,196;0,0504796
6,198;0,0446455
6,2;0,0386993
6,202;0,0326584
6,204;0,0265403
6,206;0,0203628
6,208;0,014144
6,21;0,00790207
6,212;0,00165524
6,214;0,00457816
6,216;0,0107798
6,218;0,0169315
6,22;0,023015
6,222;0,0290126
6,224;0,0349063
6,226;0,0406787
6,228;0,0463128
6,23;0,0517918
6,232;0,0570993
6,234;0,0622196
6,236;0,0671372
6,238;0,0718375
6,24;0,0763063
6,242;0,0805302
6,244;0,0844963
6,246;0,0881926
6,248;0,0916078
6,25;0,0947315
6,252;0,097554
6,254;0,100067
6,256;0,102261
6,258;0,104131
6,26;0,105671
6,262;0,106874
6,264;0,107738
6,266;0,108259
6,268;0,108435
6,27;0,108264
6,272;0,107748
6,274;0,106886
6,276;0,105681
6,278;0,104136
6,28;0,102255
6,282;0,100042
6,284;0,0975046
6,286;0,0946484
6,288;0,0914818
6,29;0,0880134
6,292;0,0842531
6,294;0,0802113
6,296;0,0758995
6,298;0,0713298
6,3;0,0665153
6,302;0,0614698
6,304;0,0562075
6,306;0,0507437
6,308;0,045094
6,31;0,0392747
6,312;0,0333026
6,314;0,027195
6,316;0,0209695
6,318;0,0146443
6,32;0,00823771
6,322;0,00176843
6,324;0,00474466
6,326;0,0112825
6,328;0,0178261
6,33;0,0243561
6,332;0,0308534
6,334;0,0372988
6,336;0,0436735
6,338;0,0499585
6,34;0,0561353
6,342;0,0621856
6,344;0,0680915
6,346;0,0738354
6,348;0,0794001
6,35;0,0847692
6,352;0,0899265
6,354;0,0948565
6,356;0,0995444
6,358;0,103976
6,36;0,108138
6,362;0,112018
6,364;0,115604
6,366;0,118885
6,368;0,12185
6,37;0,124491
6,372;0,126799
6,374;0,128768
6,376;0,13039
6,378;0,131661
6,38;0,132575
6,382;0,133131
6,384;0,133325
6,386;0,133157
6,388;0,132626
6,39;0,131733
6,392;0,130481
6,394;0,128873
6,396;0,126912
6,398;0,124604
6,4;0,121955
6,402;0,118973
6,404;0,115665
6,406;0,11204
6,408;0,10811
6,41;0,103884
6,412;0,0993754
6,414;0,0945962
6,416;0,0895601
6,418;0,0842815
6,42;0,0787755
6,422;0,073058
6,424;0,0671452
6,426;0,0610544
6,428;0,054803
6,43;0,0484091
6,432;0,0418912
6,434;0,0352684
6,436;0,0285597
6,438;0,0217849
6,44;0,0149636
6,442;0,00811573
6,444;0,00126142
6,446;0,00557928
6,448;0,0123863
6,45;0,0191395
6,452;0,0258192
6,454;0,0324055
6,456;0,038879
6,458;0,0452205
6,46;0,0514113
6,462;0,0574328
6,464;0,0632673
6,466;0,0688972
6,468;0,0743057
6,47;0,0794767
6,472;0,0843945
6,474;0,0890443
6,476;0,0934121
6,478;0,0974846
6,48;0,101249
6,482;0,104695
6,484;0,10781
6,486;0,110587
6,488;0,113014
6,49;0,115086
6,492;0,116796
6,494;0,118137
6,496;0,119106
6,498;0,119698
6,5;0,119912
6,502;0,119746
6,504;0,119201
6,506;0,118277
6,508;0,116976
6,51;0,115301
6,512;0,113257
6,514;0,11085
6,516;0,108085
6,518;0,104971
6,52;0,101515
6,522;0,0977276
6,524;0,0936193
6,526;0,0892016
6,528;0,0844868
6,53;0,0794884
6,532;0,0742205
6,534;0,0686982
6,536;0,0629372
6,538;0,0569542
6,54;0,0507662
6,542;0,0443911
6,544;0,0378473
6,546;0,0311538
6,548;0,0243298
6,55;0,0173953
6,552;0,0103704
6,554;0,00327558
6,556;0,00386852
6,558;0,011041
6,56;0,0182208
6,562;0,025387
6,564;0,0325184
6,566;0,0395942
6,568;0,0465934
6,57;0,0534954
6,572;0,0602798
6,574;0,0669266
6,576;0,0734159
6,578;0,0797286
6,58;0,0858458
6,582;0,0917492
6,584;0,0974212
6,586;0,102845
6,588;0,108004
6,59;0,112882
6,592;0,117466
6,594;0,121741
6,596;0,125693
6,598;0,129312
6,6;0,132585
6,602;0,135503
6,604;0,138057
6,606;0,140237
6,608;0,142039
6,61;0,143454
6,612;0,14448
6,614;0,145112
6,616;0,145347
6,618;0,145184
6,62;0,144624
6,622;0,143667
6,624;0,142315
6,626;0,140572
6,628;0,138442
6,63;0,135931
6,632;0,133045
6,634;0,129793
6,636;0,126183
6,638;0,122225
6,64;0,117931
6,642;0,113313
6,644;0,108383
6,646;0,103155
6,648;0,0976446
6,65;0,0918674
6,652;0,0858396
6,654;0,0795788
6,656;0,0731028
6,658;0,0664302
6,66;0,0595804
6,662;0,0525732
6,664;0,0454288
6,666;0,038168
6,668;0,0308119
6,67;0,023382
6,672;0,0158998
6,674;0,00838736
6,676;0,000866558
6,678;0,00664054
6,68;0,0141119
6,682;0,0215255
6,684;0,0288596
6,686;0,0360924
6,688;0,0432027
6,69;0,0501693
6,692;0,0569716
6,694;0,0635894
6,696;0,070003
6,698;0,0761933
6,7;0,0821416
6,702;0,0878302
6,704;0,093242
6,706;0,0983607
6,708;0,103171
6,71;0,107658
6,712;0,111808
6,714;0,115608
6,716;0,119047
6,718;0,122114
6,72;0,124799
6,722;0,127095
6,724;0,128993
6,726;0,130487
6,728;0,131573
6,73;0,132246
6,732;0,132504
6,734;0,132345
6,736;0,13177
6,738;0,130779
6,74;0,129375
6,742;0,12756
6,744;0,12534
6,746;0,122721
6,748;0,119709
6,75;0,116313
6,752;0,112542
6,754;0,108407
6,756;0,103918
6,758;0,0990896
6,76;0,0939344
6,762;0,088467
6,764;0,0827031
6,766;0,0766591
6,768;0,0703523
6,77;0,0638008
6,772;0,0570233
6,774;0,0500394
6,776;0,0428693
6,778;0,0355337
6,78;0,0280539
6,782;0,0204514
6,784;0,0127486
6,786;0,00496775
6,788;0,00286841
6,79;0,010737
6,792;0,0186149
6,794;0,0264792
6,796;0,0343066
6,798;0,0420742
6,8;0,0497591
6,802;0,0573386
6,804;0,0647903
6,806;0,0720922
6,808;0,0792226
6,81;0,0861603
6,812;0,0928846
6,814;0,0993756
6,816;0,105614
6,818;0,11158
6,82;0,117257
6,822;0,122628
6,824;0,127675
6,826;0,132385
6,828;0,136742
6,83;0,140733
6,832;0,144346
6,834;0,14757
6,836;0,150394
6,838;0,15281
6,84;0,15481
6,842;0,156387
6,844;0,157536
6,846;0,158253
6,848;0,158536
6,85;0,158382
6,852;0,157791
6,854;0,156766
6,856;0,155306
6,858;0,153418
6,86;0,151104
6,862;0,148372
6,864;0,145229
6,866;0,141682
6,868;0,137743
6,87;0,133422
6,872;0,128731
6,874;0,123683
6,876;0,118292
6,878;0,112574
6,88;0,106545
6,882;0,100222
6,884;0,0936231
6,886;0,0867674
6,888;0,0796745
6,89;0,0723648
6,892;0,0648594
6,894;0,0571801
6,896;0,049349
6,898;0,0413889
6,9;0,0333229
6,902;0,0251746
6,904;0,0169677
6,906;0,0087262
6,908;0,000474173
6,91;0,00776416
6,912;0,0159646
6,914;0,0241031
6,916;0,0321556
6,918;0,0400984
6,92;0,0479079
6,922;0,0555612
6,924;0,0630354
6,926;0,0703085
6,928;0,0773586
6,93;0,0841648
6,932;0,0907067
6,934;0,0969648
6,936;0,10292
6,938;0,108555
6,94;0,113852
6,942;0,118795
6,944;0,123369
6,946;0,127561
6,948;0,131357
6,95;0,134745
6,952;0,137715
6,954;0,140258
6,956;0,142365
6,958;0,144029
6,96;0,145245
6,962;0,146009
6,964;0,146318
6,966;0,14617
6,968;0,145564
6,97;0,144502
6,972;0,142986
6,974;0,14102
6,976;0,13861
6,978;0,13576
6,98;0,132479
6,982;0,128776
6,984;0,124661
6,986;0,120146
6,988;0,115242
6,99;0,109965
6,992;0,104328
6,994;0,098348
6,996;0,0920415
6,998;0,0854267
7;0,0785224
7,002;0,0713484
7,004;0,0639254
7,006;0,0562747
7,008;0,0484184
7,01;0,0403792
7,012;0,0321804
7,014;0,0238459
7,016;0,0153997
7,018;0,00686665
7,02;0,00172854
7,022;0,0103607
7,024;0,0190045
7,026;0,0276348
7,028;0,036226
7,03;0,044753
7,032;0,0531907
7,034;0,0615141
7,036;0,0696987
7,038;0,0777202
7,04;0,0855549
7,042;0,0931794
7,044;0,100571
7,046;0,107708
7,048;0,114568
7,05;0,121132
7,052;0,127379
7,054;0,133291
7,056;0,13885
7,058;0,144038
7,06;0,148841
7,062;0,153243
7,064;0,15723
7,066;0,160792
7,068;0,163915
7,07;0,166591
7,072;0,168811
7,074;0,170567
7,076;0,171855
7,078;0,172668
7,08;0,173005
7,082;0,172863
7,084;0,172242
7,086;0,171143
7,088;0,169568
7,09;0,167522
7,092;0,16501
7,094;0,162037
7,096;0,158613
7,098;0,154747
7,1;0,150449
7,102;0,14573
7,104;0,140605
7,106;0,135088
7,108;0,129194
7,11;0,12294
7,112;0,116343
7,114;0,109423
7,116;0,102199
7,118;0,0946919
7,12;0,0869234
7,122;0,0789158
7,124;0,0706922
7,126;0,0622764
7,128;0,0536927
7,13;0,0449661
7,132;0,0361218
7,134;0,0271858
7,136;0,018184
7,138;0,00914274
7,14;8,84763e-05
7,142;0,00895225
7,144;0,0179529
7,146;0,026887
7,148;0,0357282
7,15;0,0444505
7,152;0,0530281
7,154;0,0614356
7,156;0,069648
7,158;0,077641
7,16;0,0853907
7,162;0,0928741
7,164;0,100069
7,166;0,106953
7,168;0,113506
7,17;0,119709
7,172;0,125542
7,174;0,130988
7,176;0,13603
7,178;0,140653
7,18;0,144842
7,182;0,148585
7,184;0,15187
7,186;0,154686
7,188;0,157025
7,19;0,158878
7,192;0,160241
7,194;0,161107
7,196;0,161473
7,198;0,161338
7,2;0,160702
7,202;0,159565
7,204;0,157929
7,206;0,1558
7,208;0,153182
7,21;0,150082
7,212;0,146508
7,214;0,142471
7,216;0,137981
7,218;0,133051
7,22;0,127694
7,222;0,121926
7,224;0,115763
7,226;0,109222
7,228;0,102322
7,23;0,0950822
7,232;0,0875239
7,234;0,0796685
7,236;0,0715386
7,238;0,0631575
7,24;0,0545494
7,242;0,0457393
7,244;0,0367526
7,246;0,0276155
7,248;0,0183544
7,25;0,00899645
7,252;0,000431186
7,254;0,00990093
7,256;0,0193851
7,258;0,0288558
7,26;0,0382853
7,262;0,0476459
7,264;0,05691
7,266;0,0660503
7,268;0,0750397
7,27;0,0838517
7,272;0,0924601
7,274;0,100839
7,276;0,108964
7,278;0,116811
7,28;0,124356
7,282;0,131577
7,284;0,138451
7,286;0,144959
7,288;0,15108
7,29;0,156796
7,292;0,162089
7,294;0,166944
7,296;0,171345
7,298;0,175279
7,3;0,178733
7,302;0,181697
7,304;0,184161
7,306;0,186117
7,308;0,187558
7,31;0,18848
7,312;0,188879
7,314;0,188752
7,316;0,1881
7,318;0,186923
7,32;0,185225
7,322;0,183009
7,324;0,18028
7,326;0,177047
7,328;0,173318
7,33;0,169102
7,332;0,164412
7,334;0,15926
7,336;0,153662
7,338;0,147632
7,34;0,141187
7,342;0,134346
7,344;0,127129
7,346;0,119555
7,348;0,111647
7,35;0,103427
7,352;0,0949191
7,354;0,0861471
7,356;0,0771366
7,358;0,0679138
7,36;0,0585052
7,362;0,0489383
7,364;0,0392408
7,366;0,029441
7,368;0,0195674
7,37;0,00964887
7,372;0,000285524
7,374;0,0102067
7,376;0,0200855
7,378;0,0298929
7,38;0,0396001
7,382;0,0491783
7,384;0,0585993
7,386;0,0678352
7,388;0,0768587
7,39;0,0856428
7,392;0,0941615
7,394;0,102389
7,396;0,110302
7,398;0,117875
7,4;0,125086
7,402;0,131914
7,404;0,138337
7,406;0,144336
7,408;0,149894
7,41;0,154992
7,412;0,159616
7,414;0,16375
7,416;0,167383
7,418;0,170502
7,42;0,173097
7,422;0,175161
7,424;0,176686
7,426;0,177667
7,428;0,178099
7,43;0,177982
7,432;0,177315
7,434;0,176097
7,436;0,174334
7,438;0,172027
7,44;0,169184
7,442;0,165812
7,444;0,16192
7,446;0,157518
7,448;0,152619
7,45;0,147236
7,452;0,141385
7,454;0,135081
7,456;0,128342
7,458;0,121188
7,46;0,113639
7,462;0,105716
7,464;0,0974415
7,466;0,08884
7,468;0,0799359
7,47;0,0707548
7,472;0,0613231
7,474;0,0516682
7,476;0,041818
7,478;0,0318011
7,48;0,0216466
7,482;0,0113841
7,484;0,00104347
7,486;0,00934505
7,488;0,0197511
7,49;0,0301441
7,492;0,0404936
7,494;0,0507691
7,496;0,0609405
7,498;0,0709776
7,5;0,0808509
7,502;0,0905312
7,504;0,0999896
7,506;0,109198
7,508;0,118129
7,51;0,126757
7,512;0,135054
7,514;0,142997
7,516;0,150562
7,518;0,157725
7,52;0,164465
7,522;0,170762
7,524;0,176597
7,526;0,181951
7,528;0,186808
7,53;0,191153
7,532;0,194973
7,534;0,198255
7,536;0,20099
7,538;0,203167
7,54;0,20478
7,542;0,205823
7,544;0,206293
7,546;0,206186
7,548;0,205503
7,55;0,204244
7,552;0,202412
7,554;0,200012
7,556;0,19705
7,558;0,193533
7,56;0,189471
7,562;0,184875
7,564;0,179758
7,566;0,174134
7,568;0,168018
7,57;0,161427
7,572;0,154381
7,574;0,146899
7,576;0,139003
7,578;0,130714
7,58;0,122057
7,582;0,113056
7,584;0,103738
7,586;0,0941288
7,588;0,0842563
7,59;0,0741492
7,592;0,0638366
7,594;0,0533486
7,596;0,0427156
7,598;0,0319686
7,6;0,0211388
7,602;0,0102581
7,604;0,000641909
7,606;0,0115292
7,608;0,0223717
7,61;0,0331378
7,612;0,0437955
7,614;0,0543136
7,616;0,0646608
7,618;0,0748067
7,62;0,0847211
7,622;0,0943746
7,624;0,103738
7,626;0,112785
7,628;0,121486
7,63;0,129817
7,632;0,137752
7,634;0,145267
7,636;0,15234
7,638;0,15895
7,64;0,165075
7,642;0,170697
7,644;0,1758
7,646;0,180367
7,648;0,184383
7,65;0,187837
7,652;0,190717
7,654;0,193015
7,656;0,194721
7,658;0,19583
7,66;0,196339
7,662;0,196244
7,664;0,195546
7,666;0,194244
7,668;0,192342
7,67;0,189844
7,672;0,186757
7,674;0,18309
7,676;0,178851
7,678;0,174052
7,68;0,168707
7,682;0,16283
7,684;0,156438
7,686;0,149548
7,688;0,142181
7,69;0,134356
7,692;0,126096
7,694;0,117425
7,696;0,108368
7,698;0,0989496
7,7;0,0891977
7,702;0,0791403
7,704;0,0688064
7,706;0,0582258
7,708;0,0474292
7,71;0,036448
7,712;0,0253139
7,714;0,0140595
7,716;0,00271761
7,718;0,00867871
7,72;0,0200961
7,722;0,0315011
7,724;0,0428602
7,726;0,0541401
7,728;0,0653074
7,73;0,0763294
7,732;0,0871734
7,734;0,0978073
7,736;0,1082
7,738;0,118319
7,74;0,128137
7,742;0,137622
7,744;0,146747
7,746;0,155485
7,748;0,163808
7,75;0,171693
7,752;0,179115
7,754;0,186052
7,756;0,192483
7,758;0,198387
7,76;0,203747
7,762;0,208547
7,764;0,21277
7,766;0,216405
7,768;0,219439
7,77;0,221862
7,772;0,223667
7,774;0,224847
7,776;0,225397
7,778;0,225316
7,78;0,224601
7,782;0,223255
7,784;0,22128
7,786;0,218682
7,788;0,215465
7,79;0,21164
7,792;0,207217
7,794;0,202206
7,796;0,196623
7,798;0,190483
7,8;0,183802
7,802;0,1766
7,804;0,168896
7,806;0,160713
7,808;0,152073
7,81;0,143002
7,812;0,133526
7,814;0,12367
7,816;0,113465
7,818;0,102939
7,82;0,0921216
7,822;0,0810455
7,824;0,0697422
7,826;0,0582445
7,828;0,0465859
7,83;0,0348002
7,832;0,0229219
7,834;0,0109856
7,836;0,000973724
7,838;0,012921
7,84;0,0248213
7,842;0,0366395
7,844;0,0483408
7,846;0,0598908
7,848;0,0712553
7,85;0,0824006
7,852;0,0932939
7,854;0,103903
7,856;0,114195
7,858;0,124141
7,86;0,13371
7,862;0,142874
7,864;0,151606
7,866;0,159878
7,868;0,167666
7,87;0,174947
7,872;0,181698
7,874;0,187898
7,876;0,193529
7,878;0,198573
7,88;0,203015
7,882;0,206839
7,884;0,210035
7,886;0,212591
7,888;0,2145
7,89;0,215754
7,892;0,216349
7,894;0,216282
7,896;0,215552
7,898;0,214161
7,9;0,21211
7,902;0,209406
7,904;0,206056
7,906;0,202067
7,908;0,19745
7,91;0,192219
7,912;0,186387
7,914;0,179971
7,916;0,172989
7,918;0,165459
7,92;0,157404
7,922;0,148846
7,924;0,13981
7,926;0,130321
7,928;0,120405
7,93;0,110093
7,932;0,0994127
7,934;0,0883955
7,936;0,0770731
7,938;0,0654782
7,94;0,0536444
7,942;0,0416061
7,944;0,0293981
7,946;0,0170561
7,948;0,00461608
7,95;0,00788571
7,952;0,0204127
7,954;0,032928
7,956;0,0453952
7,958;0,0577773
7,96;0,0700382
7,962;0,0821414
7,964;0,0940514
7,966;0,105733
7,968;0,117151
7,97;0,128272
7,972;0,139063
7,974;0,149492
7,976;0,159527
7,978;0,169138
7,98;0,178297
7,982;0,186976
7,984;0,195149
7,986;0,20279
7,988;0,209877
7,99;0,216389
7,992;0,222304
7,994;0,227605
7,996;0,232275
7,998;0,236299
8;0,239665
8,002;0,242361
8,004;0,24438
8,006;0,245713
8,008;0,246355
8,01;0,246304
8,012;0,245559
8,014;0,244121
8,016;0,241993
8,018;0,239179
8,02;0,235688
8,022;0,231528
8,024;0,226711
8,026;0,221249
8,028;0,215158
8,03;0,208454
8,032;0,201157
8,034;0,193286
8,036;0,184863
8,038;0,175913
8,04;0,166461
8,042;0,156534
8,044;0,14616
8,046;0,135369
8,048;0,124192
8,05;0,112662
8,052;0,10081
8,054;0,0886722
8,056;0,0762831
8,058;0,0636787
8,06;0,0508956
8,062;0,0379711
8,064;0,0249427
8,066;0,0118487
8,068;0,00127282
8,07;0,0143833
8,072;0,0274442
8,074;0,0404173
8,076;0,0532643
8,078;0,0659473
8,08;0,0784289
8,082;0,0906721
8,084;0,102641
8,086;0,114299
8,088;0,125612
8,09;0,136547
8,092;0,147071
8,094;0,157151
8,096;0,166759
8,098;0,175864
8,1;0,18444
8,102;0,19246
8,104;0,1999
8,106;0,206738
8,108;0,212951
8,11;0,218522
8,112;0,223432
8,114;0,227667
8,116;0,231212
8,118;0,234056
8,12;0,23619
8,122;0,237607
8,124;0,2383
8,126;0,238267
8,128;0,237507
8,13;0,236021
8,132;0,233812
8,134;0,230885
8,136;0,227247
8,138;0,222909
8,14;0,217883
8,142;0,21218
8,144;0,205818
8,146;0,198813
8,148;0,191186
8,15;0,182958
8,152;0,174151
8,154;0,164792
8,156;0,154905
8,158;0,14452
8,16;0,133667
8,162;0,122375
8,164;0,110678
8,166;0,09861
8,168;0,0862048
8,17;0,0734985
8,172;0,060528
8,174;0,0473309
8,176;0,0339456
8,178;0,020411
8,18;0,00676664
8,182;0,00694772
8,184;0,0206919
8,186;0,0344257
8,188;0,0481088
8,19;0,0617009
8,192;0,0751621
8,194;0,0884526
8,196;0,101533
8,198;0,114365
8,2;0,12691
8,202;0,139132
8,204;0,150993
8,206;0,162458
8,208;0,173494
8,21;0,184067
8,212;0,194144
8,214;0,203697
8,216;0,212696
8,218;0,221114
8,22;0,228924
8,222;0,236104
8,224;0,242632
8,226;0,248486
8,228;0,253649
8,23;0,258104
8,232;0,261838
8,234;0,264838
8,236;0,267095
8,238;0,268599
8,24;0,269347
8,242;0,269333
8,244;0,268559
8,246;0,267023
8,248;0,26473
8,25;0,261685
8,252;0,257896
8,254;0,253372
8,256;0,248126
8,258;0,242173
8,26;0,235528
8,262;0,228209
8,264;0,220238
8,266;0,211636
8,268;0,202428
8,27;0,19264
8,272;0,182299
8,274;0,171435
8,276;0,160079
8,278;0,148264
8,28;0,136023
8,282;0,123392
8,284;0,110407
8,286;0,0971062
8,288;0,0835271
8,29;0,0697095
8,292;0,0556937
8,294;0,0415203
8,296;0,0272307
8,298;0,0128667
8,3;0,00152972
8,302;0,0159164
8,304;0,0302512
8,306;0,0444919
8,308;0,0585965
8,31;0,0725236
8,312;0,0862319
8,314;0,099681
8,316;0,112831
8,318;0,125642
8,32;0,138078
8,322;0,1501
8,324;0,161672
8,326;0,172761
8,328;0,183332
8,33;0,193354
8,332;0,202797
8,334;0,211631
8,336;0,219831
8,338;0,227371
8,34;0,234227
8,342;0,24038
8,344;0,245808
8,346;0,250496
8,348;0,254428
8,35;0,257592
8,352;0,259978
8,354;0,261576
8,356;0,262381
8,358;0,26239
8,36;0,2616
8,362;0,260014
8,364;0,257634
8,366;0,254466
8,368;0,250519
8,37;0,245802
8,372;0,240328
8,374;0,234112
8,376;0,227171
8,378;0,219525
8,38;0,211194
8,382;0,202202
8,384;0,192574
8,386;0,182337
8,388;0,171522
8,39;0,160157
8,392;0,148276
8,394;0,135913
8,396;0,123103
8,398;0,109883
8,4;0,0962913
8,402;0,0823673
8,404;0,068151
8,406;0,0536839
8,408;0,0390078
8,41;0,0241655
8,412;0,00920033
8,414;0,00584407
8,416;0,0209237
8,418;0,0359943
8,42;0,0510118
8,422;0,0659319
8,424;0,0807108
8,426;0,0953049
8,428;0,109671
8,43;0,123767
8,432;0,13755
8,434;0,150981
8,436;0,164018
8,438;0,176623
8,44;0,188759
8,442;0,200388
8,444;0,211477
8,446;0,221992
8,448;0,2319
8,45;0,241172
8,452;0,24978
8,454;0,257698
8,456;0,2649
8,458;0,271365
8,46;0,277073
8,462;0,282005
8,464;0,286147
8,466;0,289483
8,468;0,292005
8,47;0,293702
8,472;0,294569
8,474;0,294601
8,476;0,293797
8,478;0,292159
8,48;0,289689
8,482;0,286394
8,484;0,282282
8,486;0,277363
8,488;0,271651
8,49;0,265162
8,492;0,257913
8,494;0,249923
8,496;0,241217
8,498;0,231817
8,5;0,22175
8,502;0,211045
8,504;0,199732
8,506;0,187843
8,508;0,175413
8,51;0,162476
8,512;0,149071
8,514;0,135235
8,516;0,121008
8,518;0,106432
8,52;0,0915488
8,522;0,0764015
8,524;0,0610342
8,526;0,0454915
8,528;0,0298188
8,53;0,0140618
8,532;0,00173338
8,534;0,0175204
8,536;0,0332531
8,538;0,0488851
8,54;0,0643704
8,542;0,0796634
8,544;0,0947189
8,546;0,109492
8,548;0,12394
8,55;0,138019
8,552;0,151687
8,554;0,164904
8,556;0,17763
8,558;0,189827
8,56;0,201459
8,562;0,21249
8,564;0,222887
8,566;0,232618
8,568;0,241655
8,57;0,249968
8,572;0,257534
8,574;0,264328
8,576;0,270329
8,578;0,275519
8,58;0,27988
8,582;0,283399
8,584;0,286064
8,586;0,287866
8,588;0,288798
8,59;0,288856
8,592;0,288039
8,594;0,286347
8,596;0,283784
8,598;0,280357
8,6;0,276073
8,602;0,270945
8,604;0,264985
8,606;0,25821
8,608;0,250638
8,61;0,242291
8,612;0,233191
8,614;0,223365
8,616;0,212839
8,618;0,201644
8,62;0,189811
8,622;0,177375
8,624;0,164369
8,626;0,150833
8,628;0,136804
8,63;0,122323
8,632;0,107432
8,634;0,0921737
8,636;0,0765922
8,638;0,0607328
8,64;0,0446417
8,642;0,0283655
8,644;0,0119518
8,646;0,00455144
8,648;0,0210961
8,65;0,0376336
8,652;0,0541154
8,654;0,0704932
8,656;0,0867186
8,658;0,102744
8,66;0,118522
8,662;0,134006
8,664;0,149149
8,666;0,163908
8,668;0,178238
8,67;0,192096
8,672;0,205441
8,674;0,218234
8,676;0,230434
8,678;0,242007
8,68;0,252917
8,682;0,26313
8,684;0,272616
8,686;0,281346
8,688;0,289293
8,69;0,296433
8,692;0,302742
8,694;0,308202
8,696;0,312795
8,698;0,316506
8,7;0,319322
8,702;0,321235
8,704;0,322237
8,706;0,322324
8,708;0,321493
8,71;0,319747
8,712;0,317088
8,714;0,313523
8,716;0,30906
8,718;0,303713
8,72;0,297494
8,722;0,290421
8,724;0,282513
8,726;0,273792
8,728;0,264282
8,73;0,25401
8,732;0,243004
8,734;0,231297
8,736;0,218921
8,738;0,205911
8,74;0,192304
8,742;0,17814
8,744;0,163459
8,746;0,148303
8,748;0,132716
8,75;0,116744
8,752;0,100431
8,754;0,0838263
8,756;0,0669772
8,758;0,0499331
8,76;0,0327435
8,762;0,0154586
8,764;0,00187103
8,766;0,0191946
8,768;0,0364613
8,77;0,0536204
8,772;0,0706213
8,774;0,087414
8,776;0,103949
8,778;0,120177
8,78;0,13605
8,782;0,151522
8,784;0,166545
8,786;0,181076
8,788;0,19507
8,79;0,208486
8,792;0,221284
8,794;0,233425
8,796;0,244873
8,798;0,255592
8,8;0,26555
8,802;0,274717
8,804;0,283065
8,806;0,290567
8,808;0,297201
8,81;0,302945
8,812;0,307781
8,814;0,311694
8,816;0,314671
8,818;0,316701
8,82;0,317778
8,822;0,317895
8,824;0,317052
8,826;0,315249
8,828;0,312491
8,83;0,308783
8,832;0,304135
8,834;0,298559
8,836;0,29207
8,838;0,284686
8,84;0,276426
8,842;0,267315
8,844;0,257376
8,846;0,246638
8,848;0,235131
8,85;0,222888
8,852;0,209943
8,854;0,196334
8,856;0,182098
8,858;0,167277
8,86;0,151913
8,862;0,136051
8,864;0,119736
8,866;0,103016
8,868;0,0859384
8,87;0,0685531
8,872;0,0509105
8,874;0,0330621
8,876;0,0150599
8,878;0,00304353
8,88;0,0211953
8,882;0,0393423
8,884;0,0574311
8,886;0,0754087
8,888;0,0932222
8,89;0,110819
8,892;0,128147
8,894;0,145155
8,896;0,161793
8,898;0,178012
8,9;0,193762
8,902;0,208998
8,904;0,223673
8,906;0,237743
8,908;0,251168
8,91;0,263905
8,912;0,275916
8,914;0,287166
8,916;0,29762
8,918;0,307246
8,92;0,316014
8,922;0,323898
8,924;0,330872
8,926;0,336915
8,928;0,342008
8,93;0,346134
8,932;0,34928
8,934;0,351434
8,936;0,35259
8,938;0,352741
8,94;0,351886
8,942;0,350025
8,944;0,347164
8,946;0,343307
8,948;0,338466
8,95;0,332652
8,952;0,325882
8,954;0,318173
8,956;0,309547
8,958;0,300027
8,96;0,28964
8,962;0,278416
8,964;0,266385
8,966;0,253581
8,968;0,240042
8,97;0,225805
8,972;0,210911
8,974;0,195403
8,976;0,179325
8,978;0,162724
8,98;0,145647
8,982;0,128144
8,984;0,110265
8,986;0,0920628
8,988;0,0735894
8,99;0,0548989
8,992;0,0360458
8,994;0,017085
8,996;0,00192793
8,998;0,0209374
9;0,0398875
9,002;0,0587227
9,004;0,0773874
9,006;0,0958268
9,008;0,113986
9,01;0,131812
9,012;0,149252
9,014;0,166253
9,016;0,182765
9,018;0,19874
9,02;0,214129
9,022;0,228886
9,024;0,242967
9,026;0,256329
9,028;0,268933
9,03;0,28074
9,032;0,291714
9,034;0,301821
9,036;0,311031
9,038;0,319315
9,04;0,326648
9,042;0,333005
9,044;0,338368
9,046;0,342719
9,048;0,346042
9,05;0,348328
9,052;0,349568
9,054;0,349756
9,056;0,348889
9,058;0,34697
9,06;0,344002
9,062;0,339991
9,064;0,334949
9,066;0,328887
9,068;0,321823
9,07;0,313775
9,072;0,304766
9,074;0,29482
9,076;0,283965
9,078;0,272232
9,08;0,259653
9,082;0,246263
9,084;0,232102
9,086;0,217209
9,088;0,201627
9,09;0,1854
9,092;0,168575
9,094;0,1512
9,096;0,133325
9,098;0,115003
9,1;0,0962857
9,102;0,0772278
9,104;0,0578845
9,106;0,0383122
9,108;0,0185679
9,11;0,00129072
9,112;0,0212056
9,114;0,0411185
9,116;0,0609708
9,118;0,0807044
9,12;0,100261
9,122;0,119583
9,124;0,138614
9,126;0,157297
9,128;0,175576
9,13;0,193398
9,132;0,21071
9,134;0,227459
9,136;0,243596
9,138;0,259073
9,14;0,273843
9,142;0,287862
9,144;0,301087
9,146;0,313478
9,148;0,324997
9,15;0,335611
9,152;0,345284
9,154;0,353989
9,156;0,361698
9,158;0,368386
9,16;0,374033
9,162;0,37862
9,164;0,382132
9,166;0,384557
9,168;0,385886
9,17;0,386113
9,172;0,385237
9,174;0,383257
9,176;0,380178
9,178;0,376008
9,18;0,370756
9,182;0,364436
9,184;0,357066
9,186;0,348665
9,188;0,339255
9,19;0,328864
9,192;0,31752
9,194;0,305255
9,196;0,292103
9,198;0,278101
9,2;0,263289
9,202;0,24771
9,204;0,231407
9,206;0,214428
9,208;0,196821
9,21;0,178637
9,212;0,159927
9,214;0,140747
9,216;0,121152
9,218;0,101199
9,22;0,0809446
9,222;0,0604489
9,224;0,0397715
9,226;0,0189725
9,228;0,00188708
9,23;0,0227462
9,232;0,0435438
9,234;0,0642185
9,236;0,0847097
9,238;0,104957
9,24;0,1249
9,242;0,144481
9,244;0,163641
9,246;0,182323
9,248;0,200472
9,25;0,218034
9,252;0,234956
9,254;0,251188
9,256;0,26668
9,258;0,281387
9,26;0,295264
9,262;0,308268
9,264;0,320361
9,266;0,331505
9,268;0,341666
9,27;0,350813
9,272;0,358917
9,274;0,365953
9,276;0,371899
9,278;0,376735
9,28;0,380445
9,282;0,383017
9,284;0,384441
9,286;0,384712
9,288;0,383826
9,29;0,381784
9,292;0,378592
9,294;0,374255
9,296;0,368785
9,298;0,362196
9,3;0,354506
9,302;0,345736
9,304;0,335909
9,306;0,325053
9,308;0,313198
9,31;0,300377
9,312;0,286625
9,314;0,271983
9,316;0,256491
9,318;0,240194
9,32;0,223138
9,322;0,205372
9,324;0,186946
9,326;0,167915
9,328;0,148332
9,33;0,128255
9,332;0,10774
9,334;0,0868491
9,336;0,0656413
9,338;0,0441788
9,34;0,0225241
9,342;0,00074032
9,344;0,0211087
9,346;0,0429591
9,348;0,0647467
9,35;0,0864076
9,352;0,107878
9,354;0,129094
9,356;0,149994
9,358;0,170516
9,36;0,190599
9,362;0,210183
9,364;0,22921
9,366;0,247624
9,368;0,265369
9,37;0,282392
9,372;0,298642
9,374;0,314071
9,376;0,328631
9,378;0,342279
9,38;0,354973
9,382;0,366674
9,384;0,377347
9,386;0,386958
9,388;0,395478
9,39;0,40288
9,392;0,40914
9,394;0,414238
9,396;0,418158
9,398;0,420885
9,4;0,422411
9,402;0,422728
9,404;0,421834
9,406;0,419729
9,408;0,416418
9,41;0,411909
9,412;0,406213
9,414;0,399344
9,416;0,391321
9,418;0,382165
9,42;0,371902
9,422;0,36056
9,424;0,348171
9,426;0,334769
9,428;0,320391
9,43;0,305079
9,432;0,288876
9,434;0,271828
9,436;0,253984
9,438;0,235394
9,44;0,216113
9,442;0,196194
9,444;0,175697
9,446;0,15468
9,448;0,133204
9,45;0,111331
9,452;0,0891247
9,454;0,0666497
9,456;0,0439716
9,458;0,0211564
9,46;0,00172895
9,462;0,0246176
9,464;0,0474424
9,466;0,0701363
9,468;0,0926324
9,47;0,114865
9,472;0,136767
9,474;0,158275
9,476;0,179325
9,478;0,199854
9,48;0,219802
9,482;0,239108
9,484;0,257716
9,486;0,275569
9,488;0,292615
9,49;0,3088
9,492;0,324078
9,494;0,338401
9,496;0,351726
9,498;0,364013
9,5;0,375223
9,502;0,385322
9,504;0,394279
9,506;0,402065
9,508;0,408656
9,51;0,41403
9,512;0,418171
9,514;0,421063
9,516;0,422696
9,518;0,423063
9,52;0,422162
9,522;0,419993
9,524;0,416561
9,526;0,411872
9,528;0,40594
9,53;0,398779
9,532;0,390408
9,534;0,380851
9,536;0,370133
9,538;0,358283
9,54;0,345336
9,542;0,331326
9,544;0,316294
9,546;0,300282
9,548;0,283335
9,55;0,265502
9,552;0,246833
9,554;0,227382
9,556;0,207204
9,558;0,186358
9,56;0,164904
9,562;0,142903
9,564;0,12042
9,566;0,0975191
9,568;0,0742673
9,57;0,0507322
9,572;0,0269824
9,574;0,00308709
9,576;0,0208838
9,578;0,04486
9,58;0,0687713
9,582;0,0925474
9,584;0,116118
9,586;0,139415
9,588;0,162368
9,59;0,184909
9,592;0,206973
9,594;0,228493
9,596;0,249406
9,598;0,269648
9,6;0,289161
9,602;0,307884
9,604;0,325763
9,606;0,342743
9,608;0,358774
9,61;0,373805
9,612;0,387793
9,614;0,400694
9,616;0,412468
9,618;0,42308
9,62;0,432495
9,622;0,440686
9,624;0,447625
9,626;0,45329
9,628;0,457664
9,63;0,46073
9,632;0,462477
9,634;0,462899
9,636;0,461993
9,638;0,459758
9,64;0,456199
9,642;0,451324
9,644;0,445146
9,646;0,437681
9,648;0,428948
9,65;0,418971
9,652;0,407778
9,654;0,395399
9,656;0,381868
9,658;0,367224
9,66;0,351508
9,662;0,334763
9,664;0,317039
9,666;0,298384
9,668;0,278852
9,67;0,258499
9,672;0,237384
9,674;0,215567
9,676;0,193111
9,678;0,170081
9,68;0,146544
9,682;0,122567
9,684;0,0982204
9,686;0,0735752
9,688;0,0487031
9,69;0,0236766
9,692;0,00143114
9,694;0,0265466
9,696;0,051596
9,698;0,0765059
9,7;0,101203
9,702;0,125614
9,704;0,149668
9,706;0,173293
9,708;0,196419
9,71;0,218978
9,712;0,240902
9,714;0,262126
9,716;0,282587
9,718;0,302224
9,72;0,320977
9,722;0,33879
9,724;0,35561
9,726;0,371385
9,728;0,386068
9,73;0,399614
9,732;0,411981
9,734;0,42313
9,736;0,433029
9,738;0,441644
9,74;0,44895
9,742;0,454922
9,744;0,45954
9,746;0,46279
9,748;0,46466
9,75;0,465141
9,752;0,46423
9,754;0,461928
9,756;0,458238
9,758;0,453171
9,76;0,446737
9,762;0,438955
9,764;0,429844
9,766;0,41943
9,768;0,40774
9,77;0,394808
9,772;0,380668
9,774;0,36536
9,776;0,348929
9,778;0,331419
9,78;0,31288
9,782;0,293366
9,784;0,272932
9,786;0,251636
9,788;0,22954
9,79;0,206707
9,792;0,183203
9,794;0,159095
9,796;0,134454
9,798;0,10935
9,8;0,0838579
9,802;0,0580504
9,804;0,032003
9,806;0,00579174
9,808;0,0205067
9,81;0,0468154
9,812;0,0730571
9,814;0,0991548
9,816;0,125032
9,818;0,150611
9,82;0,175819
9,822;0,200579
9,824;0,224818
9,826;0,248466
9,828;0,27145
9,83;0,293703
9,832;0,315159
9,834;0,335753
9,836;0,355423
9,838;0,374111
9,84;0,391759
9,842;0,408314
9,844;0,423727
9,846;0,437949
9,848;0,450938
9,85;0,462654
9,852;0,473059
9,854;0,482121
9,856;0,489812
9,858;0,496107
9,86;0,500985
9,862;0,50443
9,864;0,506428
9,866;0,506973
9,868;0,50606
9,87;0,503689
9,872;0,499865
9,874;0,494597
9,876;0,487898
9,878;0,479785
9,88;0,47028
9,882;0,459409
9,884;0,447201
9,886;0,43369
9,888;0,418914
9,89;0,402914
9,892;0,385734
9,894;0,367423
9,896;0,348034
9,898;0,327621
9,9;0,306243
9,902;0,283961
9,904;0,260838
9,906;0,236941
9,908;0,21234
9,91;0,187104
9,912;0,161308
9,914;0,135025
9,916;0,108332
9,918;0,0813077
9,92;0,0540296
9,922;0,0265776
9,924;0,000968
9,926;0,0285265
9,928;0,0560172
9,93;0,0833593
9,932;0,110472
9,934;0,137276
9,936;0,163692
9,938;0,189642
9,94;0,215049
9,942;0,239837
9,944;0,263933
9,946;0,287265
9,948;0,309764
9,95;0,331362
9,952;0,351994
9,954;0,371598
9,956;0,390115
9,958;0,407489
9,96;0,423668
9,962;0,438601
9,964;0,452243
9,966;0,464553
9,968;0,475491
9,97;0,485023
9,972;0,49312
9,974;0,499755
9,976;0,504906
9,978;0,508556
9,98;0,510692
9,982;0,511305
9,984;0,510391
9,986;0,50795
9,988;0,503987
9,99;0,498511
9,992;0,491536
9,994;0,483079
9,996;0,473163
9,998;0,461816
10;0,449067
10,002;0,434952
10,004;0,419511
10,006;0,402786
10,008;0,384824
10,01;0,365677
10,012;0,345398
10,014;0,324045
10,016;0,301679
10,018;0,278364
10,02;0,254167
10,022;0,229157
10,024;0,203407
10,026;0,176991
10,028;0,149985
10,03;0,122468
10,032;0,0945192
10,034;0,06622
10,036;0,037653
10,038;0,00890164
10,04;0,0199502
10,042;0,0488179
10,044;0,0776169
10,046;0,106263
10,048;0,134671
10,05;0,162757
10,052;0,19044
10,054;0,217637
10,056;0,244267
10,058;0,270251
10,06;0,295512
10,062;0,319976
10,064;0,343568
10,066;0,366218
10,068;0,387859
10,07;0,408425
10,072;0,427854
10,074;0,446087
10,076;0,463069
10,078;0,478749
10,08;0,493077
10,082;0,50601
10,084;0,517508
10,086;0,527535
10,088;0,536059
10,09;0,543052
10,092;0,548491
10,094;0,552359
10,096;0,55464
10,098;0,555327
10,1;0,554415
10,102;0,551902
10,104;0,547795
10,106;0,542103
10,108;0,53484
10,11;0,526025
10,112;0,515681
10,114;0,503836
10,116;0,490523
10,118;0,475777
10,12;0,459641
10,122;0,442158
10,124;0,42338
10,126;0,403357
10,128;0,382148
10,13;0,359811
10,132;0,336412
10,134;0,312018
10,136;0,286697
10,138;0,260522
10,14;0,23357
10,142;0,205918
10,144;0,177647
10,146;0,148837
10,148;0,119572
10,15;0,0899385
10,152;0,0600219
10,154;0,0299097
10,156;0,000310215
10,158;0,0305493
10,16;0,0607188
10,162;0,0907302
10,164;0,120495
10,166;0,149926
10,168;0,178936
10,17;0,207439
10,172;0,235351
10,174;0,262589
10,176;0,289072
10,178;0,314721
10,18;0,33946
10,182;0,363214
10,184;0,385913
10,186;0,407488
10,188;0,427873
10,19;0,447008
10,192;0,464834
10,194;0,481297
10,196;0,496345
10,198;0,509934
10,2;0,522021
10,202;0,532567
10,204;0,541539
10,206;0,548909
10,208;0,554653
10,21;0,55875
10,212;0,561187
10,214;0,561953
10,216;0,561044
10,218;0,558459
10,22;0,554204
10,222;0,548288
10,224;0,540726
10,226;0,531537
10,228;0,520746
10,23;0,508382
10,232;0,494479
10,234;0,479075
10,236;0,462212
10,238;0,443939
10,24;0,424306
10,242;0,403368
10,244;0,381185
10,246;0,357821
10,248;0,333341
10,25;0,307816
10,252;0,281319
10,254;0,253926
10,256;0,225716
10,258;0,196771
10,26;0,167173
10,262;0,13701
10,264;0,106368
10,266;0,0753374
10,268;0,0440074
10,27;0,01247
10,272;0,0191828
10,274;0,0508582
10,276;0,0824634
10,278;0,113906
10,28;0,145092
10,282;0,175931
10,284;0,206332
10,286;0,236205
10,288;0,26546
10,29;0,294012
10,292;0,321776
10,294;0,348669
10,296;0,37461
10,298;0,399521
10,3;0,42333
10,302;0,445962
10,304;0,467351
10,306;0,487432
10,308;0,506143
10,31;0,523428
10,312;0,539234
10,314;0,553511
10,316;0,566216
10,318;0,577308
10,32;0,586753
10,322;0,59452
10,324;0,600584
10,326;0,604925
10,328;0,607526
10,33;0,608377
10,332;0,607474
10,334;0,604815
10,336;0,600407
10,338;0,594258
10,34;0,586385
10,342;0,576807
10,344;0,565551
10,346;0,552645
10,348;0,538127
10,35;0,522034
10,352;0,504413
10,354;0,485313
10,356;0,464786
10,358;0,442892
10,36;0,419692
10,362;0,395252
10,364;0,369641
10,366;0,342934
10,368;0,315206
10,37;0,286538
10,372;0,257011
10,374;0,226712
10,376;0,195727
10,378;0,164147
10,38;0,132063
10,382;0,0995692
10,384;0,0667592
10,386;0,0337292
10,388;0,000575655
10,39;0,0326043
10,392;0,0657134
10,394;0,0986545
10,396;0,131331
10,398;0,163645
10,4;0,195504
10,402;0,226811
10,404;0,257475
10,406;0,287405
10,408;0,316511
10,41;0,344707
10,412;0,371908
10,414;0,398034
10,416;0,423006
10,418;0,446748
10,42;0,46919
10,422;0,490264
10,424;0,509904
10,426;0,528052
10,428;0,544652
10,43;0,559652
10,432;0,573007
10,434;0,584674
10,436;0,594616
10,438;0,602801
10,44;0,609203
10,442;0,613801
10,444;0,616576
10,446;0,617519
10,448;0,616624
10,45;0,613891
10,452;0,609324
10,454;0,602934
10,456;0,594737
10,458;0,584755
10,46;0,573012
10,462;0,559542
10,464;0,54438
10,466;0,527569
10,468;0,509156
10,47;0,489191
10,472;0,467731
10,474;0,444836
10,476;0,420572
10,478;0,395007
10,48;0,368214
10,482;0,340269
10,484;0,311254
10,486;0,281251
10,488;0,250346
10,49;0,218629
10,492;0,186193
10,494;0,153129
10,496;0,119536
10,498;0,0855094
10,5;0,0511496
10,502;0,0165564
10,504;0,0181689
10,506;0,0529248
10,508;0,0876093
10,51;0,122121
10,512;0,156357
10,514;0,190218
10,516;0,223604
10,518;0,256415
10,52;0,288555
10,522;0,319928
10,524;0,350442
10,526;0,380004
10,528;0,408527
10,53;0,435926
10,532;0,462118
10,534;0,487025
10,536;0,510572
10,538;0,532686
10,54;0,553302
10,542;0,572356
10,544;0,58979
10,546;0,60555
10,548;0,619588
10,55;0,631858
10,552;0,642323
10,554;0,650949
10,556;0,657708
10,558;0,662576
10,56;0,665537
10,562;0,666579
10,564;0,665695
10,566;0,662886
10,568;0,658156
10,57;0,651516
10,572;0,642982
10,574;0,632577
10,576;0,620328
10,578;0,606268
10,58;0,590436
10,582;0,572875
10,584;0,553633
10,586;0,532765
10,588;0,510329
10,59;0,486388
10,592;0,461011
10,594;0,434269
10,596;0,406239
10,598;0,377
10,6;0,346637
10,602;0,315237
10,604;0,28289
10,606;0,249691
10,608;0,215733
10,61;0,181117
10,612;0,145943
10,614;0,110312
10,616;0,0743295
10,618;0,0380993
10,62;0,00172772
10,622;0,0346789
10,624;0,0710137
10,626;0,10717
10,628;0,143042
10,63;0,178523
10,632;0,213509
10,634;0,247896
10,636;0,281583
10,638;0,314469
10,64;0,346458
10,642;0,377453
10,644;0,407362
10,646;0,436096
10,648;0,463568
10,65;0,489696
10,652;0,514401
10,654;0,537609
10,656;0,559248
10,658;0,579254
10,66;0,597563
10,662;0,614121
10,664;0,628876
10,666;0,641782
10,668;0,652797
10,67;0,661887
10,672;0,669021
10,674;0,674176
10,676;0,677334
10,678;0,678481
10,68;0,677612
10,682;0,674725
10,684;0,669827
10,686;0,662927
10,688;0,654043
10,69;0,643199
10,692;0,630422
10,694;0,615747
10,696;0,599214
10,698;0,580869
10,7;0,560762
10,702;0,53895
10,704;0,515494
10,706;0,490459
10,708;0,463918
10,71;0,435945
10,712;0,406621
10,714;0,376028
10,716;0,344256
10,718;0,311394
10,72;0,277538
10,722;0,242785
10,724;0,207237
10,726;0,170995
10,728;0,134165
10,73;0,0968549
10,732;0,0591725
10,734;0,021228
10,736;0,0168678
10,738;0,0550034
10,74;0,093067
10,742;0,130947
10,744;0,168531
10,746;0,20571
10,748;0,242373
10,75;0,278412
10,752;0,31372
10,754;0,348193
10,756;0,381727
10,758;0,414224
10,76;0,445587
10,762;0,47572
10,764;0,504535
10,766;0,531944
10,768;0,557865
10,77;0,582219
10,772;0,604933
10,774;0,625936
10,776;0,645166
10,778;0,662562
10,78;0,678071
10,782;0,691644
10,784;0,703238
10,786;0,712816
10,788;0,720347
10,79;0,725805
10,792;0,729171
10,794;0,730432
10,796;0,72958
10,798;0,726615
10,8;0,721543
10,802;0,714374
10,804;0,705126
10,806;0,693824
10,808;0,680496
10,81;0,66518
10,812;0,647916
10,814;0,628752
10,816;0,607741
10,818;0,584942
10,82;0,56042
10,822;0,534242
10,824;0,506484
10,826;0,477224
10,828;0,446545
10,83;0,414536
10,832;0,381288
10,834;0,346896
10,836;0,311461
10,838;0,275083
10,84;0,237868
10,842;0,199925
10,844;0,161362
10,846;0,122293
10,848;0,082831
10,85;0,043091
10,852;0,00318932
10,854;0,0367573
10,856;0,0766317
10,858;0,116317
10,86;0,155696
10,862;0,194653
10,864;0,233073
10,866;0,270843
10,868;0,307851
10,87;0,343986
10,872;0,379142
10,874;0,413213
10,876;0,446099
10,878;0,477701
10,88;0,507923
10,882;0,536676
10,884;0,563872
10,886;0,58943
10,888;0,613271
10,89;0,635323
10,892;0,655518
10,894;0,673794
10,896;0,690095
10,898;0,70437
10,9;0,716573
10,902;0,726665
10,904;0,738762
10,906;0,752831
10,908;0,768835
10,91;0,786729
10,912;0,806464
10,914;0,827985
10,916;0,851232
10,918;0,876139
10,92;0,902636
10,922;0,930648
10,924;0,960094
10,926;0,990892
10,928;1,02295
10,93;1,05618
10,932;1,09049
10,934;1,12577
10,936;1,16193
10,938;1,19885
10,94;1,23644
10,942;1,27459
10,944;1,31317
10,946;1,35208
10,948;1,39121
10,95;1,43045
10,952;1,46967
10,954;1,50876
10,956;1,54761
10,958;1,5861
10,96;1,62412
10,962;1,66155
10,964;1,69829
10,966;1,73423
10,968;1,76926
10,97;1,80328
10,972;1,83618
10,974;1,86787
10,976;1,89825
10,978;1,92723
10,98;1,95472
10,982;1,98065
10,984;2,00492
10,986;2,02747
10,988;2,04824
10,99;2,06714
10,992;2,08414
10,994;2,09917
10,996;2,11218
10,998;2,12314
11;2,13201
11,002;2,13876
11,004;2,14336
11,006;2,14581
11,008;2,14609
11,01;2,14419
11,012;2,14012
11,014;2,13388
11,016;2,1255
11,018;2,11499
11,02;2,10237
11,022;2,08769
11,024;2,07099
11,026;2,0523
11,028;2,03168
11,03;2,00919
11,032;1,98489
11,034;1,95884
11,036;1,93113
11,038;1,90184
11,04;1,87103
11,042;1,83881
11,044;1,80526
11,046;1,77049
11,048;1,73458
11,05;1,69765
11,052;1,6598
11,054;1,62114
11,056;1,58179
11,058;1,54185
11,06;1,50145
11,062;1,46069
11,064;1,41971
11,066;1,37861
11,068;1,33753
11,07;1,29658
11,072;1,25588
11,074;1,21555
11,076;1,17571
11,078;1,13648
11,08;1,09797
11,082;1,0603
11,084;1,02357
11,086;0,987912
11,088;0,953414
11,09;0,920185
11,092;0,888323
11,094;0,857925
11,096;0,829082
11,098;0,80188
11,1;0,776403
11,102;0,752728
11,104;0,730927
11,106;0,711067
11,108;0,69321
11,11;0,677411
11,112;0,659571
11,114;0,639739
11,116;0,617971
11,118;0,594327
11,12;0,568874
11,122;0,541683
11,124;0,512831
11,126;0,482401
11,128;0,450478
11,13;0,417155
11,132;0,382526
11,134;0,346692
11,136;0,309755
11,138;0,271822
11,14;0,233003
11,142;0,19341
11,144;0,153158
11,146;0,112364
11,148;0,0711463
11,15;0,0296262
11,152;0,0120755
11,154;0,0538368
11,156;0,0955353
11,158;0,137049
11,16;0,178255
11,162;0,219032
11,164;0,25926
11,166;0,298821
11,168;0,337596
11,17;0,375472
11,172;0,412335
11,174;0,448076
11,176;0,482588
11,178;0,515767
11,18;0,547516
11,182;0,577737
11,184;0,60634
11,186;0,633239
11,188;0,658352
11,19;0,681601
11,192;0,702917
11,194;0,722234
11,196;0,739491
11,198;0,754635
11,2;0,767617
11,202;0,778398
11,204;0,78694
11,206;0,793216
11,208;0,797203
11,21;0,798887
11,212;0,798258
11,214;0,795315
11,216;0,790063
11,218;0,782513
11,22;0,772684
11,222;0,760601
11,224;0,746296
11,226;0,729807
11,228;0,711179
11,23;0,690463
11,232;0,667717
11,234;0,643005
11,236;0,616395
11,238;0,587963
11,24;0,557789
11,242;0,525958
11,244;0,492562
11,246;0,457697
11,248;0,421461
11,25;0,383959
11,252;0,345299
11,254;0,305593
11,256;0,264955
11,258;0,223503
11,26;0,181357
11,262;0,138641
11,264;0,0954773
11,266;0,051993
11,268;0,00831499
11,27;0,0354291
11,272;0,0791109
11,274;0,122602
11,276;0,165775
11,278;0,208503
11,28;0,250659
11,282;0,292119
11,284;0,33276
11,286;0,372462
11,288;0,411106
11,29;0,448578
11,292;0,484766
11,294;0,519562
11,296;0,552861
11,298;0,584563
11,3;0,614573
11,302;0,642799
11,304;0,669158
11,306;0,693567
11,308;0,715952
11,31;0,736245
11,312;0,758531
11,314;0,782748
11,316;0,808827
11,318;0,836696
11,32;0,866274
11,322;0,89748
11,324;0,930222
11,326;0,964409
11,328;0,999941
11,33;1,03672
11,332;1,07463
11,334;1,11357
11,336;1,15343
11,338;1,19409
11,34;1,23543
11,342;1,27734
11,344;1,31968
11,346;1,36234
11,348;1,40519
11,35;1,44811
11,352;1,49097
11,354;1,53365
11,356;1,57601
11,358;1,61794
11,36;1,65931
11,362;1,7
11,364;1,73989
11,366;1,77886
11,368;1,8168
11,37;1,85358
11,372;1,88911
11,374;1,92327
11,376;1,95596
11,378;1,98709
11,38;2,01657
11,382;2,04429
11,384;2,07018
11,386;2,09416
11,388;2,11616
11,39;2,1361
11,392;2,15393
11,394;2,16959
11,396;2,18303
11,398;2,19421
11,4;2,20309
11,402;2,20964
11,404;2,21384
11,406;2,21568
11,408;2,21514
11,41;2,21222
11,412;2,20692
11,414;2,19927
11,416;2,18927
11,418;2,17695
11,42;2,16235
11,422;2,1455
11,424;2,12645
11,426;2,10525
11,428;2,08196
11,43;2,05665
11,432;2,02939
11,434;2,00025
11,436;1,96931
11,438;1,93667
11,44;1,90242
11,442;1,86665
11,444;1,82947
11,446;1,79098
11,448;1,7513
11,45;1,71054
11,452;1,66881
11,454;1,62624
11,456;1,58296
11,458;1,53908
11,46;1,49474
11,462;1,45006
11,464;1,40518
11,466;1,36022
11,468;1,31532
11,47;1,27061
11,472;1,22622
11,474;1,18229
11,476;1,13893
11,478;1,09629
11,48;1,05448
11,482;1,01364
11,484;0,973869
11,486;0,935303
11,488;0,898051
11,49;0,862226
11,492;0,827934
11,494;0,795278
11,496;0,764358
11,498;0,735266
11,5;0,708091
11,502;0,682916
11,504;0,659817
11,506;0,634717
11,508;0,607687
11,51;0,578803
11,512;0,548147
11,514;0,515805
11,516;0,48187
11,518;0,44644
11,52;0,409614
11,522;0,3715
11,524;0,332207
11,526;0,291849
11,528;0,250541
11,53;0,208404
11,532;0,16556
11,534;0,122134
11,536;0,0782516
11,538;0,0340412
11,54;0,0103681
11,542;0,0548463
11,544;0,0992631
11,546;0,143488
11,548;0,187391
11,55;0,230843
11,552;0,273716
11,554;0,315882
11,556;0,357218
11,558;0,397601
11,56;0,43691
11,562;0,475028
11,564;0,511843
11,566;0,547243
11,568;0,581123
11,57;0,61338
11,572;0,643919
11,574;0,672645
11,576;0,699473
11,578;0,72432
11,58;0,747111
11,582;0,767775
11,584;0,786248
11,586;0,802473
11,588;0,816397
11,59;0,827978
11,592;0,837177
11,594;0,843963
11,596;0,848313
11,598;0,850209
11,6;0,849643
11,602;0,846612
11,604;0,841121
11,606;0,833182
11,608;0,822815
11,61;0,810045
11,612;0,794908
11,614;0,777443
11,616;0,757698
11,618;0,735726
11,62;0,71159
11,622;0,685357
11,624;0,657099
11,626;0,626896
11,628;0,594835
11,63;0,561006
11,632;0,525505
11,634;0,488435
11,636;0,449901
11,638;0,410013
11,64;0,368887
11,642;0,326642
11,644;0,2834
11,646;0,239285
11,648;0,194426
11,65;0,148953
11,652;0,102998
11,654;0,0566966
11,656;0,0101828
11,658;0,036407
11,66;0,0829362
11,662;0,129268
11,664;0,175267
11,666;0,220797
11,668;0,265724
11,67;0,309915
11,672;0,35324
11,674;0,395569
11,676;0,436777
11,678;0,476742
11,68;0,515344
11,682;0,552468
11,684;0,588002
11,686;0,62184
11,688;0,65388
11,69;0,684025
11,692;0,712183
11,694;0,738269
11,696;0,766351
11,698;0,796351
11,7;0,828182
11,702;0,861755
11,704;0,896974
11,706;0,933738
11,708;0,971943
11,71;1,01148
11,712;1,05223
11,714;1,09408
11,716;1,1369
11,718;1,18059
11,72;1,22499
11,722;1,27
11,724;1,31547
11,726;1,36128
11,728;1,40728
11,73;1,45336
11,732;1,49936
11,734;1,54516
11,736;1,59062
11,738;1,63561
11,74;1,67999
11,742;1,72363
11,744;1,76641
11,746;1,80819
11,748;1,84886
11,75;1,88829
11,752;1,92636
11,754;1,96297
11,756;1,99799
11,758;2,03133
11,76;2,06289
11,762;2,09256
11,764;2,12027
11,766;2,14591
11,768;2,16943
11,77;2,19074
11,772;2,20978
11,774;2,22648
11,776;2,2408
11,778;2,25269
11,78;2,26212
11,782;2,26904
11,784;2,27344
11,786;2,27529
11,788;2,2746
11,79;2,27135
11,792;2,26555
11,794;2,25722
11,796;2,24638
11,798;2,23304
11,8;2,21726
11,802;2,19907
11,804;2,17852
11,806;2,15566
11,808;2,13056
11,81;2,1033
11,812;2,07394
11,814;2,04257
11,816;2,00928
11,818;1,97416
11,82;1,93732
11,822;1,89885
11,824;1,85888
11,826;1,8175
11,828;1,77485
11,83;1,73105
11,832;1,68621
11,834;1,64048
11,836;1,59398
11,838;1,54686
11,84;1,49924
11,842;1,45126
11,844;1,40308
11,846;1,35482
11,848;1,30662
11,85;1,25864
11,852;1,21101
11,854;1,16388
11,856;1,11737
11,858;1,07163
11,86;1,02679
11,862;0,982994
11,864;0,940361
11,866;0,899021
11,868;0,859098
11,87;0,820712
11,872;0,783976
11,874;0,749003
11,876;0,715896
11,878;0,684757
11,88;0,655679
11,882;0,624603
11,884;0,591616
11,886;0,556814
11,888;0,520294
11,89;0,482161
11,892;0,442524
11,894;0,401498
11,896;0,3592
11,898;0,315753
11,9;0,271281
11,902;0,225914
11,904;0,179784
11,906;0,133024
11,908;0,0857713
11,91;0,0381627
11,912;0,00966225
11,914;0,0575637
11,916;0,105401
11,918;0,153034
11,92;0,200323
11,922;0,247128
11,924;0,293311
11,926;0,338737
11,928;0,383269
11,93;0,426777
11,932;0,469131
11,934;0,510204
11,936;0,549875
11,938;0,588025
11,94;0,62454
11,942;0,659309
11,944;0,692228
11,946;0,723197
11,948;0,752123
11,95;0,778917
11,952;0,803498
11,954;0,825789
11,956;0,845722
11,958;0,863234
11,96;0,878271
11,962;0,890783
11,964;0,900731
11,966;0,908081
11,968;0,912807
11,97;0,914892
11,972;0,914324
11,974;0,911102
11,976;0,90523
11,978;0,896722
11,98;0,885598
11,982;0,871887
11,984;0,855625
11,986;0,836855
11,988;0,815629
11,99;0,792004
11,992;0,766047
11,994;0,73783
11,996;0,707431
11,998;0,674937
