0,004;0
0,008;0,000113137
0,012;0,00033911
0,016;0,000676651
0,02;0,00112354
0,024;0,00167659
0,028;0,00233172
0,032;0,00308394
0,036;0,00392738
0,04;0,0048554
0,044;0,00586057
0,048;0,00693476
0,052;0,00806922
0,056;0,00925461
0,06;0,0104811
0,064;0,0117385
0,068;0,0130163
0,072;0,0143036
0,076;0,0155895
0,08;0,0168631
0,084;0,0181134
0,088;0,0193296
0,092;0,0205011
0,096;0,0216177
0,1;0,0226696
0,104;0,0236472
0,108;0,024542
0,112;0,0253457
0,116;0,026051
0,12;0,0266513
0,124;0,0271408
0,128;0,0275147
0,132;0,0277691
0,136;0,0279012
0,14;0,0279092
0,144;0,0277921
0,148;0,0275504
0,152;0,0271852
0,156;0,0266991
0,16;0,0260955
0,164;0,0253787
0,168;0,0245543
0,172;0,0236287
0,176;0,0226092
0,18;0,0215039
0,184;0,0203217
0,188;0,0190723
0,192;0,017766
0,196;0,0164136
0,2;0,0150263
0,204;0,0136158
0,208;0,0121939
0,212;0,0107728
0,216;0,00936456
0,22;0,00798128
0,224;0,00663492
0,228;0,00533718
0,232;0,00409942
0,236;0,00293255
0,24;0,00184695
0,244;0,000852361
0,248;4,22022e-05
0,252;0,000828516
0,256;0,00149924
0,26;0,00204796
0,264;0,00246929
0,268;0,00275889
0,272;0,0029135
0,276;0,00293102
0,28;0,0028105
0,284;0,00255215
0,288;0,00215736
0,292;0,00162872
0,296;0,000969937
0,3;0,000185877
0,304;0,000717507
0,308;0,0017332
0,312;0,00285321
0,316;0,00406857
0,32;0,00536948
0,324;0,00674535
0,328;0,00818486
0,332;0,00967611
0,336;0,0112067
0,34;0,0127637
0,344;0,0143341
0,348;0,0159046
0,352;0,0174616
0,356;0,018992
0,36;0,0204824
0,364;0,0219198
0,368;0,0232918
0,372;0,0245863
0,376;0,0257916
0,38;0,0268971
0,384;0,0278927
0,388;0,0287692
0,392;0,0295186
0,396;0,0301335
0,4;0,0306081
0,404;0,0309374
0,408;0,0311178
0,412;0,0311468
0,416;0,0310234
0,42;0,0307476
0,424;0,030321
0,428;0,0297462
0,432;0,0290274
0,436;0,0281698
0,44;0,02718
0,444;0,0260655
0,448;0,0248352
0,452;0,0234989
0,456;0,0220674
0,46;0,0205523
0,464;0,0189661
0,468;0,0173218
0,472;0,0156333
0,476;0,0139145
0,48;0,0121801
0,484;0,0104447
0,488;0,00872315
0,492;0,00703018
0,496;0,00538043
0,5;0,00378822
0,504;0,00226748
0,508;0,000831609
0,512;0,000506646
0,516;0,00173529
0,52;0,0028432
0,524;0,00382021
0,528;0,00465721
0,532;0,00534625
0,536;0,00588057
0,54;0,00625471
0,544;0,00646453
0,548;0,00650728
0,552;0,00638161
0,556;0,00608762
0,56;0,00562681
0,564;0,00500215
0,568;0,00421801
0,572;0,00328013
0,576;0,00219562
0,58;0,000972879
0,584;0,000378477
0,588;0,00184767
0,592;0,00342285
0,596;0,0050912
0,6;0,00683903
0,604;0,00865189
0,608;0,0105147
0,612;0,0124118
0,616;0,0143273
0,62;0,016245
0,624;0,0181483
0,628;0,0200211
0,632;0,0218472
0,636;0,0236107
0,64;0,0252963
0,644;0,0268889
0,648;0,0283746
0,652;0,0297401
0,656;0,0309729
0,66;0,0320617
0,664;0,0329965
0,668;0,0337684
0,672;0,0343697
0,676;0,0347945
0,68;0,0350379
0,684;0,0350969
0,688;0,03497
0,692;0,0346569
0,696;0,0341595
0,7;0,0334808
0,704;0,0326255
0,708;0,0316
0,712;0,0304119
0,716;0,0290704
0,72;0,0275862
0,724;0,025971
0,728;0,0242378
0,732;0,0224008
0,736;0,020475
0,74;0,0184763
0,744;0,0164214
0,748;0,0143274
0,752;0,0122119
0,756;0,0100931
0,76;0,00798875
0,764;0,00591706
0,768;0,00389586
0,772;0,0019427
0,776;7,46332e-05
0,78;0,00169189
0,784;0,0033412
0,788;0,00485854
0,792;0,00623018
0,796;0,00744357
0,8;0,00848742
0,804;0,00935183
0,808;0,0100284
0,812;0,0105102
0,816;0,010792
0,82;0,0108702
0,824;0,010743
0,828;0,0104102
0,832;0,00987355
0,836;0,00913632
0,84;0,00820366
0,844;0,0070824
0,848;0,00578098
0,852;0,00430945
0,856;0,00267939
0,86;0,000903755
0,864;0,00100314
0,868;0,0030258
0,872;0,00514765
0,876;0,00735115
0,88;0,00961799
0,884;0,0119292
0,888;0,0142653
0,892;0,0166065
0,896;0,0189329
0,9;0,0212245
0,904;0,0234615
0,908;0,0256247
0,912;0,0276949
0,916;0,0296542
0,92;0,031485
0,924;0,033171
0,928;0,034697
0,932;0,036049
0,936;0,0372145
0,94;0,0381823
0,944;0,0389432
0,948;0,0394893
0,952;0,0398149
0,956;0,0399157
0,96;0,0397896
0,964;0,0394363
0,968;0,0388577
0,972;0,0380571
0,976;0,0370403
0,98;0,0358146
0,984;0,0343891
0,988;0,032775
0,992;0,0309849
0,996;0,0290331
1;0,0269351
1,004;0,0247082
1,008;0,0223704
1,012;0,0199412
1,016;0,0174407
1,02;0,0148899
1,024;0,0123102
1,028;0,0097234
1,032;0,00715162
1,036;0,00461685
1,04;0,00214096
1,044;0,000254589
1,048;0,00254888
1,052;0,00472175
1,056;0,00675394
1,06;0,00862727
1,064;0,0103248
1,068;0,0118311
1,072;0,0131322
1,076;0,0142156
1,08;0,015071
1,084;0,0156896
1,088;0,0160649
1,092;0,0161921
1,096;0,0160688
1,1;0,0156945
1,104;0,0150709
1,108;0,014202
1,112;0,0130936
1,116;0,0117538
1,12;0,0101927
1,124;0,0084224
1,128;0,00645667
1,132;0,00431118
1,136;0,00200317
1,14;0,000448612
1,144;0,00302409
1,148;0,005702
1,152;0,0084601
1,156;0,0112753
1,16;0,014124
1,164;0,016982
1,168;0,019825
1,172;0,0226286
1,176;0,0253687
1,18;0,0280216
1,184;0,030564
1,188;0,0329737
1,192;0,0352292
1,196;0,0373105
1,2;0,0391988
1,204;0,0408768
1,208;0,042329
1,212;0,0435416
1,216;0,0445029
1,22;0,0452032
1,224;0,0456351
1,228;0,0457931
1,232;0,0456745
1,236;0,0452786
1,24;0,0446071
1,244;0,0436642
1,248;0,0424562
1,252;0,0409921
1,256;0,0392826
1,26;0,0373411
1,264;0,0351827
1,268;0,0328245
1,272;0,0302855
1,276;0,0275863
1,28;0,024749
1,284;0,0217971
1,288;0,0187549
1,292;0,015648
1,296;0,0125024
1,3;0,00934491
1,304;0,00620224
1,308;0,00310135
1,312;6,8939e-05
1,316;0,00286872
1,32;0,00568599
1,324;0,00835813
1,328;0,0108615
1,332;0,0131737
1,336;0,0152739
1,34;0,017143
1,344;0,0187637
1,348;0,0201205
1,352;0,0212005
1,356;0,0219928
1,36;0,022489
1,364;0,022683
1,368;0,0225714
1,372;0,0221534
1,376;0,0214308
1,38;0,020408
1,384;0,0190919
1,388;0,017492
1,392;0,0156203
1,396;0,0134912
1,4;0,0111213
1,404;0,0085295
1,408;0,00573657
1,412;0,00276517
1,416;0,000360398
1,42;0,00361436
1,424;0,00696971
1,428;0,0103984
1,432;0,0138716
1,436;0,01736
1,44;0,0208338
1,444;0,0242634
1,448;0,0276191
1,452;0,030872
1,456;0,0339937
1,46;0,0369568
1,464;0,039735
1,468;0,0423036
1,472;0,0446394
1,476;0,0467211
1,48;0,0485295
1,484;0,0500475
1,488;0,0512604
1,492;0,0521562
1,496;0,0527254
1,5;0,0529611
1,504;0,0528593
1,508;0,0524191
1,512;0,0516421
1,516;0,0505329
1,52;0,0490992
1,524;0,0473513
1,528;0,0453022
1,532;0,0429676
1,536;0,0403658
1,54;0,0375174
1,544;0,0344452
1,548;0,0311743
1,552;0,0277313
1,556;0,0241446
1,56;0,020444
1,564;0,0166603
1,568;0,0128254
1,572;0,00897166
1,576;0,00513192
1,58;0,00133901
1,584;0,00237446
1,588;0,0059763
1,592;0,00943514
1,596;0,0127206
1,6;0,0158037
1,604;0,0186569
1,608;0,0212544
1,612;0,0235727
1,616;0,0255903
1,62;0,0272883
1,624;0,0286501
1,628;0,0296624
1,632;0,0303144
1,636;0,0305983
1,64;0,0305097
1,644;0,0300471
1,648;0,0292122
1,652;0,02801
1,656;0,0264486
1,66;0,0245392
1,664;0,0222961
1,668;0,0197364
1,672;0,0168801
1,676;0,0137499
1,68;0,0103709
1,684;0,00677037
1,688;0,00297785
1,692;0,000975476
1,696;0,00505681
1,7;0,00923206
1,704;0,0134662
1,708;0,0177234
1,712;0,0219674
1,716;0,026162
1,72;0,0302712
1,724;0,0342592
1,728;0,0380915
1,732;0,0417343
1,736;0,0451555
1,74;0,0483245
1,744;0,051213
1,748;0,0537945
1,752;0,0560452
1,756;0,057944
1,76;0,0594727
1,764;0,0606159
1,768;0,0613618
1,772;0,0617015
1,776;0,0616298
1,78;0,061145
1,784;0,0602487
1,788;0,0589461
1,792;0,057246
1,796;0,0551606
1,8;0,0527054
1,804;0,0498991
1,808;0,0467638
1,812;0,0433241
1,816;0,0396077
1,82;0,0356446
1,824;0,0314672
1,828;0,02711
1,832;0,022609
1,836;0,0180018
1,84;0,0133271
1,844;0,00862435
1,848;0,00393358
1,852;0,000705142
1,856;0,00525192
1,86;0,00966742
1,864;0,0139132
1,868;0,017952
1,872;0,0217482
1,876;0,0252679
1,88;0,0284796
1,884;0,0313539
1,888;0,0338643
1,892;0,0359874
1,896;0,0377027
1,9;0,0389933
1,904;0,0398455
1,908;0,0402495
1,912;0,0401993
1,916;0,0396927
1,92;0,0387312
1,924;0,0373205
1,928;0,0354699
1,932;0,0331926
1,936;0,0305055
1,94;0,0274293
1,944;0,0239878
1,948;0,0202082
1,952;0,016121
1,956;0,011759
1,96;0,00715798
1,964;0,00235574
1,968;0,00260791
1,972;0,00769157
1,976;0,0128526
1,98;0,0180473
1,984;0,0232316
1,988;0,0283613
1,992;0,0333921
1,996;0,0382807
2;0,0429844
2,004;0,047462
2,008;0,0516741
2,012;0,055583
2,016;0,0591537
2,02;0,0623537
2,024;0,0651536
2,028;0,067527
2,032;0,0694512
2,036;0,0709073
2,04;0,0718799
2,044;0,072358
2,048;0,0723346
2,052;0,0718069
2,056;0,0707765
2,06;0,0692493
2,064;0,0672353
2,068;0,0647489
2,072;0,0618085
2,076;0,0584365
2,08;0,0546593
2,084;0,0505066
2,088;0,0460117
2,092;0,0412109
2,096;0,0361435
2,1;0,030851
2,104;0,0253773
2,108;0,0197681
2,112;0,0140705
2,116;0,00833251
2,12;0,00260288
2,124;0,00306944
2,128;0,0086357
2,132;0,0140478
2,136;0,0192586
2,14;0,0242225
2,144;0,0288958
2,148;0,0332367
2,152;0,0372063
2,156;0,0407686
2,16;0,0438907
2,164;0,0465435
2,168;0,0487016
2,172;0,0503435
2,176;0,0514524
2,18;0,0520156
2,184;0,0520251
2,188;0,0514776
2,192;0,0503744
2,196;0,0487218
2,2;0,0465305
2,204;0,0438163
2,208;0,040599
2,212;0,0369033
2,216;0,0327579
2,22;0,0281955
2,224;0,0232526
2,228;0,0179691
2,232;0,0123882
2,236;0,00655564
2,24;0,000519805
2,244;0,00566901
2,248;0,0119589
2,252;0,0182968
2,256;0,0246288
2,26;0,030901
2,264;0,0370594
2,268;0,0430509
2,272;0,0488232
2,276;0,054326
2,28;0,0595106
2,284;0,0643309
2,288;0,0687437
2,292;0,0727088
2,296;0,07619
2,3;0,0791545
2,304;0,0815741
2,308;0,083425
2,312;0,0846879
2,316;0,0853488
2,32;0,0853983
2,324;0,0848325
2,328;0,0836527
2,332;0,0818652
2,336;0,0794818
2,34;0,0765193
2,344;0,0729996
2,348;0,0689494
2,352;0,0644003
2,356;0,059388
2,36;0,0539528
2,364;0,0481383
2,368;0,0419921
2,372;0,0355647
2,376;0,0289092
2,38;0,0220811
2,384;0,0151376
2,388;0,00813743
2,392;0,00113984
2,396;0,00579539
2,4;0,0126087
2,404;0,0192413
2,408;0,0256354
2,412;0,0317352
2,416;0,0374868
2,42;0,0428391
2,424;0,0477442
2,428;0,0521574
2,432;0,0560383
2,436;0,0593507
2,44;0,0620629
2,444;0,0641483
2,448;0,0655854
2,452;0,0663581
2,456;0,0664559
2,46;0,0658741
2,464;0,0646136
2,468;0,0626812
2,472;0,0600895
2,476;0,0568566
2,48;0,0530065
2,484;0,0485683
2,488;0,0435765
2,492;0,0380705
2,496;0,0320941
2,5;0,0256956
2,504;0,0189273
2,508;0,0118445
2,512;0,004506
2,516;0,00302716
2,52;0,0106918
2,524;0,0184233
2,528;0,0261561
2,532;0,0338242
2,536;0,0413618
2,54;0,0487038
2,544;0,0557864
2,548;0,0625477
2,552;0,068928
2,556;0,0748707
2,56;0,0803225
2,564;0,085234
2,568;0,0895601
2,572;0,0932605
2,576;0,0962999
2,58;0,0986485
2,584;0,100282
2,588;0,101183
2,592;0,101339
2,596;0,100744
2,6;0,0993987
2,604;0,0973107
2,608;0,0944932
2,612;0,090966
2,616;0,086755
2,62;0,0818921
2,624;0,076415
2,628;0,0703668
2,632;0,0637959
2,636;0,0567551
2,64;0,0493018
2,644;0,0414973
2,648;0,033406
2,652;0,0250952
2,656;0,0166348
2,66;0,00809585
2,664;0,000449119
2,668;0,00892725
2,672;0,0172658
2,676;0,0253928
2,68;0,0332376
2,684;0,0407318
2,688;0,0478091
2,692;0,0544069
2,696;0,060466
2,7;0,0659315
2,704;0,0707533
2,708;0,0748865
2,712;0,0782918
2,716;0,0809358
2,72;0,0827916
2,724;0,0838386
2,728;0,0840632
2,732;0,0834586
2,736;0,0820252
2,74;0,0797703
2,744;0,0767083
2,748;0,0728607
2,752;0,0682555
2,756;0,0629278
2,76;0,0569187
2,764;0,0502755
2,768;0,0430512
2,772;0,035304
2,776;0,0270969
2,78;0,0184974
2,784;0,00957635
2,788;0,000408153
2,792;0,00893045
2,796;0,0183608
2,8;0,0278029
2,804;0,0371763
2,808;0,0464005
2,812;0,0553961
2,816;0,0640849
2,82;0,0723909
2,824;0,0802411
2,828;0,0875657
2,832;0,0942992
2,836;0,100381
2,84;0,105754
2,844;0,11037
2,848;0,114185
2,852;0,11716
2,856;0,119266
2,86;0,12048
2,864;0,120787
2,868;0,120177
2,872;0,118651
2,876;0,116218
2,88;0,112891
2,884;0,108694
2,888;0,103659
2,892;0,0978226
2,896;0,0912304
2,9;0,0839341
2,904;0,0759919
2,908;0,0674678
2,912;0,0584311
2,916;0,0489559
2,92;0,0391205
2,924;0,0290067
2,928;0,0186992
2,932;0,00828477
2,936;0,0021483
2,94;0,0125111
2,944;0,0227148
2,948;0,0326714
2,952;0,0422945
2,956;0,0515
2,96;0,0602069
2,964;0,0683379
2,968;0,0758204
2,972;0,0825866
2,976;0,0885747
2,98;0,0937289
2,984;0,0980004
2,988;0,101348
2,992;0,103736
2,996;0,105141
3;0,105543
3,004;0,104934
3,008;0,103313
3,012;0,100688
3,016;0,0970744
3,02;0,0924985
3,024;0,0869933
3,028;0,0806003
3,032;0,0733689
3,036;0,0653559
3,04;0,056625
3,044;0,0472466
3,048;0,0372968
3,052;0,0268572
3,056;0,0160141
3,06;0,00485762
3,064;0,00651894
3,068;0,0180197
3,072;0,0295474
3,076;0,0410037
3,08;0,0522904
3,084;0,0633103
3,088;0,0739677
3,092;0,0841695
3,096;0,0938262
3,1;0,102852
3,104;0,111166
3,108;0,118694
3,112;0,125365
3,116;0,13112
3,12;0,135902
3,124;0,139666
3,128;0,142374
3,132;0,143995
3,136;0,14451
3,14;0,143909
3,144;0,142188
3,148;0,139358
3,152;0,135435
3,156;0,130446
3,16;0,124428
3,164;0,117427
3,168;0,109495
3,172;0,100695
3,176;0,0910977
3,18;0,0807799
3,184;0,0698252
3,188;0,0583237
3,192;0,04637
3,196;0,0340637
3,2;0,0215077
3,204;0,00880762
3,208;0,003929
3,212;0,0165937
3,216;0,0290779
3,22;0,0412741
3,224;0,0530765
3,228;0,0643821
3,232;0,0750915
3,236;0,0851099
3,24;0,0943475
3,244;0,102721
3,248;0,110154
3,252;0,116578
3,256;0,121931
3,26;0,126162
3,264;0,129228
3,268;0,131097
3,272;0,131744
3,276;0,131158
3,28;0,129336
3,284;0,126287
3,288;0,122029
3,292;0,116591
3,296;0,110014
3,3;0,102346
3,304;0,0936462
3,308;0,0839835
3,312;0,0734343
3,316;0,0620834
3,32;0,050023
3,324;0,0373519
3,328;0,0241746
3,332;0,0106005
3,336;0,00325684
3,34;0,0172808
3,344;0,0313527
3,348;0,0453527
3,352;0,059161
3,356;0,0726587
3,36;0,0857286
3,364;0,0982568
3,368;0,110133
3,372;0,121252
3,376;0,131516
3,38;0,14083
3,384;0,14911
3,388;0,156279
3,392;0,16227
3,396;0,167025
3,4;0,170495
3,404;0,172645
3,408;0,173446
3,412;0,172885
3,416;0,170959
3,42;0,167676
3,424;0,163056
3,428;0,15713
3,432;0,149942
3,436;0,141546
3,44;0,132005
3,444;0,121396
3,448;0,109801
3,452;0,0973143
3,456;0,0840371
3,46;0,070078
3,464;0,0555522
3,468;0,0405803
3,472;0,0252874
3,476;0,00980213
3,48;0,00574451
3,484;0,0212202
3,488;0,0364924
3,492;0,0514298
3,496;0,0659027
3,5;0,079785
3,504;0,0929549
3,508;0,105296
3,512;0,116697
3,516;0,127056
3,52;0,136279
3,524;0,14428
3,528;0,150984
3,532;0,156325
3,536;0,16025
3,54;0,162718
3,544;0,163699
3,548;0,163176
3,552;0,161143
3,556;0,157611
3,56;0,1526
3,564;0,146144
3,568;0,13829
3,572;0,129097
3,576;0,118635
3,58;0,106986
3,584;0,0942429
3,588;0,0805075
3,592;0,0658915
3,596;0,0505143
3,6;0,0345026
3,604;0,0179895
3,608;0,00111287
3,612;0,0159854
3,616;0,0331607
3,62;0,050267
3,624;0,0671578
3,628;0,0836878
3,632;0,0997137
3,636;0,115096
3,64;0,129699
3,644;0,143395
3,648;0,15606
3,652;0,167581
3,656;0,177853
3,66;0,18678
3,664;0,194279
3,668;0,200278
3,672;0,204716
3,676;0,207545
3,68;0,208734
3,684;0,208262
3,688;0,206122
3,692;0,202325
3,696;0,196892
3,7;0,18986
3,704;0,181279
3,708;0,171215
3,712;0,159743
3,716;0,146955
3,72;0,13295
3,724;0,117842
3,728;0,101753
3,732;0,0848138
3,736;0,0671651
3,74;0,0489528
3,744;0,030329
3,748;0,0114504
3,752;0,00752363
3,756;0,0264316
3,76;0,0451118
3,764;0,0634035
3,768;0,0811484
3,772;0,0981917
3,776;0,114384
3,78;0,129582
3,784;0,14365
3,788;0,156462
3,792;0,167901
3,796;0,177861
3,8;0,186249
3,804;0,192983
3,808;0,197997
3,812;0,201237
3,816;0,202667
3,82;0,202262
3,824;0,200015
3,828;0,195936
3,832;0,190047
3,836;0,182389
3,84;0,173017
3,844;0,162
3,848;0,149423
3,852;0,135383
3,856;0,119993
3,86;0,103376
3,864;0,0856661
3,868;0,067008
3,872;0,0475555
3,876;0,0274699
3,88;0,00691894
3,884;0,0139248
3,888;0,0348851
3,892;0,0557838
3,896;0,0764422
3,9;0,0966827
3,904;0,11633
3,908;0,135213
3,912;0,153166
3,916;0,170031
3,92;0,185656
3,924;0,199903
3,928;0,21264
3,932;0,22375
3,936;0,23313
3,94;0,240688
3,944;0,24635
3,948;0,250056
3,952;0,251763
3,956;0,251445
3,96;0,249092
3,964;0,244714
3,968;0,238334
3,972;0,229996
3,976;0,21976
3,98;0,207702
3,984;0,193914
3,988;0,178503
3,992;0,161592
3,996;0,143316
4;0,123823
4,004;0,103271
4,008;0,0818316
4,012;0,0596809
4,016;0,0370041
4,02;0,0139916
4,024;0,00916217
4,028;0,0322604
4,032;0,0551058
4,036;0,0775018
4,04;0,0992547
4,044;0,120175
4,048;0,14008
4,052;0,158792
4,056;0,176147
4,06;0,191987
4,064;0,206168
4,068;0,218561
4,072;0,229047
4,076;0,237528
4,08;0,243918
4,084;0,248151
4,088;0,250179
4,092;0,24997
4,096;0,247514
4,1;0,242818
4,104;0,235909
4,108;0,226834
4,112;0,215657
4,116;0,20246
4,12;0,187346
4,124;0,170431
4,128;0,151849
4,132;0,131749
4,136;0,110294
4,14;0,0876591
4,144;0,0640299
4,148;0,0396026
4,152;0,0145809
4,156;0,0108251
4,16;0,036401
4,164;0,0619294
4,168;0,0871922
4,172;0,111972
4,176;0,136056
4,18;0,159232
4,184;0,181299
4,188;0,202062
4,192;0,221335
4,196;0,238945
4,2;0,254733
4,204;0,268553
4,208;0,280276
4,212;0,289789
4,216;0,296998
4,22;0,301828
4,224;0,304224
4,228;0,304151
4,232;0,301595
4,236;0,296564
4,24;0,289086
4,244;0,27921
4,248;0,267007
4,252;0,252567
4,256;0,236
4,26;0,217435
4,264;0,197019
4,268;0,174915
4,272;0,151302
4,276;0,126372
4,28;0,100331
4,284;0,0733942
4,288;0,0457862
4,292;0,0177386
4,296;0,0105118
4,3;0,0387251
4,304;0,0666603
4,308;0,0940774
4,312;0,120739
4,316;0,146414
4,32;0,170878
4,324;0,193913
4,328;0,215315
4,332;0,234893
4,336;0,252468
4,34;0,267879
4,344;0,28098
4,348;0,291648
4,352;0,299777
4,356;0,305282
4,36;0,308101
4,364;0,308195
4,368;0,305546
4,372;0,300161
4,376;0,29207
4,38;0,281325
4,384;0,268005
4,388;0,252205
4,392;0,234048
4,396;0,213674
4,4;0,191244
4,404;0,166937
4,408;0,14095
4,412;0,113495
4,416;0,0847971
4,42;0,0550939
4,424;0,0246333
4,428;0,00632947
4,432;0,037533
4,436;0,0687124
4,44;0,0996015
4,444;0,129935
4,448;0,159451
4,452;0,187892
4,456;0,215011
4,46;0,240566
4,464;0,264332
4,468;0,286095
4,472;0,305657
4,476;0,322839
4,48;0,33748
4,484;0,34944
4,488;0,358602
4,492;0,36487
4,496;0,368175
4,5;0,36847
4,504;0,365736
4,508;0,359979
4,512;0,351228
4,516;0,339543
4,52;0,325004
4,524;0,30772
4,528;0,287822
4,532;0,265464
4,536;0,240823
4,54;0,214096
4,544;0,185498
4,548;0,155262
4,552;0,123637
4,556;0,0908848
4,56;0,0572779
4,564;0,0230983
4,568;0,0113659
4,572;0,0458221
4,576;0,0799763
4,58;0,113535
4,584;0,146209
4,588;0,177714
4,592;0,207774
4,596;0,236124
4,6;0,262512
4,604;0,286702
4,608;0,308475
4,612;0,327629
4,616;0,343987
4,62;0,357393
4,624;0,367714
4,628;0,374845
4,632;0,378706
4,636;0,379244
4,64;0,376437
4,644;0,370288
4,648;0,360829
4,652;0,348123
4,656;0,332259
4,66;0,313353
4,664;0,291549
4,668;0,267016
4,672;0,239948
4,676;0,21056
4,68;0,17909
4,684;0,145794
4,688;0,110945
4,692;0,0748318
4,696;0,0377551
4,7;2,56314e-05
4,704;0,0380386
4,708;0,0761146
4,712;0,113878
4,716;0,151004
4,72;0,187172
4,724;0,222068
4,728;0,255388
4,732;0,286836
4,736;0,316135
4,74;0,343021
4,744;0,367251
4,748;0,388602
4,752;0,406875
4,756;0,421897
4,76;0,43352
4,764;0,441625
4,768;0,446122
4,772;0,446951
4,776;0,444085
4,78;0,437525
4,784;0,427307
4,788;0,413495
4,792;0,396187
4,796;0,37551
4,8;0,35162
4,804;0,324703
4,808;0,29497
4,812;0,262659
4,816;0,22803
4,82;0,191365
4,824;0,152965
4,828;0,113148
4,832;0,0722446
4,836;0,0305981
4,84;0,0114408
4,844;0,0535155
4,848;0,0952673
4,852;0,136338
4,856;0,176373
4,86;0,215025
4,864;0,251955
4,868;0,286839
4,872;0,319367
4,876;0,349247
4,88;0,376209
4,884;0,400006
4,888;0,420416
4,892;0,437245
4,896;0,450328
4,9;0,459532
4,904;0,464756
4,908;0,465932
4,912;0,463025
4,916;0,456037
4,92;0,445003
4,924;0,429994
4,928;0,411114
4,932;0,388503
4,936;0,36233
4,94;0,332799
4,944;0,300141
4,948;0,264618
4,952;0,226515
4,956;0,186142
4,96;0,143831
4,964;0,0999316
4,968;0,0548085
4,972;0,00883978
4,976;0,0375872
4,98;0,0840789
4,984;0,130239
4,988;0,175672
4,992;0,219985
4,996;0,262794
5;0,303725
5,004;0,342418
5,008;0,378528
5,012;0,411734
5,016;0,441734
5,02;0,468254
5,024;0,491046
5,028;0,509895
5,032;0,524617
5,036;0,535062
5,04;0,541115
5,044;0,542699
5,048;0,539775
5,052;0,532341
5,056;0,520433
5,06;0,504128
5,064;0,483538
5,068;0,458815
5,072;0,430144
5,076;0,397748
5,08;0,36188
5,084;0,322828
5,088;0,280904
5,092;0,236451
5,096;0,189832
5,1;0,141433
5,104;0,0916567
5,108;0,0409191
5,112;0,0103523
5,116;0,0617229
5,12;0,112755
5,124;0,163011
5,128;0,212058
5,132;0,25947
5,136;0,304833
5,14;0,347748
5,144;0,387833
5,148;0,424732
5,152;0,458109
5,156;0,48766
5,16;0,513109
5,164;0,534217
5,168;0,550776
5,172;0,562619
5,176;0,569618
5,18;0,571684
5,184;0,56877
5,188;0,560873
5,192;0,54803
5,196;0,530322
5,2;0,507872
5,204;0,480843
5,208;0,449439
5,212;0,413902
5,216;0,374512
5,22;0,331582
5,224;0,285458
5,228;0,236513
5,232;0,185151
5,236;0,131793
5,24;0,0768853
5,244;0,020886
5,248;0,0357333
5,252;0,0924929
5,256;0,148909
5,26;0,204499
5,264;0,258783
5,268;0,311291
5,272;0,361563
5,276;0,409158
5,28;0,453654
5,284;0,494653
5,288;0,531784
5,292;0,564709
5,296;0,593121
5,3;0,616751
5,304;0,635371
5,308;0,648791
5,312;0,656866
5,316;0,659497
5,32;0,656628
5,324;0,648253
5,328;0,63441
5,332;0,615185
5,336;0,590711
5,34;0,561166
5,344;0,526772
5,348;0,487794
5,352;0,444538
5,356;0,397348
5,36;0,346604
5,364;0,292717
5,368;0,23613
5,372;0,177309
5,376;0,116743
5,38;0,054938
5,384;0,00758486
5,388;0,0702966
5,392;0,132663
5,396;0,194151
5,4;0,254229
5,404;0,312377
5,408;0,368087
5,412;0,420871
5,416;0,470259
5,42;0,515811
5,424;0,557115
5,428;0,593795
5,432;0,62551
5,436;0,65196
5,44;0,672888
5,444;0,688084
5,448;0,697385
5,452;0,700676
5,456;0,697894
5,46;0,689027
5,464;0,674115
5,468;0,653251
5,472;0,626576
5,476;0,594285
5,48;0,55662
5,484;0,513871
5,488;0,466373
5,492;0,414504
5,496;0,35868
5,5;0,299355
5,504;0,237014
5,508;0,172172
5,512;0,105367
5,516;0,0371578
5,52;0,0318817
5,524;0,101167
5,528;0,170109
5,532;0,238117
5,536;0,304606
5,54;0,368998
5,544;0,430732
5,548;0,489266
5,552;0,544081
5,556;0,594689
5,56;0,640631
5,564;0,68149
5,568;0,716886
5,572;0,746485
5,576;0,770002
5,58;0,787198
5,584;0,797891
5,588;0,801952
5,592;0,799306
5,596;0,789937
5,6;0,773885
5,604;0,751249
5,608;0,722182
5,612;0,686895
5,616;0,645653
5,62;0,598772
5,624;0,54662
5,628;0,489611
5,632;0,428202
5,636;0,362892
5,64;0,294216
5,644;0,222739
5,648;0,149055
5,652;0,07378
5,656;0,00245293
5,66;0,078999
5,664;0,155207
5,668;0,230424
5,672;0,304004
5,676;0,375307
5,68;0,443714
5,684;0,508622
5,688;0,569457
5,692;0,625677
5,696;0,676774
5,7;0,722283
5,704;0,761783
5,708;0,806968
5,712;0,857487
5,716;0,91294
5,72;0,972883
5,724;1,03683
5,728;1,10426
5,732;1,17462
5,736;1,24732
5,74;1,32176
5,744;1,39731
5,748;1,47333
5,752;1,54919
5,756;1,62422
5,76;1,69779
5,764;1,76926
5,768;1,838
5,772;1,90342
5,776;1,96494
5,78;2,022
5,784;2,0741
5,788;2,12075
5,792;2,16154
5,796;2,19608
5,8;2,22404
5,804;2,24514
5,808;2,25916
5,812;2,26593
5,816;2,26537
5,82;2,25742
5,824;2,24212
5,828;2,21956
5,832;2,18987
5,836;2,15328
5,84;2,11005
5,844;2,06052
5,848;2,00507
5,852;1,94414
5,856;1,87822
5,86;1,80784
5,864;1,73357
5,868;1,65603
5,872;1,57586
5,876;1,49372
5,88;1,41031
5,884;1,32634
5,888;1,2425
5,892;1,15953
5,896;1,07813
5,9;0,999005
5,904;0,922848
5,908;0,850323
5,912;0,782073
5,916;0,718703
5,92;0,660783
5,924;0,608839
5,928;0,551282
5,932;0,48857
5,936;0,421208
5,94;0,349743
5,944;0,274761
5,948;0,196882
5,952;0,116752
5,956;0,0350434
5,96;0,0475571
5,964;0,130349
5,968;0,212628
5,972;0,293689
5,976;0,372832
5,98;0,449371
5,984;0,522637
5,988;0,591986
5,992;0,656804
5,996;0,716511
6;0,770567
6,004;0,818477
6,008;0,859797
6,012;0,894136
6,016;0,92116
6,02;0,940595
6,024;0,95223
6,028;0,955921
6,032;0,95159
6,036;0,939227
6,04;0,918889
6,044;0,890703
6,048;0,854865
6,052;0,811635
6,056;0,761339
6,06;0,704363
6,064;0,641157
6,068;0,572221
6,072;0,498111
6,076;0,419429
6,08;0,336819
6,084;0,250963
6,088;0,162576
6,092;0,0723955
6,096;0,0188185
6,1;0,110294
6,104;0,201252
6,108;0,290913
6,112;0,378504
6,116;0,463266
6,12;0,544459
6,124;0,621369
6,128;0,693315
6,132;0,759654
6,136;0,819786
6,14;0,88523
6,144;0,955459
6,148;1,0299
6,152;1,10795
6,156;1,18895
6,16;1,27224
6,164;1,35712
6,168;1,44286
6,172;1,52876
6,176;1,61406
6,18;1,69805
6,184;1,78
6,188;1,85919
6,192;1,93493
6,196;2,00657
6,2;2,07345
6,204;2,13499
6,208;2,19063
6,212;2,23986
6,216;2,28221
6,22;2,3173
6,224;2,34477
6,228;2,36434
6,232;2,37581
6,236;2,37903
6,24;2,37393
6,244;2,36049
6,248;2,33878
6,252;2,30894
6,256;2,27118
6,26;2,22577
6,264;2,17306
6,268;2,11345
6,272;2,04741
6,276;1,97547
6,28;1,8982
6,284;1,81623
6,288;1,73024
6,292;1,64094
6,296;1,54906
6,3;1,45539
6,304;1,36069
6,308;1,26579
6,312;1,17148
6,316;1,07858
6,32;0,98788
6,324;0,900175
6,328;0,81623
6,332;0,736781
6,336;0,662535
6,34;0,594153
6,344;0,520188
6,348;0,441236
6,352;0,357943
6,356;0,270993
6,36;0,181108
6,364;0,0890371
6,368;0,0044471
6,372;0,0985549
6,376;0,192487
6,38;0,285441
6,384;0,376617
6,388;0,465228
6,392;0,550501
6,396;0,631691
6,4;0,708079
6,404;0,778987
6,408;0,843776
6,412;0,901858
6,416;0,952698
6,42;0,99582
6,424;1,03081
6,428;1,05732
6,432;1,07508
6,436;1,08388
6,44;1,0836
6,444;1,07418
6,448;1,05566
6,452;1,02813
6,456;0,991777
6,46;0,946862
6,464;0,893717
6,468;0,832747
6,472;0,764426
6,476;0,689294
6,48;0,607953
6,484;0,52106
6,488;0,429324
6,492;0,333499
6,496;0,234379
6,5;0,132791
6,504;0,0295872
6,508;0,0743617
6,512;0,178173
6,516;0,280959
6,52;0,381838
6,524;0,479937
6,528;0,574403
6,532;0,664409
6,536;0,74916
6,54;0,827902
6,544;0,911996
6,548;1,00076
6,552;1,09345
6,556;1,18932
6,56;1,28755
6,564;1,38732
6,568;1,4878
6,572;1,58813
6,576;1,68744
6,58;1,7849
6,584;1,87965
6,588;1,97087
6,592;2,05777
6,596;2,13956
6,6;2,21554
6,604;2,28501
6,608;2,34734
6,612;2,40197
6,616;2,44837
6,62;2,48611
6,624;2,51481
6,628;2,53417
6,632;2,54397
6,636;2,54408
6,64;2,53444
6,644;2,51506
6,648;2,48607
6,652;2,44764
6,656;2,40006
6,66;2,34367
6,664;2,27891
6,668;2,20628
6,672;2,12635
6,676;2,03975
6,68;1,9472
6,684;1,84945
6,688;1,7473
6,692;1,64159
6,696;1,5332
6,7;1,42306
6,704;1,31207
6,708;1,2012
6,712;1,09138
6,716;0,983554
6,72;0,87866
6,724;0,777607
6,728;0,681281
6,732;0,590531
6,736;0,494096
6,74;0,392766
6,744;0,287377
6,748;0,178804
6,752;0,0679549
6,756;0,0442372
6,76;0,156823
6,764;0,268845
6,768;0,379342
6,772;0,487364
6,776;0,591974
6,78;0,692259
6,784;0,787339
6,788;0,876371
6,792;0,958559
6,796;1,03316
6,8;1,0995
6,804;1,15696
6,808;1,205
6,812;1,24315
6,816;1,27102
6,82;1,28833
6,824;1,29486
6,828;1,29049
6,832;1,2752
6,836;1,24905
6,84;1,2122
6,844;1,1649
6,848;1,10749
6,852;1,04042
6,856;0,964182
6,86;0,879384
6,864;0,786698
6,868;0,686869
6,872;0,580705
6,876;0,469077
6,88;0,352904
6,884;0,233151
6,888;0,110819
6,892;0,0130632
6,896;0,137447
6,9;0,261275
6,904;0,383487
6,908;0,50303
6,912;0,618869
6,916;0,729993
6,92;0,835427
6,924;0,946305
6,928;1,06171
6,932;1,18069
6,936;1,30225
6,94;1,42536
6,944;1,54899
6,948;1,67208
6,952;1,79358
6,956;1,91244
6,96;2,02763
6,964;2,13815
6,968;2,24303
6,972;2,34134
6,976;2,4322
6,98;2,51479
6,984;2,58837
6,988;2,65224
6,992;2,70581
6,996;2,74856
7;2,78006
7,004;2,79997
7,008;2,80807
7,012;2,8042
7,016;2,78834
7,02;2,76055
7,024;2,72099
7,028;2,66993
7,032;2,60775
7,036;2,5349
7,04;2,45196
7,044;2,35955
7,048;2,25842
7,052;2,14939
7,056;2,03332
7,06;1,91118
7,064;1,78397
7,068;1,65274
7,072;1,5186
7,076;1,38266
7,08;1,24609
7,084;1,11003
7,088;0,975659
7,092;0,844127
7,096;0,716576
7,1;0,594117
7,104;0,477824
7,108;0,356658
7,112;0,231625
7,116;0,103768
7,12;0,0258369
7,124;0,156095
7,128;0,285898
7,132;0,414137
7,136;0,539707
7,14;0,661521
7,144;0,778518
7,148;0,889671
7,152;0,993998
7,156;1,09057
7,16;1,17851
7,164;1,25703
7,168;1,32539
7,172;1,38296
7,176;1,42917
7,18;1,46358
7,184;1,48581
7,188;1,4956
7,192;1,49281
7,196;1,47737
7,2;1,44935
7,204;1,40891
7,208;1,35632
7,212;1,29196
7,216;1,21631
7,22;1,12996
7,224;1,03357
7,228;0,927901
7,232;0,813811
7,236;0,692221
7,24;0,564124
7,244;0,430575
7,248;0,292681
7,252;0,151593
7,256;0,00849782
7,26;0,135397
7,264;0,278867
7,268;0,420686
7,272;0,559634
7,276;0,694508
7,28;0,824134
7,284;0,947375
7,288;1,07521
7,292;1,20657
7,296;1,34037
7,3;1,47546
7,304;1,61071
7,308;1,74497
7,312;1,87708
7,316;2,0059
7,32;2,13031
7,324;2,24923
7,328;2,36161
7,332;2,46645
7,336;2,56281
7,34;2,64983
7,344;2,72669
7,348;2,7927
7,352;2,84722
7,356;2,88971
7,36;2,91975
7,364;2,93701
7,368;2,94126
7,372;2,93239
7,376;2,9104
7,38;2,8754
7,384;2,82761
7,388;2,76737
7,392;2,69511
7,396;2,61139
7,4;2,51685
7,404;2,41223
7,408;2,29837
7,412;2,17618
7,416;2,04666
7,42;1,91087
7,424;1,76993
7,428;1,62502
7,432;1,47734
7,436;1,32815
7,44;1,1787
7,444;1,03027
7,448;0,884137
7,452;0,741554
7,456;0,603761
7,46;0,471963
7,464;0,335251
7,468;0,194763
7,472;0,0516756
7,476;0,0928053
7,48;0,237455
7,484;0,38104
7,488;0,522329
7,492;0,660103
7,496;0,793165
7,5;0,920353
7,504;1,04055
7,508;1,15268
7,512;1,25575
7,516;1,34882
7,52;1,43103
7,524;1,50164
7,528;1,55995
7,532;1,60541
7,536;1,63755
7,54;1,65602
7,544;1,66058
7,548;1,65111
7,552;1,6276
7,556;1,59018
7,56;1,53909
7,564;1,47468
7,568;1,39741
7,572;1,30789
7,576;1,20678
7,58;1,09491
7,584;0,973142
7,588;0,842473
7,592;0,70396
7,596;0,558741
7,6;0,408015
7,604;0,253037
7,608;0,095103
7,612;0,0644559
7,616;0,224288
7,62;0,38303
7,624;0,539322
7,628;0,691816
7,632;0,839187
7,636;0,980149
7,64;1,12553
7,644;1,27411
7,648;1,42465
7,652;1,57587
7,656;1,72648
7,66;1,8752
7,664;2,02074
7,668;2,16185
7,672;2,2973
7,676;2,42588
7,68;2,54648
7,684;2,65801
7,688;2,75947
7,692;2,84993
7,696;2,92856
7,7;2,99461
7,704;3,04745
7,708;3,08655
7,712;3,1115
7,716;3,12199
7,72;3,11786
7,724;3,09906
7,728;3,06566
7,732;3,01785
7,736;2,95596
7,74;2,88045
7,744;2,79186
7,748;2,69089
7,752;2,57832
7,756;2,45504
7,76;2,32204
7,764;2,1804
7,768;2,03128
7,772;1,8759
7,776;1,71556
7,78;1,5516
7,784;1,38539
7,788;1,21833
7,792;1,05186
7,796;0,887385
7,8;0,726329
7,804;0,570086
7,808;0,420015
7,812;0,265367
7,816;0,107434
7,82;0,0524554
7,824;0,212948
7,828;0,372679
7,832;0,530279
7,836;0,684393
7,84;0,833683
7,844;0,976848
7,848;1,11263
7,852;1,23983
7,856;1,35731
7,86;1,464
7,864;1,55895
7,868;1,64126
7,872;1,71016
7,876;1,76498
7,88;1,80518
7,884;1,83033
7,888;1,84011
7,892;1,83437
7,896;1,81305
7,9;1,77624
7,904;1,72418
7,908;1,65721
7,912;1,57582
7,916;1,48062
7,92;1,37234
7,924;1,25182
7,928;1,12003
7,932;0,978025
7,936;0,826952
7,94;0,668048
7,944;0,502625
7,948;0,332056
7,952;0,157765
7,956;0,0187811
7,96;0,19609
7,964;0,372652
7,968;0,546957
7,972;0,717504
7,976;0,882816
7,98;1,05352
7,984;1,22819
7,988;1,40536
7,992;1,58353
7,996;1,76118
8;1,93681
8,004;2,10889
8,008;2,27595
8,012;2,43651
8,016;2,58918
8,02;2,73261
8,024;2,86551
8,028;2,9867
8,032;3,09507
8,036;3,18961
8,04;3,26945
8,044;3,33381
8,048;3,38206
8,052;3,41368
8,056;3,42831
8,06;3,42573
8,064;3,40585
8,068;3,36875
8,072;3,31465
8,076;3,24389
8,08;3,15699
8,084;3,0546
8,088;2,93749
8,092;2,80659
8,096;2,66292
8,1;2,50764
8,104;2,34201
8,108;2,16738
8,112;1,98518
8,116;1,79692
8,12;1,60419
8,124;1,40858
8,128;1,21177
8,132;1,01542
8,136;0,821198
8,14;0,630789
8,144;0,445835
8,148;0,255878
8,152;0,0625108
8,156;0,132638
8,16;0,327913
8,164;0,521648
8,168;0,712182
8,172;0,897869
8,176;1,0771
8,18;1,2483
8,184;1,40997
8,188;1,56066
8,192;1,69904
8,196;1,82384
8,2;1,93393
8,204;2,02827
8,208;2,10597
8,212;2,16626
8,216;2,20854
8,22;2,23234
8,224;2,23733
8,228;2,22338
8,232;2,19049
8,236;2,13882
8,24;2,06872
8,244;1,98066
8,248;1,87529
8,252;1,75342
8,256;1,61599
8,26;1,46407
8,264;1,29888
8,268;1,12175
8,272;0,934124
8,276;0,737538
8,28;0,533617
8,284;0,32406
8,288;0,110622
8,292;0,1049
8,296;0,320677
8,3;0,534871
8,304;0,745644
8,308;0,951178
8,312;1,16176
8,316;1,37561
8,32;1,59094
8,324;1,8059
8,328;2,01868
8,332;2,22743
8,336;2,43035
8,34;2,62568
8,344;2,8117
8,348;2,98677
8,352;3,14935
8,356;3,29795
8,36;3,43124
8,364;3,54799
8,368;3,6471
8,372;3,72762
8,376;3,78876
8,38;3,82989
8,384;3,85053
8,388;3,85039
8,392;3,82934
8,396;3,78745
8,4;3,72495
8,404;3,64225
8,408;3,53994
8,412;3,41878
8,416;3,27968
8,42;3,12374
8,424;2,95219
8,428;2,76639
8,432;2,56784
8,436;2,35818
8,44;2,13912
8,444;1,91247
8,448;1,68013
8,452;1,44404
8,456;1,2062
8,46;0,968631
8,464;0,733354
8,468;0,502394
8,472;0,277746
8,476;0,0492967
8,48;0,181026
8,484;0,411269
8,488;0,639466
8,492;0,863658
8,496;1,08191
8,5;1,29232
8,504;1,49305
8,508;1,68233
8,512;1,85848
8,516;2,01992
8,52;2,16518
8,524;2,29293
8,528;2,40198
8,532;2,49128
8,536;2,55996
8,54;2,60731
8,544;2,6328
8,548;2,63609
8,552;2,61702
8,556;2,57561
8,56;2,5121
8,564;2,42689
8,568;2,32059
8,572;2,19397
8,576;2,048
8,58;1,88382
8,584;1,7027
8,588;1,50611
8,592;1,29562
8,596;1,07296
8,6;0,839949
8,604;0,598515
8,608;0,350671
8,612;0,0984937
8,616;0,15589
8,62;0,410323
8,624;0,662635
8,628;0,910658
8,632;1,15225
8,636;1,39739
8,64;1,64399
8,644;1,88997
8,648;2,13321
8,652;2,37164
8,656;2,60318
8,66;2,82582
8,664;3,0376
8,668;3,23667
8,672;3,42123
8,676;3,58964
8,68;3,74036
8,684;3,872
8,688;3,98333
8,692;4,07328
8,696;4,14095
8,7;4,18563
8,704;4,20681
8,708;4,20418
8,712;4,17761
8,716;4,12719
8,72;4,0532
8,724;3,95616
8,728;3,83674
8,732;3,69583
8,736;3,53451
8,74;3,35404
8,744;3,15585
8,748;2,94152
8,752;2,71278
8,756;2,47151
8,76;2,21968
8,764;1,9594
8,768;1,69282
8,772;1,42218
8,776;1,14978
8,78;0,877924
8,784;0,608935
8,788;0,345127
8,792;0,0767121
8,796;0,194045
8,8;0,464847
8,804;0,733385
8,808;0,997353
8,812;1,25447
8,816;1,50251
8,82;1,73929
8,824;1,96273
8,828;2,17085
8,832;2,36178
8,836;2,53379
8,84;2,6853
8,844;2,81489
8,848;2,92134
8,852;3,0036
8,856;3,06082
8,86;3,09237
8,864;3,09783
8,868;3,07701
8,872;3,02991
8,876;2,9568
8,88;2,85814
8,884;2,73463
8,888;2,58716
8,892;2,41687
8,896;2,22507
8,9;2,01327
8,904;1,78316
8,908;1,5366
8,912;1,27559
8,916;1,00228
8,92;0,718929
8,924;0,427891
8,928;0,131607
8,932;0,167425
8,936;0,466669
8,94;0,763574
8,944;1,05559
8,948;1,35227
8,952;1,6511
8,956;1,94956
8,96;2,24508
8,964;2,53513
8,968;2,81721
8,972;3,08885
8,976;3,34769
8,98;3,59143
8,984;3,81791
8,988;4,02509
8,992;4,2111
8,996;4,37422
9;4,51292
9,004;4,62588
9,008;4,71199
9,012;4,77034
9,016;4,80029
9,02;4,8014
9,024;4,77351
9,028;4,71667
9,032;4,6312
9,036;4,51767
9,04;4,37687
9,044;4,20986
9,048;4,01789
9,052;3,80247
9,056;3,56529
9,06;3,30825
9,064;3,03343
9,068;2,74306
9,072;2,43954
9,076;2,12538
9,08;1,80319
9,084;1,47568
9,088;1,1456
9,092;0,815776
9,096;0,489006
9,1;0,168101
9,104;0,156235
9,108;0,481253
9,112;0,804185
9,116;1,12226
9,12;1,43274
9,124;1,73293
9,128;2,0202
9,132;2,29204
9,136;2,54602
9,14;2,77988
9,144;2,9915
9,148;3,17895
9,152;3,34049
9,156;3,47458
9,16;3,57992
9,164;3,65545
9,168;3,70034
9,172;3,71402
9,176;3,69621
9,18;3,64687
9,184;3,56623
9,188;3,4548
9,192;3,31334
9,196;3,1429
9,2;2,94475
9,204;2,72042
9,208;2,47167
9,212;2,20049
9,216;1,90905
9,22;1,59972
9,224;1,27505
9,228;0,937695
9,232;0,590477
9,236;0,236297
9,24;0,121865
9,244;0,480975
9,248;0,837975
9,252;1,1898
9,256;1,5455
9,26;1,90205
9,264;2,25641
9,268;2,60556
9,272;2,94647
9,276;3,2762
9,28;3,59185
9,284;3,89067
9,288;4,16999
9,292;4,42732
9,296;4,66033
9,3;4,8669
9,304;5,0451
9,308;5,19326
9,312;5,30992
9,316;5,39391
9,32;5,44432
9,324;5,46052
9,328;5,44217
9,332;5,38923
9,336;5,30195
9,34;5,18087
9,344;5,02682
9,348;4,84093
9,352;4,62459
9,356;4,37948
9,36;4,10751
9,364;3,81084
9,368;3,49188
9,372;3,1532
9,376;2,79758
9,38;2,42796
9,384;2,0474
9,388;1,6591
9,392;1,26631
9,396;0,872369
9,4;0,480628
9,404;0,0944418
9,408;0,294929
9,412;0,684181
9,416;1,06999
9,42;1,44905
9,424;1,81807
9,428;2,17387
9,432;2,51331
9,436;2,83341
9,44;3,13132
9,444;3,40437
9,448;3,65009
9,452;3,86621
9,456;4,05072
9,46;4,20187
9,464;4,31815
9,468;4,39839
9,472;4,44167
9,476;4,44742
9,48;4,41537
9,484;4,34556
9,488;4,23837
9,492;4,0945
9,496;3,91496
9,5;3,70108
9,504;3,45446
9,508;3,17704
9,512;2,87099
9,516;2,53876
9,52;2,18303
9,524;1,8067
9,528;1,41285
9,532;1,00475
9,536;0,585801
9,54;0,159504
9,544;0,270542
9,548;0,700689
9,552;1,12727
9,556;1,54661
9,56;1,96718
9,564;2,38538
9,568;2,79764
9,572;3,20039
9,576;3,59015
9,58;3,96352
9,584;4,31721
9,588;4,64809
9,592;4,9532
9,596;5,22979
9,6;5,47533
9,604;5,68754
9,608;5,86442
9,612;6,00425
9,616;6,10562
9,62;6,16743
9,624;6,18894
9,628;6,16971
9,632;6,10967
9,636;6,00911
9,64;5,86863
9,644;5,6892
9,648;5,47213
9,652;5,21904
9,656;4,93188
9,66;4,61291
9,664;4,26467
9,668;3,88994
9,672;3,49177
9,676;3,07343
9,68;2,63836
9,684;2,19017
9,688;1,73263
9,692;1,26957
9,696;0,804911
9,7;0,342616
9,704;0,113361
9,708;0,571158
9,712;1,02688
9,716;1,47663
9,72;1,91652
9,724;2,34276
9,728;2,75162
9,732;3,13951
9,736;3,503
9,74;3,83884
9,744;4,14401
9,748;4,41572
9,752;4,65145
9,756;4,84899
9,76;5,00642
9,764;5,12217
9,768;5,195
9,772;5,22404
9,776;5,20879
9,78;5,14911
9,784;5,04526
9,788;4,89785
9,792;4,7079
9,796;4,47677
9,8;4,2062
9,804;3,89827
9,808;3,55537
9,812;3,18024
9,816;2,77588
9,82;2,34557
9,824;1,89284
9,828;1,42141
9,832;0,935197
9,836;0,438267
9,84;0,0652047
9,844;0,570961
9,848;1,0747
9,852;1,57211
9,856;2,07097
9,86;2,56705
9,864;3,05609
9,868;3,53387
9,872;3,99625
9,876;4,4392
9,88;4,85882
9,884;5,2514
9,888;5,61342
9,892;5,94162
9,896;6,233
9,9;6,48485
9,904;6,6948
9,908;6,86081
9,912;6,9812
9,916;7,05467
9,92;7,08034
9,924;7,05769
9,928;6,98664
9,932;6,8675
9,936;6,70102
9,94;6,48833
9,944;6,23099
9,948;5,93092
9,952;5,59043
9,956;5,2122
9,96;4,79922
9,964;4,35482
9,968;3,88261
9,972;3,38645
9,976;2,87044
9,98;2,33886
9,984;1,79616
9,988;1,2469
9,992;0,695736
9,996;0,147355
10;0,405613
10,004;0,958478
10,008;1,50652
10,012;2,04503
10,016;2,56937
10,02;3,07497
10,024;3,55741
10,028;4,01244
10,032;4,43601
10,036;4,82432
10,04;5,17386
10,044;5,48141
10,048;5,7441
10,052;5,95944
10,056;6,12529
10,06;6,23996
10,064;6,30217
10,068;6,31108
10,072;6,2663
10,076;6,1679
10,08;6,0164
10,084;5,81278
10,088;5,55849
10,092;5,25538
10,096;4,90576
10,1;4,51234
10,104;4,07821
10,108;3,60686
10,112;3,10207
10,116;2,56797
10,12;2,00893
10,124;1,42958
10,128;0,834746
10,132;0,229413
10,136;0,381316
10,14;0,99226
10,144;1,59821
10,148;2,20603
10,152;2,81055
10,156;3,40658
10,16;3,989
10,164;4,55274
10,168;5,0929
10,172;5,60473
10,176;6,08368
10,18;6,52549
10,184;6,92616
10,188;7,28203
10,192;7,5898
10,196;7,84657
10,2;8,04984
10,204;8,19757
10,208;8,28816
10,212;8,32052
10,216;8,29402
10,22;8,20854
10,224;8,06447
10,228;7,86269
10,232;7,60459
10,236;7,29204
10,24;6,92738
10,244;6,51343
10,248;6,05341
10,252;5,551
10,256;5,01023
10,26;4,43549
10,264;3,83148
10,268;3,20319
10,272;2,55583
10,276;1,89482
10,28;1,22571
10,284;0,554179
10,288;0,114069
10,292;0,785376
10,296;1,45403
10,3;2,11432
10,304;2,76055
10,308;3,38713
10,312;3,98859
10,316;4,55966
10,32;5,09528
10,324;5,59068
10,328;6,04139
10,332;6,44331
10,336;6,79271
10,34;7,08631
10,344;7,32128
10,348;7,49527
10,352;7,60643
10,356;7,65344
10,36;7,63554
10,364;7,55248
10,368;7,40461
10,372;7,19279
10,376;6,91847
10,38;6,58361
10,384;6,19072
10,388;5,74282
10,392;5,24339
10,396;4,6964
10,4;4,10624
10,404;3,47769
10,408;2,81589
10,412;2,12629
10,416;1,41462
10,42;0,686808
10,424;0,051018
10,428;0,792624
10,432;1,5317
10,436;2,274
10,44;3,01321
10,444;3,74299
10,448;4,45707
10,452;5,14926
10,456;5,81353
10,46;6,44404
10,464;7,03521
10,468;7,58177
10,472;8,0788
10,476;8,52176
10,48;8,90655
10,484;9,22955
10,488;9,48764
10,492;9,67824
10,496;9,79933
10,5;9,84946
10,504;9,82779
10,508;9,73408
10,512;9,56872
10,516;9,33269
10,52;9,02758
10,524;8,65561
10,528;8,21955
10,532;7,72274
10,536;7,16908
10,54;6,56294
10,544;5,9092
10,548;5,21316
10,552;4,4805
10,556;3,71726
10,56;2,92978
10,564;2,12464
10,568;1,30859
10,572;0,488547
10,576;0,328523
10,58;1,1477
10,584;1,96199
10,588;2,76444
10,592;3,54812
10,596;4,30623
10,6;5,03215
10,604;5,71951
10,608;6,3622
10,612;6,95449
10,616;7,49102
10,62;7,96689
10,624;8,37768
10,628;8,7195
10,632;8,98903
10,636;9,18355
10,64;9,30096
10,644;9,33981
10,648;9,29929
10,652;9,1793
10,656;8,98039
10,66;8,70379
10,664;8,3514
10,668;7,9258
10,672;7,43018
10,676;6,86837
10,68;6,24475
10,684;5,56431
10,688;4,8325
10,692;4,05528
10,696;3,23901
10,7;2,39042
10,704;1,51656
10,708;0,624755
10,712;0,277504
10,716;1,18257
10,72;2,08275
10,724;2,98239
10,728;3,87381
10,732;4,74936
10,736;5,60147
10,74;6,42274
10,744;7,20597
10,748;7,94427
10,752;8,63105
10,756;9,26017
10,76;9,82592
10,764;10,3231
10,768;10,747
10,772;11,0937
10,776;11,3597
10,78;11,5423
10,784;11,6394
10,788;11,6498
10,792;11,5727
10,796;11,4084
10,8;11,1577
10,804;10,8223
10,808;10,4045
10,812;9,90742
10,816;9,33486
10,82;8,69123
10,824;7,98162
10,828;7,21169
10,832;6,38766
10,836;5,51624
10,84;4,60459
10,844;3,66026
10,848;2,6911
10,852;1,70525
10,856;0,711024
10,86;0,283151
10,864;1,26879
10,868;2,24949
10,872;3,21687
10,876;4,16258
10,88;5,07844
10,884;5,95644
10,888;6,78888
10,892;7,56838
10,896;8,28799
10,9;8,94121
10,904;9,52208
10,908;10,0252
10,912;10,4459
10,916;10,7799
10,92;11,0241
10,924;11,1758
10,928;11,2331
10,932;11,1949
10,936;11,0612
10,94;10,8323
10,944;10,5099
10,948;10,0959
10,952;9,59349
10,956;9,00637
10,96;8,33907
10,964;7,59681
10,968;6,78547
10,972;5,91159
10,976;4,98225
10,98;4,00506
10,984;2,98807
10,988;1,93972
10,992;0,868792
10,996;0,215723
11;1,30465
11,004;2,38871
11,008;3,47071
11,012;4,54139
11,016;5,59156
11,02;6,61212
11,024;7,59421
11,028;8,52921
11,032;9,40886
11,036;10,2253
11,04;10,9713
11,044;11,64
11,048;12,2252
11,052;12,7215
11,056;13,1241
11,06;13,4291
11,064;13,6331
11,068;13,734
11,072;13,7303
11,076;13,6213
11,08;13,4074
11,084;13,0898
11,088;12,6705
11,092;12,1527
11,096;11,54
11,1;10,8373
11,104;10,0499
11,108;9,18407
11,112;8,24676
11,116;7,24552
11,12;6,18854
11,124;5,08451
11,128;3,94256
11,132;2,77222
11,136;1,58332
11,14;0,38589
11,144;0,809906
11,148;2,00592
11,152;3,19194
11,156;4,3578
11,16;5,49343
11,164;6,58895
11,168;7,63479
11,172;8,62173
11,176;9,54099
11,18;10,3844
11,184;11,1442
11,188;11,8134
11,192;12,3859
11,196;12,8562
11,2;13,2197
11,204;13,4726
11,208;13,6121
11,212;13,6364
11,216;13,5446
11,22;13,3368
11,224;13,014
11,228;12,5785
11,232;12,0331
11,236;11,382
11,24;10,6301
11,244;9,78313
11,248;8,84784
11,252;7,83167
11,256;6,74283
11,26;5,59017
11,264;4,38316
11,268;3,13178
11,272;1,84645
11,276;0,537928
11,28;0,782744
11,284;2,10437
11,288;3,42775
11,292;4,7416
11,296;6,03464
11,3;7,29574
11,304;8,51393
11,308;9,67856
11,312;10,7794
11,316;11,8067
11,32;12,7512
11,324;13,6043
11,328;14,3584
11,332;15,0063
11,336;15,5419
11,34;15,96
11,344;16,2563
11,348;16,4275
11,352;16,4716
11,356;16,3873
11,36;16,1746
11,364;15,8346
11,368;15,3695
11,372;14,7824
11,376;14,0777
11,38;13,2607
11,384;12,3376
11,388;11,3159
11,392;10,2035
11,396;9,00951
11,4;7,74358
11,404;6,41609
11,408;5,03802
11,412;3,62083
11,416;2,17639
11,42;0,716851
11,424;0,745411
11,428;2,19794
11,432;3,64034
11,436;5,06026
11,44;6,44543
11,444;7,78385
11,448;9,06381
11,452;10,274
11,456;11,4038
11,46;12,443
11,464;13,3823
11,468;14,2129
11,472;14,9273
11,476;15,5186
11,48;15,981
11,484;16,3099
11,488;16,5017
11,492;16,5539
11,496;16,4652
11,5;16,2357
11,504;15,8663
11,508;15,3596
11,512;14,7189
11,516;13,9489
11,52;13,0555
11,524;12,0456
11,528;10,927
11,532;9,70881
11,536;8,40071
11,54;7,01336
11,544;5,55813
11,548;4,04705
11,552;2,49269
11,556;0,908044
11,56;0,693531
11,564;2,29847
11,568;3,8931
11,572;5,47582
11,576;7,03305
11,58;8,55135
11,584;10,0175
11,588;11,4188
11,592;12,7428
11,596;13,9778
11,6;15,1127
11,604;16,1373
11,608;17,0421
11,612;17,8188
11,616;18,4599
11,62;18,9592
11,624;19,3116
11,628;19,5132
11,632;19,5615
11,636;19,4551
11,64;19,194
11,644;18,7795
11,648;18,2143
11,652;17,5023
11,656;16,6487
11,66;15,66
11,664;14,5439
11,668;13,309
11,672;11,9653
11,676;10,5235
11,68;8,99544
11,684;7,39361
11,688;5,73124
11,692;4,02216
11,696;2,28069
11,7;0,521497
11,704;1,24051
11,708;3,00239
11,712;4,74909
11,716;6,46563
11,72;8,13718
11,724;9,74921
11,728;11,2876
11,732;12,7388
11,736;14,09
11,74;15,3289
11,744;16,4445
11,748;17,4263
11,752;18,2654
11,756;18,9535
11,76;19,4842
11,764;19,8517
11,768;20,0522
11,772;20,0828
11,776;19,9423
11,78;19,631
11,784;19,1504
11,788;18,5037
11,792;17,6954
11,796;16,7315
11,8;15,6193
11,804;14,3674
11,808;12,9856
11,812;11,485
11,816;9,87779
11,82;8,17692
11,824;6,39642
11,828;4,551
11,832;2,65603
11,836;0,727392
11,84;1,21865
11,844;3,1656
11,848;5,10892
11,852;7,03199
11,856;8,9183
11,86;10,7515
11,864;12,5157
11,868;14,1954
11,872;15,7758
11,876;17,2427
11,88;18,5831
11,884;19,7848
11,888;20,8366
11,892;21,7287
11,896;22,4526
11,9;23,0011
11,904;23,3685
11,908;23,5506
11,912;23,5448
11,916;23,35
11,92;22,9667
11,924;22,3971
11,928;21,6451
11,932;20,7158
11,936;19,6164
11,94;18,355
11,944;16,9415
11,948;15,3872
11,952;13,7043
11,956;11,9066
11,96;10,0087
11,964;8,02628
11,968;5,97564
11,972;3,87393
11,976;1,73879
11,98;0,411758
11,984;2,55945
11,988;4,69802
11,992;6,80916
