0,003;0
0,006;6,36396e-05
0,009;0,000190792
0,012;0,000380718
0,015;0,000632072
0,018;0,000942909
0,021;0,0013107
0,024;0,00173233
0,027;0,00220419
0,03;0,0027221
0,033;0,00328147
0,036;0,00387722
0,039;0,00450391
0,042;0,00515577
0,045;0,00582673
0,048;0,00651049
0,051;0,00720059
0,054;0,00789045
0,057;0,00857344
0,06;0,00924295
0,063;0,00989246
0,066;0,0105156
0,069;0,0111061
0,072;0,0116582
0,075;0,0121662
0,078;0,0126248
0,081;0,0130294
0,084;0,0133757
0,087;0,0136598
0,09;0,0138785
0,093;0,0140294
0,096;0,0141103
0,099;0,01412
0,102;0,0140579
0,105;0,013924
0,108;0,0137191
0,111;0,0134445
0,114;0,0131024
0,117;0,0126956
0,12;0,0122275
0,123;0,011702
0,126;0,0111239
0,129;0,0104982
0,132;0,00983059
0,135;0,00912719
0,138;0,00839447
0,141;0,00763922
0,144;0,00686855
0,147;0,00608971
0,15;0,00531014
0,153;0,00453731
0,156;0,00377868
0,159;0,00304165
0,162;0,00233346
0,165;0,00166112
0,168;0,00103137
0,171;0,000450571
0,174;7,53287e-05
0,177;0,000540862
0,18;0,000941102
0,183;0,00127171
0,186;0,00152898
0,189;0,00170989
0,192;0,00181212
0,195;0,00183409
0,198;0,00177498
0,201;0,00163474
0,204;0,00141411
0,207;0,00111458
0,21;0,000738433
0,213;0,000288701
0,216;0,00023086
0,219;0,000815793
0,222;0,00146098
0,225;0,00216068
0,228;0,0029086
0,231;0,00369792
0,234;0,00452138
0,237;0,00537133
0,24;0,00623982
0,243;0,00711864
0,246;0,00799945
0,249;0,00887379
0,252;0,00973323
0,255;0,0105694
0,258;0,0113741
0,261;0,0121394
0,264;0,0128575
0,267;0,0135214
0,27;0,0141241
0,273;0,0146595
0,276;0,0151218
0,279;0,0155061
0,282;0,0158081
0,285;0,0160243
0,288;0,016152
0,291;0,0161892
0,294;0,0161349
0,297;0,0159889
0,3;0,015752
0,303;0,0154257
0,306;0,0150124
0,309;0,0145156
0,312;0,0139392
0,315;0,0132883
0,318;0,0125685
0,321;0,0117863
0,324;0,0109486
0,327;0,010063
0,33;0,00913777
0,333;0,00818141
0,336;0,00720288
0,339;0,0062114
0,342;0,0052164
0,345;0,0042274
0,348;0,00325393
0,351;0,00230548
0,354;0,00139132
0,357;0,000520494
0,36;0,000298305
0,363;0,00105682
0,366;0,00174732
0,369;0,00236265
0,372;0,00289634
0,375;0,00334264
0,378;0,0036966
0,381;0,00395413
0,384;0,00411201
0,387;0,00416798
0,39;0,00412072
0,393;0,0039699
0,396;0,00371619
0,399;0,00336123
0,402;0,00290767
0,405;0,00235911
0,408;0,00172009
0,411;0,000996064
0,414;0,000193333
0,417;0,000680995
0,42;0,00161907
0,423;0,00261237
0,426;0,00365178
0,429;0,00472767
0,432;0,00583
0,435;0,00694837
0,438;0,00807218
0,441;0,00919067
0,444;0,0102931
0,447;0,0113687
0,45;0,012407
0,453;0,0133977
0,456;0,0143309
0,459;0,0151974
0,462;0,0159881
0,465;0,016695
0,468;0,0173107
0,471;0,0178284
0,474;0,0182426
0,477;0,0185485
0,48;0,0187423
0,483;0,0188212
0,486;0,0187837
0,489;0,0186293
0,492;0,0183584
0,495;0,0179729
0,498;0,0174756
0,501;0,0168704
0,504;0,0161622
0,507;0,0153572
0,51;0,0144622
0,513;0,0134852
0,516;0,012435
0,519;0,0113211
0,522;0,0101537
0,525;0,00894356
0,528;0,00770201
0,531;0,00644072
0,534;0,00517166
0,537;0,00390694
0,54;0,00265874
0,543;0,00143918
0,546;0,000260164
0,549;0,000866667
0,552;0,0019301
0,555;0,00291945
0,558;0,00382465
0,561;0,00463637
0,564;0,00534612
0,567;0,0059463
0,57;0,00643031
0,573;0,00679263
0,576;0,00702886
0,579;0,00713576
0,582;0,00711134
0,585;0,00695482
0,588;0,0066667
0,591;0,00624876
0,594;0,00570401
0,597;0,00503672
0,6;0,00425237
0,603;0,0033576
0,606;0,00236015
0,609;0,00126883
0,612;9,33869e-05
0,615;0,00115552
0,618;0,00246647
0,621;0,00382734
0,624;0,00522545
0,627;0,00664766
0,63;0,0080805
0,633;0,0095103
0,636;0,0109233
0,639;0,0123058
0,642;0,0136444
0,645;0,0149257
0,648;0,0161372
0,651;0,0172665
0,654;0,0183024
0,657;0,019234
0,66;0,0200518
0,663;0,0207469
0,666;0,0213117
0,669;0,0217399
0,672;0,0220262
0,675;0,022167
0,678;0,0221596
0,681;0,0220031
0,684;0,0216978
0,687;0,0212455
0,69;0,0206495
0,693;0,0199143
0,696;0,0190461
0,699;0,018052
0,702;0,0169407
0,705;0,015722
0,708;0,0144067
0,711;0,0130068
0,714;0,0115349
0,717;0,0100049
0,72;0,00843073
0,723;0,00682734
0,726;0,00520987
0,729;0,00359373
0,732;0,00199445
0,735;0,000427501
0,738;0,00109182
0,741;0,00254856
0,744;0,00392827
0,747;0,00521712
0,75;0,00640203
0,753;0,00747085
0,756;0,00841244
0,759;0,00921678
0,762;0,00987511
0,765;0,01038
0,768;0,0107255
0,771;0,0109069
0,774;0,0109214
0,777;0,0107676
0,78;0,0104455
0,783;0,00995709
0,786;0,00930573
0,789;0,00849645
0,792;0,00753581
0,795;0,00643189
0,798;0,0051942
0,801;0,00383359
0,804;0,0023622
0,807;0,000793313
0,81;0,000858754
0,813;0,00257877
0,816;0,00435075
0,819;0,00615806
0,822;0,00798363
0,825;0,00981007
0,828;0,0116199
0,831;0,0133955
0,834;0,0151197
0,837;0,0167754
0,84;0,0183464
0,843;0,0198168
0,846;0,0211717
0,849;0,0223974
0,852;0,023481
0,855;0,024411
0,858;0,0251775
0,861;0,0257716
0,864;0,0261866
0,867;0,0264169
0,87;0,026459
0,873;0,0263111
0,876;0,0259731
0,879;0,0254468
0,882;0,0247359
0,885;0,0238457
0,888;0,0227835
0,891;0,0215582
0,894;0,0201802
0,897;0,0186617
0,9;0,0170161
0,903;0,0152582
0,906;0,0134042
0,909;0,0114711
0,912;0,00947675
0,915;0,00743993
0,918;0,00537985
0,921;0,00331611
0,924;0,00126849
0,927;0,000743236
0,93;0,00269947
0,933;0,00458102
0,936;0,00636926
0,939;0,0080463
0,942;0,0095952
0,945;0,0110001
0,948;0,0122465
0,951;0,0133211
0,954;0,0142124
0,957;0,0149103
0,96;0,0154068
0,963;0,0156955
0,966;0,0157721
0,969;0,0156342
0,972;0,0152816
0,975;0,0147159
0,978;0,013941
0,981;0,0129628
0,984;0,011789
0,987;0,0104295
0,99;0,00889592
0,993;0,00720163
0,996;0,00536168
0,999;0,00339264
1,002;0,00131243
1,005;0,000859832
1,008;0,00310399
1,011;0,00539904
1,014;0,00772334
1,017;0,0100548
1,02;0,0123711
1,023;0,0146499
1,026;0,016869
1,029;0,0190066
1,032;0,0210417
1,035;0,0229539
1,038;0,0247239
1,041;0,0263337
1,044;0,0277665
1,047;0,0290073
1,05;0,0300426
1,053;0,0308611
1,056;0,0314532
1,059;0,0318115
1,062;0,0319307
1,065;0,031808
1,068;0,0314426
1,071;0,0308362
1,074;0,0299928
1,077;0,0289187
1,08;0,0276225
1,083;0,0261149
1,086;0,0244087
1,089;0,022519
1,092;0,0204623
1,095;0,0182571
1,098;0,0159236
1,101;0,0134832
1,104;0,0109584
1,107;0,00837279
1,11;0,00575083
1,113;0,00311738
1,116;0,000497635
1,119;0,00208316
1,122;0,00459994
1,125;0,00702804
1,128;0,00934349
1,131;0,0115232
1,134;0,0135452
1,137;0,0153889
1,14;0,0170353
1,143;0,0184669
1,146;0,0196686
1,149;0,0206269
1,152;0,0213308
1,155;0,0217717
1,158;0,0219433
1,161;0,0218418
1,164;0,0214663
1,167;0,0208183
1,17;0,0199018
1,173;0,0187236
1,176;0,0172931
1,179;0,0156221
1,182;0,0137247
1,185;0,0116176
1,188;0,00931924
1,191;0,00685033
1,194;0,00423325
1,197;0,00149201
1,2;0,00134803
1,203;0,00426036
1,206;0,00721755
1,209;0,0101916
1,212;0,013154
1,215;0,0160763
1,218;0,0189301
1,221;0,0216875
1,224;0,0243214
1,227;0,0268053
1,23;0,0291145
1,233;0,0312254
1,236;0,0331162
1,239;0,034767
1,242;0,0361603
1,245;0,0372807
1,248;0,0381154
1,251;0,0386541
1,254;0,0388895
1,257;0,0388169
1,26;0,0384348
1,263;0,0377445
1,266;0,0367502
1,269;0,0354592
1,272;0,0338817
1,275;0,0320305
1,278;0,0299213
1,281;0,0275726
1,284;0,0250049
1,287;0,0222414
1,29;0,0193069
1,293;0,0162284
1,296;0,0130344
1,299;0,00975462
1,302;0,0064199
1,305;0,00306185
1,308;0,000287471
1,311;0,00359585
1,314;0,00683122
1,317;0,00996195
1,32;0,0129572
1,323;0,0157872
1,326;0,0184235
1,329;0,0208393
1,332;0,0230098
1,335;0,0249123
1,338;0,0265264
1,341;0,0278345
1,344;0,0288217
1,347;0,029476
1,35;0,0297887
1,353;0,0297542
1,356;0,0293702
1,359;0,0286376
1,362;0,0275609
1,365;0,0261478
1,368;0,0244093
1,371;0,0223596
1,374;0,0200161
1,377;0,0173989
1,38;0,0145312
1,383;0,0114385
1,386;0,00814894
1,389;0,00469246
1,392;0,00110103
1,395;0,00259191
1,398;0,00635167
1,401;0,0101427
1,404;0,0139287
1,407;0,0176735
1,41;0,0213407
1,413;0,0248946
1,416;0,0283001
1,419;0,0315234
1,422;0,0345323
1,425;0,0372962
1,428;0,0397866
1,431;0,0419777
1,434;0,0438461
1,437;0,0453714
1,44;0,0465364
1,443;0,0473271
1,446;0,0477331
1,449;0,0477476
1,452;0,0473675
1,455;0,0465934
1,458;0,0454298
1,461;0,0438848
1,464;0,0419704
1,467;0,0397022
1,47;0,0370993
1,473;0,0341841
1,476;0,0309822
1,479;0,0275221
1,482;0,0238352
1,485;0,0199551
1,488;0,0159176
1,491;0,0117603
1,494;0,00752203
1,497;0,00324302
1,5;0,001036
1,503;0,00527396
1,506;0,00942986
1,509;0,0134632
1,512;0,0173343
1,515;0,0210047
1,518;0,0244378
1,521;0,0275987
1,524;0,030455
1,527;0,0329771
1,53;0,0351381
1,533;0,0369146
1,536;0,0382865
1,539;0,0392377
1,542;0,0397558
1,545;0,0398325
1,548;0,0394638
1,551;0,0386497
1,554;0,0373949
1,557;0,0357078
1,56;0,0336015
1,563;0,031093
1,566;0,0282033
1,569;0,0249572
1,572;0,0213832
1,575;0,0175132
1,578;0,0133819
1,581;0,00902719
1,584;0,00448905
1,587;0,000190305
1,59;0,00496704
1,593;0,00979603
1,596;0,0146313
1,599;0,0194265
1,602;0,0241353
1,605;0,0287119
1,608;0,0331112
1,611;0,0372897
1,614;0,0412057
1,617;0,0448194
1,62;0,048094
1,623;0,0509955
1,626;0,053493
1,629;0,0555597
1,632;0,0571723
1,635;0,058312
1,638;0,0589642
1,641;0,0591189
1,644;0,0587709
1,647;0,0579196
1,65;0,0565696
1,653;0,0547298
1,656;0,0524143
1,659;0,0496416
1,662;0,046435
1,665;0,0428218
1,668;0,0388338
1,671;0,0345063
1,674;0,0298782
1,677;0,0249918
1,68;0,019892
1,683;0,0146261
1,686;0,00924337
1,689;0,00379467
1,692;0,00166823
1,695;0,007093
1,698;0,0124273
1,701;0,0176191
1,704;0,0226177
1,707;0,0273734
1,71;0,0318389
1,713;0,035969
1,716;0,0397216
1,719;0,0430577
1,722;0,0459422
1,725;0,0483439
1,728;0,0502361
1,731;0,0515968
1,734;0,0524089
1,737;0,0526604
1,74;0,0523446
1,743;0,0514603
1,746;0,0500116
1,749;0,0480081
1,752;0,0454649
1,755;0,0424022
1,758;0,0388456
1,761;0,0348254
1,764;0,0303767
1,767;0,0255389
1,77;0,0203555
1,773;0,0148737
1,776;0,00914376
1,779;0,00321889
1,782;0,00284556
1,785;0,00899242
1,788;0,0151633
1,791;0,0212992
1,794;0,0273408
1,797;0,0332296
1,8;0,0389077
1,803;0,0443191
1,806;0,0494098
1,809;0,0541285
1,812;0,0584271
1,815;0,0622611
1,818;0,0655902
1,821;0,0683785
1,824;0,0705952
1,827;0,0722147
1,83;0,0732169
1,833;0,0735875
1,836;0,073318
1,839;0,0724064
1,842;0,0708563
1,845;0,0686779
1,848;0,0658872
1,851;0,0625065
1,854;0,0585636
1,857;0,0540922
1,86;0,0491312
1,863;0,0437244
1,866;0,0379205
1,869;0,031772
1,872;0,0253355
1,875;0,0186704
1,878;0,0118391
1,881;0,00490584
1,884;0,00206356
1,887;0,00900247
1,89;0,0158441
1,893;0,0225219
1,896;0,0289706
1,899;0,0351266
1,902;0,0409285
1,905;0,046318
1,908;0,0512401
1,911;0,0556441
1,914;0,0594838
1,917;0,0627179
1,92;0,0653109
1,923;0,067233
1,926;0,0684606
1,929;0,0689766
1,932;0,0687708
1,935;0,0678396
1,938;0,0661864
1,941;0,0638216
1,944;0,0607625
1,947;0,0570332
1,95;0,0526644
1,953;0,0476931
1,956;0,0421626
1,959;0,0361217
1,962;0,0296245
1,965;0,0227298
1,968;0,0155009
1,971;0,00800457
1,974;0,000310819
1,977;0,00750803
1,98;0,0153779
1,983;0,0232235
1,986;0,0309695
1,989;0,0385407
1,992;0,0458631
1,995;0,0528644
1,998;0,0594752
2,001;0,0656288
2,004;0,0712628
2,007;0,0763192
2,01;0,0807449
2,013;0,0844928
2,016;0,0875217
2,019;0,089797
2,022;0,0912912
2,025;0,091984
2,028;0,0918627
2,031;0,0909222
2,034;0,0891653
2,037;0,0866028
2,04;0,083253
2,043;0,0791421
2,046;0,0743039
2,049;0,0687793
2,052;0,062616
2,055;0,0558684
2,058;0,0485969
2,061;0,0408671
2,064;0,03275
2,067;0,0243204
2,07;0,0156569
2,073;0,00684084
2,076;0,00204421
2,079;0,0109135
2,082;0,0196818
2,085;0,0282642
2,088;0,0365768
2,091;0,0445378
2,094;0,0520681
2,097;0,0590922
2,1;0,0655387
2,103;0,0713414
2,106;0,0764397
2,109;0,0807792
2,112;0,0843127
2,115;0,0869999
2,118;0,0888087
2,121;0,0897151
2,124;0,0897034
2,127;0,0887669
2,13;0,0869074
2,133;0,0841359
2,136;0,080472
2,139;0,075944
2,142;0,0705889
2,145;0,0644519
2,148;0,0575858
2,151;0,050051
2,154;0,0419149
2,157;0,0332509
2,16;0,0241383
2,163;0,014661
2,166;0,00490724
2,169;0,00503135
2,172;0,0150608
2,175;0,0250855
2,178;0,0350093
2,181;0,044736
2,184;0,0541708
2,187;0,0632209
2,19;0,0717966
2,193;0,0798118
2,196;0,0871853
2,199;0,0938415
2,202;0,0997111
2,205;0,104732
2,208;0,108849
2,211;0,112016
2,214;0,114195
2,217;0,115358
2,22;0,115487
2,223;0,114571
2,226;0,112612
2,229;0,109621
2,232;0,105618
2,235;0,100634
2,238;0,0947107
2,241;0,0878963
2,244;0,08025
2,247;0,0718388
2,25;0,0627376
2,253;0,0530287
2,256;0,0428005
2,259;0,0321473
2,262;0,0211683
2,265;0,00996615
2,268;0,00135313
2,271;0,0126818
2,274;0,0239112
2,277;0,0349327
2,28;0,0456391
2,283;0,055925
2,286;0,0656885
2,289;0,074832
2,292;0,083263
2,295;0,0908951
2,298;0,097649
2,301;0,103453
2,304;0,108245
2,307;0,11197
2,31;0,114584
2,313;0,116055
2,316;0,11636
2,319;0,115486
2,322;0,113433
2,325;0,110212
2,328;0,105845
2,331;0,100365
2,334;0,0938158
2,337;0,0862528
2,34;0,0777406
2,343;0,0683538
2,346;0,0581759
2,349;0,0472984
2,352;0,0358206
2,355;0,0238481
2,358;0,0114919
2,361;0,00113206
2,364;0,0139048
2,367;0,0267047
2,37;0,0394092
2,373;0,0518956
2,376;0,0640423
2,379;0,0757301
2,382;0,0868434
2,385;0,0972711
2,388;0,106908
2,391;0,115655
2,394;0,123422
2,397;0,130127
2,4;0,135698
2,403;0,140072
2,406;0,143197
2,409;0,145036
2,412;0,14556
2,415;0,144754
2,418;0,142616
2,421;0,139156
2,424;0,134398
2,427;0,128377
2,43;0,121141
2,433;0,112751
2,436;0,103279
2,439;0,0928063
2,442;0,0814271
2,445;0,0692434
2,448;0,056366
2,451;0,0429133
2,454;0,02901
2,457;0,0147862
2,46;0,000375916
2,463;0,0140838
2,466;0,0284546
2,469;0,0425978
2,472;0,0563759
2,475;0,0696538
2,478;0,0823004
2,481;0,0941894
2,484;0,105201
2,487;0,115222
2,49;0,12415
2,493;0,131891
2,496;0,13836
2,499;0,143487
2,502;0,147211
2,505;0,149487
2,508;0,150282
2,511;0,149576
2,514;0,147365
2,517;0,143659
2,52;0,138482
2,523;0,131873
2,526;0,123884
2,529;0,114581
2,532;0,104044
2,535;0,0923648
2,538;0,0796461
2,541;0,0660025
2,544;0,0515579
2,547;0,036445
2,55;0,0208037
2,553;0,00478019
2,556;0,0114746
2,559;0,0278065
2,562;0,0440592
2,565;0,060076
2,568;0,0757015
2,571;0,0907827
2,574;0,105171
2,577;0,118722
2,58;0,1313
2,583;0,142777
2,586;0,153034
2,589;0,161964
2,592;0,16947
2,595;0,17547
2,598;0,179895
2,601;0,18269
2,604;0,183816
2,607;0,183249
2,61;0,180983
2,613;0,177026
2,616;0,171403
2,619;0,164155
2,622;0,15534
2,625;0,14503
2,628;0,133314
2,631;0,120292
2,634;0,10608
2,637;0,0908052
2,64;0,0746063
2,643;0,0576317
2,646;0,0400385
2,649;0,0219909
2,652;0,00365856
2,655;0,0147845
2,658;0,0331623
2,661;0,0512976
2,664;0,0690147
2,667;0,0861403
2,67;0,102505
2,673;0,117947
2,676;0,132311
2,679;0,145449
2,682;0,157228
2,685;0,167523
2,688;0,176224
2,691;0,183236
2,694;0,188479
2,697;0,191888
2,7;0,193418
2,703;0,193039
2,706;0,19074
2,709;0,186529
2,712;0,180431
2,715;0,172492
2,718;0,162772
2,721;0,151353
2,724;0,13833
2,727;0,123816
2,73;0,10794
2,733;0,0908436
2,736;0,0726813
2,739;0,0536196
2,742;0,0338346
2,745;0,0135107
2,748;0,00716087
2,751;0,0279845
2,754;0,0487614
2,757;0,0692917
2,76;0,0893764
2,763;0,108819
2,766;0,127429
2,769;0,145021
2,772;0,161417
2,775;0,176453
2,778;0,189972
2,781;0,201834
2,784;0,211912
2,787;0,220096
2,79;0,226293
2,793;0,230428
2,796;0,232446
2,799;0,232312
2,802;0,23001
2,805;0,225546
2,808;0,218947
2,811;0,210259
2,814;0,199551
2,817;0,186908
2,82;0,17244
2,823;0,156269
2,826;0,138539
2,829;0,119408
2,832;0,0990486
2,835;0,0776475
2,838;0,0554019
2,841;0,0325191
2,844;0,00921374
2,847;0,0142935
2,85;0,0377785
2,853;0,0610158
2,856;0,0837802
2,859;0,10585
2,862;0,127007
2,865;0,147042
2,868;0,165755
2,871;0,182954
2,874;0,198465
2,877;0,212124
2,88;0,223787
2,883;0,233327
2,886;0,240636
2,889;0,245626
2,892;0,248233
2,895;0,248413
2,898;0,246146
2,901;0,241435
2,904;0,234307
2,907;0,224811
2,91;0,213022
2,913;0,199034
2,916;0,182966
2,919;0,164956
2,922;0,145161
2,925;0,123759
2,928;0,100942
2,931;0,0769195
2,934;0,0519121
2,937;0,0261527
2,94;0,000117184
2,943;0,0266492
2,946;0,0531907
2,949;0,0794869
2,952;0,105284
2,955;0,130329
2,958;0,154378
2,961;0,17719
2,964;0,198539
2,967;0,218208
2,97;0,235995
2,973;0,251715
2,976;0,265202
2,979;0,276309
2,982;0,284912
2,985;0,290909
2,988;0,294222
2,991;0,294799
2,994;0,292614
2,997;0,287667
3;0,279985
3,003;0,26962
3,006;0,256651
3,009;0,241184
3,012;0,223348
3,015;0,203295
3,018;0,181202
3,021;0,157265
3,024;0,131701
3,027;0,104741
3,03;0,0766343
3,033;0,0476421
3,036;0,0180358
3,039;0,011905
3,042;0,0418954
3,045;0,0716479
3,048;0,100875
3,051;0,129292
3,054;0,156621
3,057;0,18259
3,06;0,206939
3,063;0,229424
3,066;0,249813
3,069;0,267896
3,072;0,28348
3,075;0,296398
3,078;0,306505
3,081;0,313682
3,084;0,31784
3,087;0,318913
3,09;0,31687
3,093;0,311706
3,096;0,303447
3,099;0,292147
3,102;0,277894
3,105;0,260801
3,108;0,241011
3,111;0,218693
3,114;0,194043
3,117;0,167278
3,12;0,138641
3,123;0,108391
3,126;0,0768078
3,129;0,0441831
3,132;0,0108227
3,135;0,0229588
3,138;0,0568403
3,141;0,0904973
3,144;0,123605
3,147;0,155841
3,15;0,18689
3,153;0,216444
3,156;0,244209
3,159;0,269904
3,162;0,293267
3,165;0,314055
3,168;0,332051
3,171;0,347059
3,174;0,358913
3,177;0,367475
3,18;0,372638
3,183;0,374326
3,186;0,372498
3,189;0,367143
3,192;0,358287
3,195;0,345988
3,198;0,330337
3,201;0,311459
3,204;0,289512
3,207;0,264683
3,21;0,237187
3,213;0,207269
3,216;0,175197
3,219;0,141264
3,222;0,10578
3,225;0,0690744
3,228;0,0314905
3,231;0,0066177
3,234;0,0448883
3,237;0,0829553
3,24;0,120451
3,243;0,157013
3,246;0,192281
3,249;0,225907
3,252;0,257557
3,255;0,286912
3,258;0,313671
3,261;0,337559
3,264;0,358324
3,267;0,375743
3,27;0,389624
3,273;0,399807
3,276;0,406165
3,279;0,408608
3,282;0,407084
3,285;0,401577
3,288;0,392109
3,291;0,378741
3,294;0,361572
3,297;0,340738
3,3;0,31641
3,303;0,288797
3,306;0,258138
3,309;0,224704
3,312;0,188795
3,315;0,150737
3,318;0,110879
3,321;0,0695902
3,324;0,0272558
3,327;0,0157256
3,33;0,0589463
3,333;0,101993
3,336;0,144452
3,339;0,18591
3,342;0,225962
3,345;0,264213
3,348;0,300282
3,351;0,333806
3,354;0,364444
3,357;0,39188
3,36;0,415826
3,363;0,436025
3,366;0,452256
3,369;0,464332
3,372;0,472106
3,375;0,47547
3,378;0,47436
3,381;0,46875
3,384;0,458662
3,387;0,444157
3,39;0,425342
3,393;0,402364
3,396;0,375412
3,399;0,344716
3,402;0,31054
3,405;0,273187
3,408;0,232992
3,411;0,190317
3,414;0,145555
3,417;0,0991195
3,42;0,0514428
3,423;0,00297354
3,426;0,045829
3,429;0,0944988
3,432;0,142568
3,435;0,18957
3,438;0,235045
3,441;0,278546
3,444;0,319641
3,447;0,357915
3,45;0,39298
3,453;0,424476
3,456;0,452072
3,459;0,475475
3,462;0,494427
3,465;0,508714
3,468;0,518161
3,471;0,522643
3,474;0,522077
3,477;0,516431
3,48;0,505722
3,483;0,490012
3,486;0,469415
3,489;0,444092
3,492;0,414249
3,495;0,380139
3,498;0,342056
3,501;0,300337
3,504;0,255354
3,507;0,207514
3,51;0,157255
3,513;0,105041
3,516;0,0513572
3,519;0,00329085
3,522;0,0583863
3,525;0,113404
3,528;0,167814
3,531;0,221091
3,534;0,272713
3,537;0,322174
3,54;0,368981
3,543;0,412665
3,546;0,452784
3,549;0,488924
3,552;0,520709
3,555;0,5478
3,558;0,569902
3,561;0,586765
3,564;0,598186
3,567;0,604015
3,57;0,604154
3,573;0,598557
3,576;0,587235
3,579;0,570254
3,582;0,547733
3,585;0,519845
3,588;0,48682
3,591;0,448933
3,594;0,406512
3,597;0,35993
3,6;0,309602
3,603;0,255983
3,606;0,199563
3,609;0,140862
3,612;0,0804262
3,615;0,0188226
3,618;0,0433663
3,621;0,105548
3,624;0,167125
3,627;0,227502
3,63;0,286091
3,633;0,342314
3,636;0,395615
3,639;0,44546
3,642;0,491343
3,645;0,532794
3,648;0,569382
3,651;0,600719
3,654;0,626463
3,657;0,646325
3,66;0,660069
3,663;0,667518
3,666;0,668552
3,669;0,663111
3,672;0,6512
3,675;0,632883
3,678;0,608288
3,681;0,577602
3,684;0,541075
3,687;0,499012
3,69;0,451775
3,693;0,399779
3,696;0,343486
3,699;0,283403
3,702;0,22008
3,705;0,1541
3,708;0,0860746
3,711;0,0166426
3,714;0,0535406
3,717;0,123807
3,72;0,193482
3,723;0,261893
3,726;0,328374
3,729;0,392271
3,732;0,452951
3,735;0,509808
3,738;0,562266
3,741;0,609789
3,744;0,651883
3,747;0,688103
3,75;0,718055
3,753;0,741406
3,756;0,75788
3,759;0,767267
3,762;0,769423
3,765;0,764273
3,768;0,751811
3,771;0,7321
3,774;0,705275
3,777;0,671539
3,78;0,631163
3,783;0,584485
3,786;0,531905
3,789;0,473882
3,792;0,410933
3,795;0,343624
3,798;0,272569
3,801;0,19842
3,804;0,121867
3,807;0,0436255
3,81;0,0355656
3,813;0,114954
3,816;0,193778
3,819;0,271277
3,822;0,346697
3,825;0,419299
3,828;0,488363
3,831;0,553201
3,834;0,613157
3,837;0,667618
3,84;0,716021
3,843;0,757854
3,846;0,806242
3,849;0,860772
3,852;0,920965
3,855;0,986286
3,858;1,05615
3,861;1,12992
3,864;1,20691
3,867;1,28642
3,87;1,36769
3,873;1,44996
3,876;1,53245
3,879;1,61437
3,882;1,69493
3,885;1,77334
3,888;1,84884
3,891;1,92067
3,894;1,98813
3,897;2,05052
3,9;2,10722
3,903;2,15763
3,906;2,20122
3,909;2,23752
3,912;2,26614
3,915;2,28673
3,918;2,29903
3,921;2,30287
3,924;2,29815
3,927;2,28484
3,93;2,26301
3,933;2,2328
3,936;2,19443
3,939;2,14823
3,942;2,09456
3,945;2,03389
3,948;1,96674
3,951;1,89372
3,954;1,81547
3,957;1,73272
3,96;1,64621
3,963;1,55676
3,966;1,46519
3,969;1,37238
3,972;1,27919
3,975;1,18654
3,978;1,0953
3,981;1,00636
3,984;0,9206
3,987;0,838864
3,99;0,761966
3,993;0,690682
3,996;0,625738
3,999;0,55423
4,002;0,476794
4,005;0,394129
4,008;0,306988
4,011;0,216175
4,014;0,122532
4,017;0,0269374
4,02;0,0697058
4,023;0,166478
4,026;0,262451
4,029;0,356698
4,032;0,4483
4,035;0,536358
4,038;0,62
4,041;0,69839
4,044;0,770734
4,047;0,836293
4,05;0,894385
4,053;0,944396
4,056;0,985785
4,059;1,01809
4,062;1,04093
4,065;1,05401
4,068;1,05714
4,071;1,05021
4,074;1,0332
4,077;1,00621
4,08;0,969423
4,083;0,92311
4,086;0,867648
4,089;0,803498
4,092;0,731211
4,095;0,651419
4,098;0,56483
4,101;0,472224
4,104;0,374445
4,107;0,272392
4,11;0,167011
4,113;0,0592903
4,116;0,0497547
4,119;0,159087
4,122;0,26766
4,125;0,374424
4,128;0,478342
4,131;0,578394
4,134;0,67359
4,137;0,76298
4,14;0,84566
4,143;0,934364
4,146;1,02828
4,149;1,12656
4,152;1,22828
4,155;1,33249
4,158;1,43822
4,161;1,54446
4,164;1,65019
4,167;1,75439
4,17;1,85606
4,173;1,9542
4,176;2,04783
4,179;2,13603
4,182;2,2179
4,185;2,29262
4,188;2,35941
4,191;2,41757
4,194;2,46648
4,197;2,50559
4,2;2,53446
4,203;2,55273
4,206;2,56015
4,209;2,55656
4,212;2,54191
4,215;2,51626
4,218;2,47977
4,221;2,43271
4,224;2,37545
4,227;2,30847
4,23;2,23232
4,233;2,14769
4,236;2,0553
4,239;1,95599
4,242;1,85067
4,245;1,74029
4,248;1,62587
4,251;1,50849
4,254;1,38926
4,257;1,26929
4,26;1,14973
4,263;1,03175
4,266;0,916472
4,269;0,805035
4,272;0,698536
4,275;0,598034
4,278;0,490964
4,281;0,378303
4,284;0,261091
4,287;0,140418
4,29;0,0174157
4,293;0,106752
4,296;0,230902
4,299;0,353843
4,302;0,474385
4,305;0,591352
4,308;0,703595
4,311;0,810001
4,314;0,909502
4,317;1,00109
4,32;1,08383
4,323;1,15686
4,326;1,2194
4,329;1,27077
4,332;1,3104
4,335;1,33781
4,338;1,35265
4,341;1,35468
4,344;1,34379
4,347;1,31998
4,35;1,28338
4,353;1,23424
4,356;1,17294
4,359;1,09998
4,362;1,01598
4,365;0,921638
4,368;0,8178
4,371;0,705386
4,374;0,585409
4,377;0,458964
4,38;0,327215
4,383;0,191388
4,386;0,0527543
4,389;0,0873754
4,392;0,227668
4,395;0,366777
4,398;0,503359
4,401;0,636083
4,404;0,763645
4,407;0,884783
4,41;1,01186
4,413;1,1437
4,416;1,27908
4,419;1,41672
4,422;1,55532
4,425;1,69355
4,428;1,83009
4,431;1,96361
4,434;2,0928
4,437;2,21641
4,44;2,33318
4,443;2,44196
4,446;2,54163
4,449;2,63118
4,452;2,70965
4,455;2,77623
4,458;2,83017
4,461;2,87087
4,464;2,89782
4,467;2,91068
4,47;2,9092
4,473;2,8933
4,476;2,86301
4,479;2,81852
4,482;2,76015
4,485;2,68835
4,488;2,60371
4,491;2,50694
4,494;2,39889
4,497;2,28049
4,5;2,15282
4,503;2,01702
4,506;1,87434
4,509;1,72609
4,512;1,57366
4,515;1,41847
4,518;1,26201
4,521;1,10575
4,524;0,951197
4,527;0,799854
4,53;0,653196
4,533;0,512665
4,536;0,36608
4,539;0,214804
4,542;0,0602522
4,545;0,0961163
4,548;0,252814
4,551;0,408339
4,554;0,56119
4,557;0,709879
4,56;0,852947
4,563;0,988977
4,566;1,11661
4,569;1,23456
4,572;1,34161
4,575;1,43667
4,578;1,51872
4,581;1,58687
4,584;1,64037
4,587;1,6786
4,59;1,70107
4,593;1,70744
4,596;1,69753
4,599;1,67131
4,602;1,62891
4,605;1,57062
4,608;1,49686
4,611;1,40825
4,614;1,3055
4,617;1,1895
4,62;1,06127
4,623;0,921934
4,626;0,772754
4,629;0,615086
4,632;0,450379
4,635;0,28016
4,638;0,106021
4,641;0,070395
4,644;0,247413
4,647;0,423337
4,65;0,59647
4,653;0,76513
4,656;0,927662
4,659;1,09604
4,662;1,26868
4,665;1,44397
4,668;1,62025
4,671;1,79582
4,674;1,969
4,677;2,13811
4,68;2,30148
4,683;2,45752
4,686;2,60467
4,689;2,74144
4,692;2,86644
4,695;2,97839
4,698;3,07612
4,701;3,15856
4,704;3,22483
4,707;3,27415
4,71;3,30593
4,713;3,31972
4,716;3,31526
4,719;3,29246
4,722;3,25139
4,725;3,1923
4,728;3,11563
4,731;3,02199
4,734;2,91213
4,737;2,78699
4,74;2,64767
4,743;2,49537
4,746;2,33148
4,749;2,15747
4,752;1,97494
4,755;1,78558
4,758;1,59115
4,761;1,39348
4,764;1,19444
4,767;0,995934
4,77;0,799873
4,773;0,608156
4,776;0,422656
4,779;0,231625
4,782;0,0368557
4,785;0,159812
4,788;0,356503
4,791;0,551331
4,794;0,74241
4,797;0,927878
4,8;1,10591
4,803;1,27475
4,806;1,43269
4,809;1,57814
4,812;1,70961
4,815;1,82573
4,818;1,92528
4,821;2,00716
4,824;2,07045
4,827;2,11442
4,83;2,13848
4,833;2,14226
4,836;2,12557
4,839;2,08841
4,842;2,03098
4,845;1,95368
4,848;1,8571
4,851;1,74203
4,854;1,60942
4,857;1,46041
4,86;1,29632
4,863;1,11859
4,866;0,928846
4,869;0,728803
4,872;0,520306
4,875;0,305294
4,878;0,0857808
4,881;0,136161
4,884;0,358418
4,887;0,578861
4,89;0,795358
4,893;1,0058
4,896;1,2217
4,899;1,44103
4,902;1,6617
4,905;1,88161
4,908;2,09863
4,911;2,31068
4,914;2,51567
4,917;2,71157
4,92;2,89645
4,923;3,06844
4,926;3,22579
4,929;3,36688
4,932;3,49024
4,935;3,59454
4,938;3,67864
4,941;3,74157
4,944;3,78258
4,947;3,8011
4,95;3,79678
4,953;3,7695
4,956;3,71933
4,959;3,64658
4,962;3,55179
4,965;3,4357
4,968;3,29925
4,971;3,14361
4,974;2,97011
4,977;2,7803
4,98;2,57587
4,983;2,35867
4,986;2,13069
4,989;1,89403
4,992;1,6509
4,995;1,40359
4,998;1,15444
5,001;0,905829
5,004;0,660143
5,007;0,419764
5,01;0,173466
5,013;0,0764335
5,016;0,327562
5,019;0,577518
5,022;0,823893
5,025;1,0643
5,028;1,29637
5,031;1,51783
5,034;1,72646
5,037;1,92017
5,04;2,09698
5,043;2,25507
5,046;2,39277
5,049;2,50861
5,052;2,60132
5,055;2,66982
5,058;2,71327
5,061;2,73107
5,064;2,72285
5,067;2,6885
5,07;2,62813
5,073;2,54214
5,076;2,43116
5,079;2,29606
5,082;2,13795
5,085;1,95818
5,088;1,75831
5,091;1,5401
5,094;1,30551
5,097;1,05667
5,1;0,795864
5,103;0,525495
5,106;0,248091
5,109;0,0337404
5,112;0,317326
5,115;0,599957
5,118;0,878912
5,121;1,15149
5,124;1,42859
5,127;1,7076
5,13;1,98585
5,133;2,26066
5,136;2,52937
5,139;2,78936
5,142;3,03805
5,145;3,27299
5,148;3,4918
5,151;3,69226
5,154;3,87232
5,157;4,03008
5,16;4,16387
5,163;4,27221
5,166;4,35387
5,169;4,40788
5,172;4,43348
5,175;4,43024
5,178;4,39795
5,181;4,33671
5,184;4,24689
5,187;4,12912
5,19;3,98434
5,193;3,81371
5,196;3,61869
5,199;3,40096
5,202;3,16245
5,205;2,90527
5,208;2,63176
5,211;2,34441
5,214;2,04589
5,217;1,73898
5,22;1,42655
5,223;1,11156
5,226;0,797024
5,229;0,485957
5,232;0,181373
5,235;0,127331
5,238;0,437222
5,241;0,745334
5,244;1,0487
5,247;1,34436
5,25;1,62943
5,253;1,90109
5,256;2,15662
5,259;2,39346
5,262;2,60918
5,265;2,80156
5,268;2,96857
5,271;3,10841
5,274;3,21954
5,277;3,30067
5,28;3,35079
5,283;3,36919
5,286;3,35545
5,289;3,30946
5,292;3,23141
5,295;3,12181
5,298;2,98147
5,301;2,8115
5,304;2,61332
5,307;2,38861
5,31;2,13932
5,313;1,86766
5,316;1,57607
5,319;1,2672
5,322;0,943884
5,325;0,609109
5,328;0,266007
5,331;0,0821928
5,334;0,432186
5,337;0,780627
5,34;1,12416
5,343;1,47302
5,346;1,82391
5,349;2,17346
5,352;2,51832
5,355;2,85514
5,358;3,18062
5,361;3,49156
5,364;3,78485
5,367;4,05755
5,37;4,30688
5,373;4,53027
5,376;4,72538
5,379;4,89013
5,382;5,02269
5,385;5,12156
5,388;5,18552
5,391;5,21371
5,394;5,20556
5,397;5,1609
5,4;5,07986
5,403;4,96296
5,406;4,81103
5,409;4,62528
5,412;4,40722
5,415;4,15871
5,418;3,8819
5,421;3,57924
5,424;3,25342
5,427;2,90741
5,43;2,54437
5,433;2,16766
5,436;1,78079
5,439;1,3874
5,442;0,991211
5,445;0,596007
5,448;0,205592
5,451;0,189828
5,454;0,586495
5,457;0,980609
5,46;1,36837
5,463;1,746
5,466;2,10981
5,469;2,45619
5,472;2,78169
5,475;3,08302
5,478;3,3571
5,481;3,60111
5,484;3,81246
5,487;3,98888
5,49;4,12842
5,493;4,22944
5,496;4,2907
5,499;4,31129
5,502;4,29072
5,505;4,22886
5,508;4,126
5,511;3,98281
5,514;3,80036
5,517;3,5801
5,52;3,32386
5,523;3,03384
5,526;2,71254
5,529;2,36283
5,532;1,98784
5,535;1,59098
5,538;1,1759
5,541;0,746432
5,544;0,306601
5,547;0,139452
5,55;0,587492
5,553;1,03323
5,556;1,47238
5,559;1,91424
5,562;2,3546
5,565;2,78921
5,568;3,21387
5,571;3,6244
5,574;4,01678
5,577;4,38709
5,58;4,73161
5,583;5,04684
5,586;5,32953
5,589;5,57672
5,592;5,78576
5,595;5,95436
5,598;6,08059
5,601;6,16292
5,604;6,20023
5,607;6,19181
5,61;6,13739
5,613;6,03716
5,616;5,89172
5,619;5,70213
5,622;5,46987
5,625;5,19684
5,628;4,88537
5,631;4,53814
5,634;4,15822
5,637;3,749
5,64;3,3142
5,643;2,85779
5,646;2,38399
5,649;1,89721
5,652;1,40204
5,655;0,90315
5,658;0,405315
5,661;0,0866818
5,664;0,581649
5,667;1,07486
5,67;1,56156
5,673;2,03703
5,676;2,49663
5,679;2,93581
5,682;3,35022
5,685;3,73567
5,688;4,08825
5,691;4,40433
5,694;4,6806
5,697;4,91409
5,7;5,10225
5,703;5,24292
5,706;5,33439
5,709;5,3754
5,712;5,36519
5,715;5,30346
5,718;5,19041
5,721;5,02674
5,724;4,81363
5,727;4,55276
5,73;4,24625
5,733;3,89672
5,736;3,50719
5,739;3,08109
5,742;2,62224
5,745;2,13479
5,748;1,6232
5,751;1,09221
5,754;0,546765
5,757;0,00801401
5,76;0,566869
5,763;1,12447
5,766;1,67544
5,769;2,22803
5,772;2,77695
5,775;3,31689
5,778;3,8426
5,781;4,34894
5,784;4,83088
5,787;5,28363
5,79;5,7026
5,793;6,08353
5,796;6,42247
5,799;6,71583
5,802;6,96047
5,805;7,15366
5,808;7,29315
5,811;7,37721
5,814;7,40459
5,817;7,37461
5,82;7,28712
5,823;7,14252
5,826;6,94177
5,829;6,68636
5,832;6,37833
5,835;6,02025
5,838;5,61516
5,841;5,1666
5,844;4,67855
5,847;4,15538
5,85;3,60186
5,853;3,02307
5,856;2,42437
5,859;1,81136
5,862;1,18981
5,865;0,565633
5,868;0,0552076
5,871;0,6803
5,874;1,30368
5,877;1,91934
5,88;2,52132
5,883;3,10373
5,886;3,66084
5,889;4,1871
5,892;4,67722
5,895;5,12624
5,898;5,52952
5,901;5,88284
5,904;6,18244
5,907;6,42503
5,91;6,60784
5,913;6,72867
5,916;6,78589
5,919;6,77846
5,922;6,70597
5,925;6,56861
5,928;6,36722
5,931;6,10323
5,934;5,7787
5,937;5,3963
5,94;4,95925
5,943;4,47134
5,946;3,93685
5,949;3,36058
5,952;2,74772
5,955;2,1039
5,958;1,43504
5,961;0,747393
5,964;0,0474065
5,967;0,658292
5,97;1,36297
5,973;2,05986
5,976;2,75578
5,979;3,44404
5,982;4,11799
5,985;4,77104
5,988;5,39676
5,991;5,98895
5,994;6,54165
5,997;7,04926
6;7,50658
6,003;7,90882
6,006;8,2517
6,009;8,53149
6,012;8,74501
6,015;8,88972
6,018;8,9637
6,021;8,9657
6,024;8,89516
6,027;8,7522
6,03;8,53765
6,033;8,25302
6,036;7,9005
6,039;7,48298
6,042;7,00396
6,045;6,46758
6,048;5,87854
6,051;5,24211
6,054;4,56402
6,057;3,85048
6,06;3,10807
6,063;2,34369
6,066;1,56451
6,069;0,777908
6,072;0,00863008
6,075;0,78755
6,078;1,56489
6,081;2,33318
6,084;3,08498
6,087;3,81294
6,09;4,50989
6,093;5,1689
6,096;5,78337
6,099;6,34704
6,102;6,85414
6,105;7,29935
6,108;7,67794
6,111;7,98576
6,114;8,21931
6,117;8,3758
6,12;8,45314
6,123;8,44998
6,126;8,36574
6,129;8,20061
6,132;7,95556
6,135;7,63234
6,138;7,23346
6,141;6,76217
6,144;6,22244
6,147;5,61894
6,15;4,95698
6,153;4,24246
6,156;3,48184
6,159;2,68209
6,162;1,85057
6,165;0,995028
6,168;0,123497
6,171;0,75578
6,174;1,63442
6,177;2,51756
6,18;3,39676
6,183;4,26354
6,186;5,10949
6,189;5,92633
6,192;6,706
6,195;7,44074
6,198;8,12313
6,201;8,74625
6,204;9,30365
6,207;9,78948
6,21;10,1985
6,213;10,5263
6,216;10,769
6,219;10,9237
6,222;10,9883
6,225;10,9613
6,228;10,8424
6,231;10,6321
6,234;10,3315
6,237;9,94307
6,24;9,46971
6,243;8,91536
6,246;8,28471
6,249;7,58325
6,252;6,81718
6,255;5,99335
6,258;5,11924
6,261;4,20285
6,264;3,25266
6,267;2,27754
6,27;1,28666
6,273;0,289405
6,276;0,704693
6,279;1,69965
6,282;2,68591
6,285;3,65394
6,288;4,59432
6,291;5,4978
6,294;6,35544
6,297;7,15864
6,3;7,89929
6,303;8,5698
6,306;9,1632
6,309;9,6732
6,312;10,0943
6,315;10,4217
6,318;10,6517
6,321;10,7812
6,324;10,8082
6,327;10,7318
6,33;10,5518
6,333;10,2692
6,336;9,88595
6,339;9,40494
6,342;8,83005
6,345;8,16609
6,348;7,41875
6,351;6,59458
6,354;5,70089
6,357;4,74575
6,36;3,73786
6,363;2,68649
6,366;1,60139
6,369;0,492747
6,372;0,628993
6,375;1,75316
6,378;2,86897
6,381;3,97923
6,384;5,07325
6,387;6,14039
6,39;7,1702
6,393;8,15252
6,396;9,07755
6,399;9,93598
6,402;10,7191
6,405;11,4187
6,408;12,0276
6,411;12,5391
6,414;12,9477
6,417;13,2485
6,42;13,438
6,423;13,5135
6,426;13,4733
6,429;13,3169
6,432;13,045
6,435;12,6594
6,438;12,1628
6,441;11,5592
6,444;10,8535
6,447;10,0518
6,45;9,16105
6,453;8,18906
6,456;7,14459
6,459;6,0371
6,462;4,87675
6,465;3,67428
6,468;2,44091
6,471;1,18825
6,474;0,071833
6,477;1,32729
6,48;2,5796
6,483;3,81673
6,486;5,02669
6,489;6,19765
6,492;7,31808
6,495;8,37683
6,498;9,36327
6,501;10,2674
6,504;11,0799
6,507;11,7922
6,51;12,3969
6,513;12,8871
6,516;13,2575
6,519;13,5034
6,522;13,6217
6,525;13,6102
6,528;13,4679
6,531;13,1954
6,534;12,7942
6,537;12,2671
6,54;11,6184
6,543;10,8533
6,546;9,97817
6,549;9,0007
6,552;7,92947
6,555;6,77404
6,558;5,54485
6,561;4,25316
6,564;2,91089
6,567;1,53053
6,57;0,12505
6,573;1,29225
6,576;2,70785
6,579;4,12172
6,582;5,52028
6,585;6,89
6,588;8,21749
6,591;9,48969
6,594;10,694
6,597;11,8183
6,6;12,8512
6,603;13,782
6,606;14,6012
6,609;15,2999
6,612;15,8706
6,615;16,3068
6,618;16,6032
6,621;16,756
6,624;16,7627
6,627;16,6219
6,63;16,3341
6,633;15,9008
6,636;15,325
6,639;14,6113
6,642;13,7654
6,645;12,7944
6,648;11,7067
6,651;10,5119
6,654;9,22059
6,657;7,84447
6,66;6,3961
6,663;4,88884
6,666;3,3367
6,669;1,75424
6,672;0,156434
6,675;1,44151
6,678;3,03782
6,681;4,61717
6,684;6,16425
6,687;7,66398
6,69;9,1016
6,693;10,4628
6,696;11,734
6,699;12,9023
6,702;13,9557
6,705;14,8831
6,708;15,6748
6,711;16,3221
6,714;16,8177
6,717;17,1556
6,72;17,3315
6,723;17,3424
6,726;17,187
6,729;16,8655
6,732;16,3797
6,735;15,733
6,738;14,9304
6,741;13,9784
6,744;12,8851
6,747;11,6598
6,75;10,3134
6,753;8,85776
6,756;7,30611
6,759;5,67258
6,762;3,97225
6,765;2,22093
6,768;0,435035
6,771;1,36854
6,774;3,17262
6,777;4,97347
6,78;6,75378
6,783;8,49629
6,786;10,184
6,789;11,8003
6,792;13,329
6,795;14,755
6,798;16,0637
6,801;17,2416
6,804;18,2764
6,807;19,1572
6,81;19,8743
6,813;20,4195
6,816;20,7864
6,819;20,97
6,822;20,9673
6,825;20,7767
6,828;20,3987
6,831;19,8356
6,834;19,0912
6,837;18,1715
6,84;17,0838
6,843;15,8374
6,846;14,4429
6,849;12,9127
6,852;11,2605
6,855;9,50109
6,858;7,65062
6,861;5,72616
6,864;3,7456
6,867;1,72756
6,87;0,3089
6,873;2,34436
6,876;4,37284
6,879;6,37482
6,882;8,33089
6,885;10,2219
6,888;12,0292
6,891;13,7349
6,894;15,3217
6,897;16,7735
6,9;18,0755
6,903;19,2138
6,906;20,1764
6,909;20,9527
6,912;21,5338
6,915;21,9127
6,918;22,0842
6,921;22,045
6,924;21,7939
6,927;21,3318
6,93;20,6615
6,933;19,7877
6,936;18,7175
6,939;17,4594
6,942;16,0243
6,945;14,4245
6,948;12,6741
6,951;10,7888
6,954;8,78567
6,957;6,68304
6,96;4,50033
6,963;2,25789
6,966;0,023197
6,969;2,32134
6,972;4,6146
6,975;6,8945
6,978;9,13905
6,981;11,3264
6,984;13,4352
6,987;15,4446
6,99;17,3345
6,993;19,0858
6,996;20,6807
6,999;22,1028
7,002;23,3369
7,005;24,3699
7,008;25,1904
7,011;25,7887
7,014;26,1576
7,017;26,2916
7,02;26,1878
7,023;25,8453
7,026;25,2656
7,029;24,4525
7,032;23,4119
7,035;22,1522
7,038;20,6838
7,041;19,0191
7,044;17,1728
7,047;15,161
7,05;13,002
7,053;10,7152
7,056;8,32169
7,059;5,84361
7,062;3,30411
7,065;0,727109
7,068;1,86295
7,071;4,44129
7,074;6,99666
7,077;9,50434
7,08;11,9399
7,083;14,2794
7,086;16,4997
7,089;18,5785
7,092;20,4948
7,095;22,229
7,098;23,7631
7,101;25,0807
7,104;26,1677
7,107;27,0117
7,11;27,603
7,113;27,9338
7,116;27,999
7,119;27,7959
7,122;27,3246
7,125;26,5874
7,128;25,5895
7,131;24,3383
7,134;22,8441
7,137;21,1193
7,14;19,1787
7,143;17,0393
7,146;14,7201
7,149;12,242
7,152;9,62766
7,155;6,90107
7,158;4,08758
7,161;1,21352
7,164;1,69396
7,167;4,60721
7,17;7,51189
7,173;10,38
7,176;13,1839
7,179;15,8959
7,182;18,4895
7,185;20,9388
7,188;23,2193
7,191;25,3077
7,194;27,1825
7,197;28,8241
7,2;30,215
7,203;31,3399
7,206;32,186
7,209;32,7431
7,212;33,0035
7,215;32,9627
7,218;32,6186
7,221;31,9722
7,224;31,0276
7,227;29,7914
7,23;28,2733
7,233;26,4858
7,236;24,4439
7,239;22,1654
7,242;19,6702
7,245;16,9808
7,248;14,1215
7,251;11,1183
7,254;7,99915
7,257;4,79298
7,26;1,52995
7,263;1,75906
7,266;5,04267
7,269;8,30288
7,272;11,5082
7,275;14,6275
7,278;17,6302
7,281;20,4864
7,284;23,1678
7,287;25,6472
7,29;27,8993
7,293;29,9008
7,296;31,6304
7,299;33,0697
7,302;34,2024
7,305;35,0155
7,308;35,4987
7,311;35,6448
7,314;35,45
7,317;34,9133
7,32;34,0375
7,323;32,8284
7,326;31,295
7,329;29,4495
7,332;27,3074
7,335;24,8869
7,338;22,2091
7,341;19,2979
7,344;16,1793
7,347;12,8818
7,35;9,43562
7,353;5,87273
7,356;2,22645
7,359;1,46886
7,362;5,17809
7,365;8,87931
7,368;12,5369
7,371;16,1155
7,374;19,5801
7,377;22,8965
7,38;26,0319
7,383;28,9547
7,386;31,6353
7,389;34,046
7,392;36,1617
7,395;37,9599
7,398;39,4209
7,401;40,528
7,404;41,268
7,407;41,6309
7,41;41,6105
7,413;41,2039
7,416;40,4122
7,419;39,2401
7,422;37,6958
7,425;35,7915
7,428;33,5426
7,431;30,9681
7,434;28,0903
7,437;24,9344
7,44;21,5287
7,443;17,9039
7,446;14,0933
7,449;10,1319
7,452;6,05658
7,455;1,90571
7,458;2,28149
7,461;6,4651
7,464;10,6185
7,467;14,7016
7,47;18,6746
7,473;22,4987
7,476;26,1359
7,479;29,5498
7,482;32,7061
7,485;35,5725
7,488;38,1193
7,491;40,3195
7,494;42,1494
7,497;43,5887
7,5;44,6205
7,503;45,2318
7,506;45,4137
7,509;45,161
7,512;44,4729
7,515;43,3527
7,518;41,8079
7,521;39,8501
7,524;37,4948
7,527;34,7618
7,53;31,6744
7,533;28,2594
7,536;24,5474
7,539;20,5715
7,542;16,3679
7,545;11,9754
7,548;7,43453
7,551;2,78788
7,554;1,92079
7,557;6,64674
7,56;11,3583
7,563;16,0102
7,566;20,5572
7,569;24,9549
7,572;29,16
7,575;33,1307
7,578;36,827
7,581;40,2113
7,584;43,2489
7,587;45,9078
7,59;48,1598
7,593;49,9801
7,596;51,3479
7,599;52,2466
7,602;52,6642
7,605;52,5928
7,608;52,0296
7,611;50,976
7,614;49,4387
7,617;47,4285
7,62;44,9613
7,623;42,0571
7,626;38,7407
7,629;35,0407
7,632;30,9897
7,635;26,6239
7,638;21,9828
7,641;17,109
7,644;12,0474
7,647;6,84515
7,65;1,55119
7,653;3,78439
7,656;9,11068
7,659;14,39
7,662;19,5715
7,665;24,6044
7,668;29,4395
7,671;34,0288
7,674;38,3263
7,677;42,2886
7,68;45,8752
7,683;49,0486
7,686;51,7754
7,689;54,0259
7,692;55,7749
7,695;57,0019
7,698;57,691
7,701;57,8316
7,704;57,4181
7,707;56,4504
7,71;54,9334
7,713;52,8776
7,716;50,2986
7,719;47,2172
7,722;43,6592
7,725;39,6551
7,728;35,2399
7,731;30,4529
7,734;25,3372
7,737;19,9395
7,74;14,3095
7,743;8,49928
7,746;2,56341
7,749;3,44211
7,752;9,46016
7,755;15,4467
7,758;21,3439
7,761;27,0945
7,764;32,6423
7,767;37,9323
7,77;42,9119
7,773;47,531
7,776;51,7423
7,779;55,5025
7,782;58,7719
7,785;61,5154
7,788;63,7028
7,791;65,3088
7,794;66,3135
7,797;66,7028
7,8;66,4681
7,803;65,6072
7,806;64,1233
7,809;62,0261
7,812;59,3311
7,815;56,0595
7,818;52,2383
7,821;47,9002
7,824;43,0827
7,827;37,8286
7,83;32,1849
7,833;26,2028
7,836;19,9372
7,839;13,4462
7,842;6,79018
7,845;0,031945
7,848;6,76444
7,851;13,5476
7,854;20,2523
7,857;26,8137
7,86;33,1675
7,863;39,2513
7,866;45,0046
7,869;50,3696
7,872;55,2919
7,875;59,7209
7,878;63,6102
7,881;66,9186
7,884;69,6097
7,887;71,6531
7,89;73,0242
7,893;73,7048
7,896;73,6831
7,899;72,9539
7,902;71,5188
7,905;69,3863
7,908;66,5716
7,911;63,0965
7,914;58,9892
7,917;54,2846
7,92;49,0231
7,923;43,2511
7,926;37,02
7,929;30,3863
7,932;23,4105
7,935;16,157
7,938;8,69335
7,941;1,08958
7,944;6,58238
7,947;14,2494
7,95;21,8514
7,953;29,3149
7,956;36,5672
7,959;43,5371
7,962;50,1556
7,965;56,3563
7,968;62,0767
7,971;67,2581
7,974;71,8468
7,977;75,7941
7,98;79,0572
7,983;81,5998
7,986;83,3918
7,989;84,4104
7,992;84,6399
7,995;84,0722
7,998;82,7065
8,001;80,55
8,004;77,6173
8,007;73,9307
8,01;69,5199
8,013;64,4217
8,016;58,6798
8,019;52,3444
8,022;45,472
8,025;38,1242
8,028;30,3682
8,031;22,2751
8,034;13,9203
8,037;5,38177
8,04;3,25976
8,043;11,9222
8,046;20,536
8,049;29,0182
8,052;37,2864
8,055;45,2595
8,058;52,8588
8,061;60,0085
8,064;66,6365
8,067;72,6752
8,07;78,0622
8,073;82,7408
8,076;86,6607
8,079;89,7786
8,082;92,0583
8,085;93,4716
8,088;93,9984
8,091;93,6269
8,094;92,3538
8,097;90,1846
8,1;87,1331
8,103;83,222
8,106;78,4823
8,109;72,9532
8,112;66,6819
8,115;59,7227
8,118;52,1375
8,121;43,9941
8,124;35,3665
8,127;26,3339
8,13;16,98
8,133;7,39195
8,136;2,33983
8,139;12,123
8,142;21,8777
8,145;31,51
8,148;40,9266
8,151;50,0353
8,154;58,7464
8,157;66,9733
8,16;74,6333
8,163;81,6485
8,166;87,9467
8,169;93,462
8,172;98,1355
8,175;101,916
8,178;104,76
8,181;106,634
8,184;107,512
8,187;107,378
8,19;106,225
8,193;104,058
8,196;100,888
8,199;96,7397
8,202;91,6445
8,205;85,6443
8,208;78,7898
8,211;71,1404
8,214;62,7633
8,217;53,7336
8,22;44,133
8,223;34,0492
8,226;23,5754
8,229;12,8092
8,232;1,85174
8,235;9,19328
8,238;20,2205
8,241;31,1374
8,244;41,8385
8,247;52,2193
8,25;62,1777
8,253;71,615
8,256;80,4366
8,259;88,5531
8,262;95,8812
8,265;102,345
8,268;107,875
8,271;112,411
8,274;115,903
8,277;118,309
8,28;119,598
8,283;119,748
8,286;118,75
8,289;116,604
8,292;113,323
8,295;108,929
8,298;103,456
8,301;96,9478
8,304;89,4598
8,307;81,0562
8,31;71,8107
8,313;61,8056
8,316;51,1311
8,319;39,8848
8,322;28,1701
8,325;16,0961
8,328;3,77578
8,331;8,67432
8,334;21,1357
8,337;33,5024
8,34;45,655
8,343;57,4751
8,346;68,8469
8,349;79,6576
8,352;89,7994
8,355;99,1696
8,358;107,673
8,361;115,22
8,364;121,732
8,367;127,139
8,37;131,379
8,373;134,404
8,376;136,176
8,379;136,667
8,382;135,863
8,385;133,762
8,388;130,375
8,391;125,724
8,394;119,844
8,397;112,783
8,4;104,599
8,403;95,3614
8,406;85,1521
8,409;74,0612
8,412;62,1885
8,415;49,6422
8,418;36,5374
8,421;22,9958
8,424;9,14398
8,427;4,88735
8,43;18,9649
8,433;32,9674
8,436;46,7599
8,439;60,2084
8,442;73,1812
8,445;85,5501
8,448;97,1918
8,451;107,989
8,454;117,832
8,457;126,618
8,46;134,256
8,463;140,662
8,466;145,768
8,469;149,512
8,472;151,85
8,475;152,748
8,478;152,187
8,481;150,16
8,484;146,677
8,487;141,759
8,49;135,442
8,493;127,778
8,496;118,829
8,499;108,671
8,502;97,3923
8,505;85,0933
8,508;71,884
8,511;57,8843
8,514;43,2226
8,517;28,0345
8,52;12,462
8,523;3,34844
8,526;19,2468
8,529;35,0948
8,532;50,7398
8,535;66,0302
8,538;80,8163
8,541;94,9525
8,544;108,298
8,547;120,719
8,55;132,089
8,553;142,291
8,556;151,218
8,559;158,774
8,562;164,877
8,565;169,458
8,568;172,459
8,571;173,842
8,574;173,58
8,577;171,662
8,58;168,096
8,583;162,903
8,586;156,119
8,589;147,799
8,592;138,011
8,595;126,836
8,598;114,373
8,601;100,73
8,604;86,0299
8,607;70,4059
8,61;54,0008
8,613;36,9661
8,616;19,4606
8,619;1,64873
8,622;16,3008
8,625;34,2168
8,628;51,9405
8,631;69,3003
8,634;86,1269
8,637;102,255
8,64;117,523
8,643;131,78
8,646;144,88
8,649;156,688
8,652;167,083
8,655;175,952
8,658;183,2
8,661;188,744
8,664;192,518
8,667;194,473
8,67;194,576
8,673;192,812
8,676;189,183
8,679;183,711
8,682;176,434
8,685;167,407
8,688;156,705
8,691;144,418
8,694;130,65
8,697;115,524
8,7;99,1741
8,703;81,7477
8,706;63,4042
8,709;44,3126
8,712;24,6506
8,715;4,60263
8,718;15,6419
8,721;35,89
8,724;55,961
8,727;75,6608
8,73;94,7975
8,733;113,183
8,736;130,635
8,739;146,98
8,742;162,051
8,745;175,694
8,748;187,768
8,751;198,145
8,754;206,712
8,757;213,373
8,76;218,049
8,763;220,682
8,766;221,23
8,769;219,671
8,772;216,005
8,775;210,251
8,778;202,449
8,781;192,657
8,784;180,955
8,787;167,441
8,79;152,229
8,793;135,454
8,796;117,265
8,799;97,8257
8,802;77,3127
8,805;55,9152
8,808;33,8317
8,811;11,2692
8,814;11,5595
8,817;34,4373
8,82;57,1583
8,823;79,5034
8,826;101,255
8,829;122,2
8,832;142,131
8,835;160,85
8,838;178,166
8,841;193,904
8,844;207,9
8,847;220,006
8,85;230,093
8,853;238,047
8,856;243,777
8,859;247,21
8,862;248,296
8,865;247,006
8,868;243,336
8,871;237,301
8,874;228,943
8,877;218,324
8,88;205,528
8,883;190,661
8,886;173,852
8,889;155,246
8,892;135,008
8,895;113,32
8,898;90,3797
8,901;66,3974
8,904;41,5955
8,907;16,2058
8,91;9,53234
8,913;35,3745
8,916;61,087
8,919;86,422
8,922;111,133
8,925;134,979
8,928;157,724
8,931;179,141
8,934;199,015
8,937;217,142
8,94;233,336
8,943;247,427
8,946;259,263
8,949;268,714
8,952;275,67
8,955;280,047
8,958;281,781
8,961;280,837
8,964;277,204
8,967;270,895
8,97;261,951
8,973;250,438
8,976;236,447
8,979;220,093
8,982;201,516
8,985;180,876
8,988;158,357
8,991;134,159
8,994;108,503
8,997;81,6246
9;53,7714
9,003;25,2039
9,006;3,80923
9,009;32,9928
9,012;62,0814
9,015;90,7952
9,018;118,856
9,021;145,988
9,024;171,926
9,027;196,41
9,03;219,195
9,033;240,049
9,036;258,757
9,039;275,123
9,042;288,972
9,045;300,153
9,048;308,537
9,051;314,023
9,054;316,536
9,057;316,029
9,06;312,485
9,063;305,914
9,066;296,357
9,069;283,882
9,072;268,586
9,075;250,597
9,078;230,064
9,081;207,168
9,084;182,108
9,087;155,11
9,09;126,418
9,093;96,2936
9,096;65,0164
9,099;32,8774
9,102;0,178516
9,105;32,7705
9,108;65,6553
9,111;98,1732
9,114;130,009
9,117;160,853
9,12;190,4
9,123;218,357
9,126;244,445
9,129;268,397
9,132;289,968
9,135;308,933
9,138;325,09
9,141;338,262
9,144;348,301
9,147;355,086
9,15;358,527
9,153;358,566
9,156;355,176
9,159;348,365
9,162;338,17
9,165;324,666
9,168;307,956
9,171;288,175
9,174;265,492
9,177;240,101
9,18;212,225
9,183;182,114
9,186;150,039
9,189;116,293
9,192;81,1882
9,195;45,0506
9,198;8,2194
9,201;28,9571
9,204;66,1247
9,207;102,94
9,21;139,047
9,213;174,094
9,216;207,735
9,219;239,638
9,222;269,484
9,225;296,969
9,228;321,812
9,231;343,754
9,234;362,564
9,237;378,035
9,24;389,996
9,243;398,303
9,246;402,85
9,249;403,564
9,252;400,409
9,255;393,386
9,258;382,534
9,261;367,927
9,264;349,677
9,267;327,931
9,27;302,872
9,273;274,715
9,276;243,707
9,279;210,124
9,282;174,268
9,285;136,467
9,288;97,0682
9,291;56,4386
9,294;14,9584
9,297;26,9806
9,3;68,9792
9,303;110,648
9,306;151,585
9,309;191,392
9,312;229,677
9,315;266,062
9,318;300,183
9,321;331,694
9,324;360,275
9,327;385,627
9,33;407,484
9,333;425,608
9,336;439,798
9,339;449,888
9,342;455,748
9,345;457,291
9,348;454,47
9,351;447,278
9,354;435,75
9,357;419,966
9,36;400,043
9,363;376,142
9,366;348,462
9,369;317,24
9,372;282,748
9,375;245,294
9,378;205,213
9,381;162,872
9,384;118,658
9,387;72,9831
9,39;26,2738
9,393;21,0292
9,396;68,4764
9,399;115,627
9,402;162,026
9,405;207,222
9,408;250,772
9,411;292,246
9,414;331,23
9,417;367,33
9,42;400,178
9,423;429,434
9,426;454,79
9,429;475,973
9,432;492,748
9,435;504,919
9,438;512,337
9,441;514,892
9,444;512,523
9,447;505,217
9,45;493,005
9,453;475,967
9,456;454,231
9,459;427,968
9,462;397,398
9,465;362,781
9,468;324,418
9,471;282,648
9,474;237,849
9,477;190,425
9,48;140,813
9,483;89,472
9,486;36,882
9,489;16,4616
9,492;70,0525
9,495;123,392
9,498;175,965
9,501;227,263
9,504;276,782
9,507;324,034
9,51;368,547
9,513;409,875
9,516;447,595
9,519;481,318
9,522;510,691
9,525;535,398
9,528;555,166
9,531;569,769
9,534;579,026
9,537;582,808
9,54;581,038
9,543;573,689
9,546;560,791
9,549;542,425
9,552;518,726
9,555;489,88
9,558;456,126
9,561;417,749
9,564;375,085
9,567;328,508
9,57;278,438
9,573;225,327
9,576;169,664
9,579;111,961
9,582;52,7595
9,585;7,38529
9,588;67,9028
9,591;128,228
9,594;187,782
9,597;245,985
9,6;302,269
9,603;356,079
9,606;406,88
9,609;454,161
9,612;497,441
9,615;536,275
9,618;570,256
9,621;599,021
9,624;622,254
9,627;639,689
9,63;651,117
9,633;656,38
9,636;655,383
9,639;648,086
9,642;634,512
9,645;614,744
9,648;588,924
9,651;557,254
9,654;519,994
9,657;477,459
9,66;430,017
9,663;378,087
9,666;322,132
9,669;262,659
9,672;200,213
9,675;135,371
9,678;68,736
9,681;0,934954
9,684;67,3903
9,687;135,588
9,69;203,015
9,693;269,02
9,696;332,957
9,699;394,198
9,702;452,133
9,705;506,181
9,708;555,794
9,711;600,462
9,714;639,719
9,717;673,146
9,72;700,379
9,723;721,108
9,726;735,086
9,729;742,127
9,732;742,11
9,735;734,983
9,738;720,759
9,741;699,521
9,744;671,42
9,747;636,673
9,75;595,564
9,753;548,438
9,756;495,703
9,759;437,821
9,762;375,31
9,765;308,735
9,768;238,703
9,771;165,861
9,774;90,8866
9,777;14,4834
9,78;62,626
9,783;139,707
9,786;216,032
9,789;290,864
9,792;363,472
9,795;433,143
9,798;499,185
9,801;560,937
9,804;617,773
9,807;669,11
9,81;714,415
9,813;753,205
9,816;785,06
9,819;809,62
9,822;826,594
9,825;835,763
9,828;836,977
9,831;830,166
9,834;815,334
9,837;792,562
9,84;762,008
9,843;723,907
9,846;678,567
9,849;626,368
9,852;567,759
9,855;503,254
9,858;433,428
9,861;358,911
9,864;280,381
9,867;198,564
9,87;114,218
9,873;28,1347
9,876;58,8728
9,879;145,976
9,882;232,354
9,885;317,171
9,888;399,601
9,891;478,835
9,894;554,088
9,897;624,607
9,9;689,68
9,903;748,639
9,906;800,873
9,909;845,83
9,912;883,021
9,915;912,032
9,918;932,521
9,921;944,227
9,924;946,971
9,927;940,659
9,93;925,282
9,933;900,918
9,936;867,734
9,939;825,982
9,942;775,996
9,945;718,194
9,948;653,072
9,951;581,198
9,954;503,213
9,957;419,817
9,96;331,771
9,963;239,885
9,966;145,01
9,969;48,0363
9,972;50,1223
9,975;148,532
9,978;246,264
9,981;342,375
9,984;435,929
9,987;526,01
9,99;611,726
9,993;692,22
9,996;766,681
9,999;834,348
10,002;894,519
10,005;946,561
10,008;989,911
10,011;1.024,09
10,014;1.048,69
10,017;1.063,42
10,02;1.068,04
10,023;1.062,45
10,026;1.046,62
10,029;1.020,62
10,032;984,626
10,035;938,905
10,038;883,822
10,041;819,837
10,044;747,494
10,047;667,426
10,05;580,343
10,053;487,026
10,056;388,324
10,059;285,145
10,062;178,444
10,065;69,2194
10,068;41,4999
10,071;152,662
10,074;263,217
10,077;372,099
10,08;478,25
10,083;580,63
10,086;678,228
10,089;770,069
10,092;855,23
10,095;932,841
10,098;1.002,1
10,101;1.062,28
10,104;1.112,73
10,107;1.152,9
10,11;1.182,32
10,113;1.200,62
10,116;1.207,55
10,119;1.202,96
10,122;1.186,79
10,125;1.159,12
10,128;1.120,13
10,131;1.070,1
10,134;1.009,44
10,137;938,63
10,14;858,289
10,143;769,111
10,146;671,885
10,149;567,484
10,152;456,855
10,155;341,014
10,158;221,031
10,161;98,0282
10,164;26,837
10,167;152,38
10,17;277,414
10,173;400,736
10,176;521,148
10,179;637,472
10,182;748,56
10,185;853,306
10,188;950,657
10,191;1.039,62
10,194;1.119,28
10,197;1.188,8
10,2;1.247,44
10,203;1.294,55
10,206;1.329,58
10,209;1.352,12
10,212;1.361,85
10,215;1.358,58
10,218;1.342,25
10,221;1.312,9
10,224;1.270,73
10,227;1.216,04
10,23;1.149,26
10,233;1.070,93
10,236;981,735
10,239;882,434
10,242;773,907
10,245;657,126
10,248;533,149
10,251;403,112
10,254;268,217
10,257;129,721
10,26;11,0721
10,263;152,829
10,266;294,21
10,269;433,854
10,272;570,408
10,275;702,538
10,278;828,94
10,281;948,36
10,284;1.059,6
10,287;1.161,52
10,29;1.253,08
10,293;1.333,32
10,296;1.401,38
10,299;1.456,52
10,302;1.498,11
10,305;1.525,65
10,308;1.538,77
10,311;1.537,23
10,314;1.520,93
10,317;1.489,92
10,32;1.444,38
10,323;1.384,65
10,326;1.311,18
10,329;1.224,58
10,332;1.125,58
10,335;1.015,03
10,338;893,918
10,341;763,313
10,344;624,402
10,347;478,455
10,35;326,818
10,353;170,906
10,356;12,1807
10,359;147,854
10,362;307,672
10,365;465,751
10,368;620,56
10,371;770,589
10,374;914,36
10,377;1.050,45
10,38;1.177,48
10,383;1.294,18
10,386;1.399,34
10,389;1.491,87
10,392;1.570,77
10,395;1.635,2
10,398;1.684,42
10,401;1.717,85
10,404;1.735,03
10,407;1.735,69
10,41;1.719,69
10,413;1.687,07
10,416;1.638
10,419;1.572,83
10,422;1.492,06
10,425;1.396,36
10,428;1.286,53
10,431;1.163,51
10,434;1.028,39
10,437;882,365
10,44;726,762
10,443;562,999
10,446;392,587
10,449;217,112
10,452;38,2184
10,455;142,402
10,458;323,027
10,461;501,938
10,464;677,403
10,467;847,712
10,47;1.011,19
10,473;1.166,22
10,476;1.311,24
10,479;1.444,79
10,482;1.565,5
10,485;1.672,12
10,488;1.763,5
10,491;1.838,66
10,494;1.896,76
10,497;1.937,1
10,5;1.959,16
10,503;1.962,6
10,506;1.947,24
10,509;1.913,08
10,512;1.860,31
10,515;1.789,29
10,518;1.700,57
10,521;1.594,86
10,524;1.473,06
10,527;1.336,2
10,53;1.185,48
10,533;1.022,25
10,536;847,984
10,539;664,264
10,542;472,784
10,545;275,323
10,548;73,7329
10,551;130,084
10,554;334,188
10,557;536,635
10,56;735,468
10,563;928,753
10,566;1.114,59
10,569;1.291,14
10,572;1.456,64
10,575;1.609,41
10,578;1.747,89
10,581;1.870,64
10,584;1.976,37
10,587;2.063,93
10,59;2.132,34
10,593;2.180,8
10,596;2.208,7
10,599;2.215,6
10,602;2.201,29
10,605;2.165,73
10,608;2.109,11
10,611;2.031,82
10,614;1.934,43
10,617;1.817,73
10,62;1.682,69
10,623;1.530,48
10,626;1.362,41
10,629;1.179,99
10,632;984,857
10,635;778,784
10,638;563,668
10,641;341,506
10,644;114,378
10,647;115,575
10,65;346,166
10,653;575,199
10,656;800,465
10,659;1.019,77
10,662;1.230,97
10,665;1.431,97
10,668;1.620,76
10,671;1.795,44
10,674;1.954,23
10,677;2.095,48
10,68;2.217,69
10,683;2.319,56
10,686;2.399,95
10,689;2.457,92
10,692;2.492,76
10,695;2.503,94
10,698;2.491,18
10,701;2.454,42
10,704;2.393,83
10,707;2.309,82
10,71;2.203,01
10,713;2.074,25
10,716;1.924,61
10,719;1.755,37
10,722;1.568,01
10,725;1.364,18
10,728;1.145,72
10,731;914,62
10,734;672,993
10,737;423,083
10,74;167,226
10,743;92,1678
10,746;352,635
10,749;611,696
10,752;866,854
10,755;1.115,63
10,758;1.355,59
10,761;1.584,35
10,764;1.799,65
10,767;1.999,3
10,77;2.181,28
10,773;2.343,7
10,776;2.484,86
10,779;2.603,23
10,782;2.697,52
10,785;2.766,62
10,788;2.809,69
10,791;2.826,11
10,794;2.815,53
10,797;2.777,84
10,8;2.713,2
10,803;2.622,01
10,806;2.504,97
10,809;2.362,98
10,812;2.197,23
10,815;2.009,13
10,818;1.800,32
10,821;1.572,63
10,824;1.328,11
10,827;1.068,99
10,83;797,632
10,833;516,557
10,836;228,387
10,839;64,1651
10,842;358,325
10,845;651,294
10,848;940,251
10,851;1.222,39
10,854;1.494,95
10,857;1.755,25
10,86;2.000,69
10,863;2.228,8
10,866;2.437,26
10,869;2.623,92
10,872;2.786,82
10,875;2.924,22
10,878;3.034,61
10,881;3.116,72
10,884;3.169,54
10,887;3.192,35
10,89;3.184,7
10,893;3.146,44
10,896;3.077,69
10,899;2.978,88
10,902;2.850,74
10,905;2.694,28
10,908;2.510,77
10,911;2.301,78
10,914;2.069,11
10,917;1.814,83
10,92;1.541,21
10,923;1.250,73
10,926;946,039
10,929;629,969
10,932;305,463
10,935;24,4282
10,938;356,579
10,941;687,831
10,944;1.015
10,947;1.334,91
10,95;1.644,43
10,953;1.940,52
10,956;2.220,23
10,959;2.480,76
10,962;2.719,45
10,965;2.933,84
10,968;3.121,7
10,971;3.281,02
10,974;3.410,06
10,977;3.507,33
10,98;3.571,68
10,983;3.602,23
10,986;3.598,43
10,989;3.560,05
10,992;3.487,21
10,995;3.380,33
10,998;3.240,2
11,001;3.067,89
11,004;2.864,82
11,007;2.632,7
11,01;2.373,55
11,013;2.089,64
11,016;1.783,51
11,019;1.457,94
11,022;1.115,89
11,025;760,534
11,028;395,174
11,031;23,2442
11,034;351,735
11,037;726,188
11,04;1.096,53
11,043;1.459,17
11,046;1.810,57
11,049;2.147,28
11,052;2.465,95
11,055;2.763,37
11,058;3.036,55
11,061;3.282,66
11,064;3.499,14
11,067;3.683,69
11,07;3.834,29
11,073;3.949,24
11,076;4.027,17
11,079;4.067,04
11,082;4.068,18
11,085;4.030,29
11,088;3.953,44
11,091;3.838,06
11,094;3.684,97
11,097;3.495,36
11,1;3.270,76
11,103;3.013,07
11,106;2.724,52
11,109;2.407,62
11,112;2.065,22
11,115;1.700,4
11,118;1.316,5
11,121;917,063
11,124;505,795
11,127;86,5589
11,13;336,681
11,133;759,891
11,136;1.179,02
11,139;1.590,02
11,142;1.988,88
11,145;2.371,68
11,148;2.734,61
11,151;3.074,06
11,154;3.386,57
11,157;3.668,95
11,16;3.918,25
11,163;4.131,83
11,166;4.307,37
11,169;4.442,89
11,172;4.536,79
11,175;4.587,85
11,178;4.595,25
11,181;4.558,6
11,184;4.477,91
11,187;4.353,61
11,19;4.186,58
11,193;3.978,08
11,196;3.729,81
11,199;3.443,85
11,202;3.122,66
11,205;2.769,04
11,208;2.386,16
11,211;1.977,45
11,214;1.546,66
11,217;1.097,75
11,22;634,886
11,223;162,41
11,226;315,216
11,229;793,445
11,232;1.267,71
11,235;1.733,41
11,238;2.186,04
11,241;2.621,12
11,244;3.034,37
11,247;3.421,64
11,25;3.779,02
11,253;4.102,85
11,256;4.389,76
11,259;4.636,73
11,262;4.841,08
11,265;5.000,52
11,268;5.113,18
11,271;5.177,62
11,274;5.192,86
11,277;5.158,38
11,28;5.074,13
11,283;4.940,54
11,286;4.758,53
11,289;4.529,45
11,292;4.255,17
11,295;3.937,97
11,298;3.580,57
11,301;3.186,09
11,304;2.758,04
11,307;2.300,27
11,31;1.816,95
11,313;1.312,53
11,316;791,694
11,319;259,31
11,322;279,596
11,325;819,899
11,328;1.356,44
11,331;1.884,03
11,334;2.397,55
11,337;2.891,96
11,34;3.362,36
11,343;3.804,05
11,346;4.212,59
11,349;4.583,78
11,352;4.913,8
11,355;5.199,15
11,358;5.436,76
11,361;5.623,98
11,364;5.758,63
11,367;5.839,02
11,37;5.863,97
11,373;5.832,82
11,376;5.745,43
11,379;5.602,23
11,382;5.404,15
11,385;5.152,69
11,388;4.849,85
11,391;4.498,15
11,394;4.100,6
11,397;3.660,66
11,4;3.182,23
11,403;2.669,62
11,406;2.127,49
11,409;1.560,81
11,412;974,837
11,415;375,055
11,418;232,886
11,421;843,211
11,424;1.450,09
11,427;2.047,68
11,43;2.630,17
11,433;3.191,84
11,436;3.727,16
11,439;4.230,78
11,442;4.697,62
11,445;5.122,93
11,448;5.502,3
11,451;5.831,75
11,454;6.107,73
11,457;6.327,18
11,46;6.487,58
11,463;6.586,93
11,466;6.623,82
11,469;6.597,4
11,472;6.507,47
11,475;6.354,39
11,478;6.139,17
11,481;5.863,38
11,484;5.529,22
11,487;5.139,46
11,49;4.697,41
11,493;4.206,92
11,496;3.672,33
11,499;3.098,43
11,502;2.490,44
11,505;1.853,94
11,508;1.194,81
11,511;519,217
11,514;166,481
11,517;855,779
11,52;1.542,1
11,523;2.218,83
11,526;2.879,41
11,529;3.517,36
11,532;4.126,4
11,535;4.700,45
11,538;5.233,74
11,541;5.720,83
11,544;6.156,71
11,547;6.536,8
11,55;6.857,03
11,553;7.113,86
11,556;7.304,35
11,559;7.426,16
11,562;7.477,61
11,565;7.457,67
11,568;7.365,98
11,571;7.202,88
11,574;6.969,39
11,577;6.667,23
11,58;6.298,76
11,583;5.867,02
11,586;5.375,68
11,589;4.829
11,592;4.231,8
11,595;3.589,44
11,598;2.907,74
11,601;2.192,95
11,604;1.451,67
11,607;690,818
11,61;82,4459
11,613;860,795
11,616;1.636,81
11,619;2.403,02
11,622;3.152
11,625;3.876,43
11,628;4.569,16
11,631;5.223,3
11,634;5.832,29
11,637;6.389,93
11,64;6.890,48
11,643;7.328,7
11,646;7.699,9
11,649;8.000,02
11,652;8.225,64
11,655;8.374,01
11,658;8.443,14
11,661;8.431,75
11,664;8.339,35
11,667;8.166,19
11,67;7.913,34
11,673;7.582,62
11,676;7.176,6
11,679;6.698,61
11,682;6.152,7
11,685;5.543,59
11,688;4.876,64
11,691;4.157,82
11,694;3.393,63
11,697;2.591,08
11,7;1.757,56
11,703;900,848
11,706;28,9916
11,709;849,756
11,712;1.727,01
11,715;2.594,35
11,718;3.443,38
11,721;4.265,81
11,724;5.053,53
11,727;5.798,73
11,73;6.493,92
11,733;7.132,06
11,736;7.706,57
11,739;8.211,47
11,742;8.641,38
11,745;8.991,6
11,748;9.258,16
11,751;9.437,86
11,754;9.528,33
11,757;9.528,02
11,76;9.436,23
11,763;9.253,16
11,766;8.979,87
11,769;8.618,29
11,772;8.171,23
11,775;7.642,33
11,778;7.036,04
11,781;6.357,6
11,784;5.612,97
11,787;4.808,79
11,79;3.952,34
11,793;3.051,44
11,796;2.114,4
11,799;1.149,94
11,802;167,108
11,805;824,797
11,808;1.816,32
11,811;2.797,96
11,814;3.760,21
11,817;4.693,69
11,82;5.589,22
11,823;6.437,91
11,826;7.231,26
11,829;7.961,24
11,832;8.620,34
11,835;9.201,72
11,838;9.699,19
11,841;10.107,3
11,844;10.421,6
11,847;10.638,2
11,85;10.754,3
11,853;10.768,1
11,856;10.678,6
11,859;10.485,9
11,862;10.191,2
11,865;9.796,34
11,868;9.304,47
11,871;8.719,56
11,874;8.046,5
11,877;7.291,1
11,88;6.459,98
11,883;5.560,54
11,886;4.600,89
11,889;3.589,8
11,892;2.536,57
11,895;1.451
11,898;343,264
11,901;776,172
11,904;1.896,65
11,907;3.007,44
11,91;4.097,8
11,913;5.157,1
11,916;6.174,95
11,919;7.141,25
11,922;8.046,34
11,925;8.881,07
11,928;9.636,88
11,931;10.305,9
11,934;10.881,1
11,937;11.356,2
11,94;11.725,9
11,943;11.985,8
11,946;12.132,7
11,949;12.164,2
11,952;12.079,1
11,955;11.877,5
11,958;11.560,3
11,961;11.129,7
11,964;10.588,9
11,967;9.942,47
11,97;9.195,63
11,973;8.354,83
11,976;7.427,44
11,979;6.421,7
11,982;5.346,66
11,985;4.212,13
11,988;3.028,54
11,991;1.806,88
11,994;558,584
