0,002;0
0,004;2,82843e-05
0,006;8,48151e-05
0,008;0,000169442
0,01;0,0002819
0,012;0,000421816
0,014;0,000588701
0,016;0,000781961
0,018;0,00100089
0,02;0,00124469
0,022;0,00151244
0,024;0,00180314
0,026;0,00211569
0,028;0,00244889
0,03;0,00280147
0,032;0,00317207
0,034;0,00355925
0,036;0,00396151
0,038;0,00437729
0,04;0,00480494
0,042;0,0052428
0,044;0,00568915
0,046;0,00614221
0,048;0,00660019
0,05;0,00706128
0,052;0,00752364
0,054;0,00798542
0,056;0,00844477
0,058;0,00889986
0,06;0,00934884
0,062;0,00978991
0,064;0,0102213
0,066;0,0106412
0,068;0,011048
0,07;0,0114399
0,072;0,0118154
0,074;0,0121729
0,076;0,012511
0,078;0,0128282
0,08;0,0131233
0,082;0,0133949
0,084;0,0136419
0,086;0,0138633
0,088;0,0140582
0,09;0,0142256
0,092;0,0143648
0,094;0,0144752
0,096;0,0145564
0,098;0,0146077
0,1;0,0146291
0,102;0,0146203
0,104;0,0145813
0,106;0,0145121
0,108;0,014413
0,11;0,0142843
0,112;0,0141263
0,114;0,0139398
0,116;0,0137252
0,118;0,0134835
0,12;0,0132154
0,122;0,0129221
0,124;0,0126046
0,126;0,0122641
0,128;0,0119019
0,13;0,0115194
0,132;0,0111182
0,134;0,0106996
0,136;0,0102655
0,138;0,00981735
0,14;0,00935707
0,142;0,00888641
0,144;0,00840724
0,146;0,00792145
0,148;0,00743096
0,15;0,00693772
0,152;0,0064437
0,154;0,00595087
0,156;0,00546121
0,158;0,00497668
0,16;0,00449923
0,162;0,00403081
0,164;0,00357329
0,166;0,00312854
0,168;0,00269838
0,17;0,00228456
0,172;0,00188879
0,174;0,00151269
0,176;0,00115781
0,178;0,00082565
0,18;0,000517581
0,182;0,000234905
0,184;2,11804e-05
0,186;0,00024958
0,188;0,000449306
0,19;0,000619482
0,192;0,000759351
0,194;0,000868271
0,196;0,000945724
0,198;0,000991316
0,2;0,00100478
0,202;0,000985977
0,204;0,000934895
0,206;0,000851654
0,208;0,0007365
0,21;0,000589808
0,212;0,000412081
0,214;0,000203948
0,216;3,38398e-05
0,218;0,000300411
0,22;0,000594775
0,222;0,00091583
0,224;0,00126236
0,226;0,00163305
0,228;0,00202648
0,23;0,00244114
0,232;0,00287543
0,234;0,00332765
0,236;0,00379606
0,238;0,00427881
0,24;0,00477402
0,242;0,00527974
0,244;0,00579397
0,246;0,00631468
0,248;0,00683981
0,25;0,00736726
0,252;0,00789494
0,254;0,00842072
0,256;0,00894251
0,258;0,0094582
0,26;0,00996572
0,262;0,010463
0,264;0,0109481
0,266;0,0114189
0,268;0,0118736
0,27;0,0123103
0,272;0,0127272
0,274;0,0131226
0,276;0,0134949
0,278;0,0138424
0,28;0,0141638
0,282;0,0144577
0,284;0,0147228
0,286;0,014958
0,288;0,0151623
0,29;0,0153348
0,292;0,0154747
0,294;0,0155813
0,296;0,0156542
0,298;0,0156929
0,3;0,0156973
0,302;0,0156671
0,304;0,0156025
0,306;0,0155036
0,308;0,0153707
0,31;0,0152043
0,312;0,0150048
0,314;0,0147732
0,316;0,01451
0,318;0,0142165
0,32;0,0138935
0,322;0,0135424
0,324;0,0131645
0,326;0,0127612
0,328;0,0123341
0,33;0,0118848
0,332;0,011415
0,334;0,0109266
0,336;0,0104215
0,338;0,0099016
0,34;0,00936902
0,342;0,00882582
0,344;0,00827416
0,346;0,00771621
0,348;0,00715419
0,35;0,00659035
0,352;0,00602692
0,354;0,00546617
0,356;0,00491034
0,358;0,00436167
0,36;0,00382238
0,362;0,00329464
0,364;0,0027806
0,366;0,00228235
0,368;0,00180193
0,37;0,0013413
0,372;0,000902369
0,374;0,000486938
0,376;9,67362e-05
0,378;0,000266609
0,38;0,000601573
0,382;0,000906739
0,384;0,00118081
0,386;0,0014226
0,388;0,00163106
0,39;0,00180527
0,392;0,00194444
0,394;0,00204792
0,396;0,0021152
0,398;0,00214591
0,4;0,00213984
0,402;0,0020969
0,404;0,00201718
0,406;0,0019009
0,408;0,00174841
0,41;0,00156025
0,412;0,00133705
0,414;0,00107963
0,416;0,000788917
0,418;0,00046599
0,42;0,000112054
0,422;0,000271559
0,424;0,000683393
0,426;0,00112188
0,428;0,00158532
0,43;0,00207195
0,432;0,00257987
0,434;0,00310711
0,436;0,00365162
0,438;0,00421125
0,44;0,00478381
0,442;0,00536705
0,444;0,00595866
0,446;0,0065563
0,448;0,00715759
0,45;0,00776014
0,452;0,00836154
0,454;0,00895938
0,456;0,00955127
0,458;0,0101348
0,46;0,0107076
0,462;0,0112675
0,464;0,011812
0,466;0,012339
0,468;0,0128464
0,47;0,013332
0,472;0,0137938
0,474;0,01423
0,476;0,0146387
0,478;0,0150183
0,48;0,015367
0,482;0,0156836
0,484;0,0159665
0,486;0,0162145
0,488;0,0164267
0,49;0,016602
0,492;0,0167397
0,494;0,016839
0,496;0,0168995
0,498;0,0169209
0,5;0,016903
0,502;0,0168456
0,504;0,0167491
0,506;0,0166135
0,508;0,0164394
0,51;0,0162274
0,512;0,0159782
0,514;0,0156927
0,516;0,0153719
0,518;0,0150171
0,52;0,0146296
0,522;0,0142108
0,524;0,0137623
0,526;0,0132858
0,528;0,0127833
0,53;0,0122565
0,532;0,0117076
0,534;0,0111387
0,536;0,010552
0,538;0,00994975
0,54;0,00933444
0,542;0,00870842
0,544;0,00807419
0,546;0,00743426
0,548;0,00679117
0,55;0,00614748
0,552;0,00550576
0,554;0,0048686
0,556;0,00423855
0,558;0,00361815
0,56;0,00300991
0,562;0,00241629
0,564;0,0018397
0,566;0,00128251
0,568;0,00074698
0,57;0,00023532
0,572;0,000250362
0,574;0,000708053
0,576;0,00113585
0,578;0,00153196
0,58;0,00189471
0,582;0,00222256
0,584;0,00251412
0,586;0,00276811
0,588;0,00298343
0,59;0,0031591
0,592;0,00329431
0,594;0,00338843
0,596;0,00344096
0,598;0,00345158
0,6;0,00342014
0,602;0,00334665
0,604;0,00323129
0,606;0,00307442
0,608;0,00287655
0,61;0,00263836
0,612;0,00236069
0,614;0,00204456
0,616;0,00169112
0,618;0,00130169
0,62;0,000877734
0,622;0,00042085
0,624;6,72207e-05
0,626;0,000584608
0,628;0,00112932
0,63;0,00169925
0,632;0,00229219
0,634;0,00290583
0,636;0,00353776
0,638;0,00418551
0,64;0,00484653
0,642;0,00551822
0,644;0,0061979
0,646;0,00688289
0,648;0,00757046
0,65;0,00825787
0,652;0,00894236
0,654;0,00962119
0,656;0,0102916
0,658;0,010951
0,66;0,0115966
0,662;0,0122258
0,664;0,012836
0,666;0,0134249
0,668;0,0139898
0,67;0,0145287
0,672;0,0150391
0,674;0,015519
0,676;0,0159664
0,678;0,0163794
0,68;0,0167563
0,682;0,0170954
0,684;0,0173954
0,686;0,0176548
0,688;0,0178727
0,69;0,0180478
0,692;0,0181796
0,694;0,0182673
0,696;0,0183104
0,698;0,0183086
0,7;0,018262
0,702;0,0181704
0,704;0,0180342
0,706;0,0178537
0,708;0,0176297
0,71;0,0173628
0,712;0,0170541
0,714;0,0167046
0,716;0,0163156
0,718;0,0158886
0,72;0,0154252
0,722;0,0149271
0,724;0,0143963
0,726;0,0138348
0,728;0,0132448
0,73;0,0126284
0,732;0,0119882
0,734;0,0113266
0,736;0,0106462
0,738;0,00994975
0,74;0,00923989
0,742;0,00851946
0,744;0,00779131
0,746;0,00705834
0,748;0,00632347
0,75;0,00558963
0,752;0,00485976
0,754;0,00413679
0,756;0,00342362
0,758;0,00272315
0,76;0,00203819
0,762;0,00137155
0,764;0,000725921
0,766;0,000103953
0,768;0,000491805
0,77;0,0010589
0,772;0,00159499
0,774;0,00209784
0,776;0,00256536
0,778;0,00299558
0,78;0,00338668
0,782;0,00373699
0,784;0,004045
0,786;0,00430937
0,788;0,00452893
0,79;0,00470267
0,792;0,00482977
0,794;0,00490962
0,796;0,00494175
0,798;0,00492592
0,8;0,00486206
0,802;0,00475029
0,804;0,00459094
0,806;0,00438452
0,808;0,00413173
0,81;0,00383345
0,812;0,00349076
0,814;0,0031049
0,816;0,00267732
0,818;0,00220959
0,82;0,0017035
0,822;0,00116097
0,824;0,000584052
0,826;2,50198e-05
0,828;0,000663901
0,83;0,00133011
0,832;0,00202107
0,834;0,00273406
0,836;0,00346631
0,838;0,00421493
0,84;0,00497696
0,842;0,00574941
0,844;0,0065292
0,846;0,00731324
0,848;0,0080984
0,85;0,00888155
0,852;0,00965954
0,854;0,0104293
0,856;0,0111876
0,858;0,0119315
0,86;0,0126579
0,862;0,0133639
0,864;0,0140467
0,866;0,0147033
0,868;0,0153312
0,87;0,0159277
0,872;0,0164904
0,874;0,0170169
0,876;0,017505
0,878;0,0179527
0,88;0,018358
0,882;0,0187193
0,884;0,0190349
0,886;0,0193036
0,888;0,019524
0,89;0,0196952
0,892;0,0198164
0,894;0,0198869
0,896;0,0199063
0,898;0,0198744
0,9;0,0197913
0,902;0,019657
0,904;0,019472
0,906;0,019237
0,908;0,0189526
0,91;0,01862
0,912;0,0182403
0,914;0,0178149
0,916;0,0173453
0,918;0,0168335
0,92;0,0162812
0,922;0,0156906
0,924;0,015064
0,926;0,0144037
0,928;0,0137123
0,93;0,0129925
0,932;0,0122471
0,934;0,011479
0,936;0,0106912
0,938;0,00988689
0,94;0,00906913
0,942;0,0082412
0,944;0,00740638
0,946;0,006568
0,948;0,00572939
0,95;0,00489391
0,952;0,00406491
0,954;0,00324573
0,956;0,00243966
0,958;0,00164997
0,96;0,000879855
0,962;0,000132453
0,964;0,000589187
0,966;0,00128211
0,968;0,00194347
0,97;0,00257053
0,972;0,0031607
0,974;0,00371152
0,976;0,00422068
0,978;0,00468602
0,98;0,00510558
0,982;0,00547755
0,984;0,00580032
0,986;0,00607246
0,988;0,00629276
0,99;0,00646018
0,992;0,00657393
0,994;0,0066334
0,996;0,00663822
0,998;0,00658821
1;0,00648342
1,002;0,00632414
1,004;0,00611086
1,006;0,00584428
1,008;0,00552532
1,01;0,00515513
1,012;0,00473505
1,014;0,00426662
1,016;0,0037516
1,018;0,00319191
1,02;0,00258967
1,022;0,00194719
1,024;0,00126692
1,026;0,000551482
1,028;0,000196352
1,03;0,00097368
1,032;0,00177747
1,034;0,00260458
1,036;0,00345176
1,038;0,00431567
1,04;0,00519291
1,042;0,00608001
1,044;0,00697343
1,046;0,00786962
1,048;0,00876502
1,05;0,00965602
1,052;0,0105391
1,054;0,0114106
1,056;0,0122671
1,058;0,0131051
1,06;0,0139211
1,062;0,014712
1,064;0,0154744
1,066;0,0162052
1,068;0,0169015
1,07;0,0175603
1,072;0,0181788
1,074;0,0187546
1,076;0,0192852
1,078;0,0197684
1,08;0,020202
1,082;0,0205843
1,084;0,0209136
1,086;0,0211883
1,088;0,0214073
1,09;0,0215696
1,092;0,0216743
1,094;0,0217209
1,096;0,021709
1,098;0,0216385
1,1;0,0215095
1,102;0,0213225
1,104;0,0210779
1,106;0,0207767
1,108;0,0204198
1,11;0,0200086
1,112;0,0195446
1,114;0,0190294
1,116;0,018465
1,118;0,0178535
1,12;0,0171973
1,122;0,0164988
1,124;0,0157608
1,126;0,014986
1,128;0,0141775
1,13;0,0133384
1,132;0,012472
1,134;0,0115817
1,136;0,0106709
1,138;0,00974337
1,14;0,00880265
1,142;0,0078525
1,144;0,00689668
1,146;0,00593901
1,148;0,00498332
1,15;0,00403343
1,152;0,00309316
1,154;0,00216629
1,156;0,00125657
1,158;0,000367679
1,16;0,000496767
1,162;0,00133325
1,164;0,00213834
1,166;0,00290874
1,168;0,00364128
1,17;0,00433292
1,172;0,00498079
1,174;0,00558218
1,176;0,00613456
1,178;0,00663559
1,18;0,00708313
1,182;0,00747525
1,184;0,00781023
1,186;0,00808657
1,188;0,00830303
1,19;0,00845856
1,192;0,00855239
1,194;0,00858397
1,196;0,00855302
1,198;0,00845949
1,2;0,00830359
1,202;0,00808578
1,204;0,00780675
1,206;0,00746748
1,208;0,00706914
1,21;0,00661318
1,212;0,00610126
1,214;0,0055353
1,216;0,00491739
1,218;0,00424989
1,22;0,00353532
1,222;0,00277642
1,224;0,00197611
1,226;0,00113747
1,228;0,000263765
1,23;0,00064161
1,232;0,00157512
1,234;0,0025331
1,236;0,00351179
1,238;0,00450732
1,24;0,00551576
1,242;0,00653312
1,244;0,00755534
1,246;0,00857835
1,248;0,00959805
1,25;0,0106104
1,252;0,0116112
1,254;0,0125966
1,256;0,0135625
1,258;0,014505
1,26;0,0154203
1,262;0,0163046
1,264;0,0171544
1,266;0,017966
1,268;0,0187363
1,27;0,019462
1,272;0,02014
1,274;0,0207676
1,276;0,021342
1,278;0,0218609
1,28;0,022322
1,282;0,0227234
1,284;0,0230632
1,286;0,02334
1,288;0,0235524
1,29;0,0236994
1,292;0,0237803
1,294;0,0237947
1,296;0,0237421
1,298;0,0236227
1,3;0,0234368
1,302;0,023185
1,304;0,022868
1,306;0,022487
1,308;0,0220433
1,31;0,0215385
1,312;0,0209745
1,314;0,0203534
1,316;0,0196776
1,318;0,0189494
1,32;0,0181719
1,322;0,0173478
1,324;0,0164805
1,326;0,0155732
1,328;0,0146294
1,33;0,013653
1,332;0,0126476
1,334;0,0116172
1,336;0,0105658
1,338;0,00949772
1,34;0,00841705
1,342;0,00732811
1,344;0,00623525
1,346;0,00514281
1,348;0,00405518
1,35;0,0029767
1,352;0,00191173
1,354;0,000864556
1,356;0,000160585
1,358;0,00115953
1,36;0,00212822
1,362;0,0030627
1,364;0,00395913
1,366;0,00481383
1,368;0,00562327
1,37;0,0063841
1,372;0,00709313
1,374;0,00774739
1,376;0,00834413
1,378;0,00888079
1,38;0,00935508
1,382;0,00976493
1,384;0,0101085
1,386;0,0103843
1,388;0,010591
1,39;0,0107277
1,392;0,0107934
1,394;0,0107879
1,396;0,010711
1,398;0,0105627
1,4;0,0103435
1,402;0,010054
1,404;0,0096953
1,406;0,00926855
1,408;0,0087753
1,41;0,00821736
1,412;0,00759677
1,414;0,00691585
1,416;0,00617717
1,418;0,00538353
1,42;0,00453795
1,422;0,00364368
1,424;0,00270417
1,426;0,00172305
1,428;0,000704139
1,43;0,00034859
1,432;0,00143102
1,434;0,00253889
1,436;0,00366785
1,438;0,00481343
1,44;0,00597109
1,442;0,00713624
1,444;0,00830424
1,446;0,00947042
1,448;0,0106301
1,45;0,0117787
1,452;0,0129114
1,454;0,0140239
1,456;0,0151115
1,458;0,0161698
1,46;0,0171946
1,462;0,0181816
1,464;0,0191268
1,466;0,0200263
1,468;0,0208763
1,47;0,0216734
1,472;0,0224143
1,474;0,0230957
1,476;0,0237148
1,478;0,0242691
1,48;0,024756
1,482;0,0251734
1,484;0,0255196
1,486;0,0257929
1,488;0,0259921
1,49;0,0261161
1,492;0,0261642
1,494;0,0261361
1,496;0,0260317
1,498;0,0258511
1,5;0,0255949
1,502;0,025264
1,504;0,0248594
1,506;0,0243826
1,508;0,0238352
1,51;0,0232194
1,512;0,0225373
1,514;0,0217915
1,516;0,0209849
1,518;0,0201204
1,52;0,0192015
1,522;0,0182315
1,524;0,0172144
1,526;0,0161539
1,528;0,0150543
1,53;0,0139198
1,532;0,012755
1,534;0,0115642
1,536;0,0103524
1,538;0,00912412
1,54;0,00788439
1,542;0,00663811
1,544;0,00539024
1,546;0,00414576
1,548;0,00290966
1,55;0,00168692
1,552;0,000482449
1,554;0,000698879
1,556;0,00185228
1,558;0,00297306
1,56;0,00405665
1,562;0,00509862
1,564;0,00609469
1,566;0,00704076
1,568;0,0079329
1,57;0,0087674
1,572;0,00954077
1,574;0,0102498
1,576;0,0108914
1,578;0,0114628
1,58;0,0119617
1,582;0,0123857
1,584;0,0127331
1,586;0,0130021
1,588;0,0131916
1,59;0,0133005
1,592;0,0133283
1,594;0,0132745
1,596;0,0131392
1,598;0,0129227
1,6;0,0126256
1,602;0,012249
1,604;0,0117941
1,606;0,0112625
1,608;0,0106561
1,61;0,00997724
1,612;0,00922836
1,614;0,00841228
1,616;0,0075321
1,618;0,00659116
1,62;0,00559306
1,622;0,00454164
1,624;0,00344096
1,626;0,00229531
1,628;0,00110913
1,63;0,000112933
1,632;0,00136609
1,634;0,0026454
1,636;0,00394583
1,638;0,00526223
1,64;0,00658937
1,642;0,00792198
1,644;0,00925474
1,646;0,0105823
1,648;0,0118994
1,65;0,0132007
1,652;0,0144809
1,654;0,0157349
1,656;0,0169576
1,658;0,018144
1,66;0,0192893
1,662;0,0203887
1,664;0,0214378
1,666;0,0224323
1,668;0,0233679
1,67;0,0242409
1,672;0,0250475
1,674;0,0257844
1,676;0,0264483
1,678;0,0270366
1,68;0,0275465
1,682;0,0279759
1,684;0,0283228
1,686;0,0285856
1,688;0,0287631
1,69;0,0288543
1,692;0,0288586
1,694;0,0287758
1,696;0,0286059
1,698;0,0283494
1,7;0,0280071
1,702;0,0275802
1,704;0,0270701
1,706;0,0264786
1,708;0,025808
1,71;0,0250606
1,712;0,0242392
1,714;0,023347
1,716;0,0223873
1,718;0,0213638
1,72;0,0202803
1,722;0,0191412
1,724;0,0179507
1,726;0,0167136
1,728;0,0154345
1,73;0,0141186
1,732;0,012771
1,734;0,011397
1,736;0,0100021
1,738;0,00859169
1,74;0,00717145
1,742;0,00574701
1,744;0,00432408
1,746;0,00290833
1,748;0,00150547
1,75;0,000121123
1,752;0,00123911
1,754;0,00256974
1,756;0,00386535
1,758;0,00512066
1,76;0,00633056
1,762;0,00749008
1,764;0,00859445
1,766;0,0096391
1,768;0,0106197
1,77;0,0115321
1,772;0,0123726
1,774;0,0131375
1,776;0,0138237
1,778;0,0144281
1,78;0,0149481
1,782;0,0153814
1,784;0,015726
1,786;0,0159804
1,788;0,0161433
1,79;0,0162137
1,792;0,0161912
1,794;0,0160756
1,796;0,0158671
1,798;0,0155663
1,8;0,0151741
1,802;0,0146919
1,804;0,0141213
1,806;0,0134645
1,808;0,0127238
1,81;0,0119019
1,812;0,0110019
1,814;0,0100273
1,816;0,00898164
1,818;0,00786899
1,82;0,00669362
1,822;0,00546005
1,824;0,00417307
1,826;0,00283768
1,828;0,0014591
1,83;4,2713e-05
1,832;0,0014059
1,834;0,00288104
1,836;0,00437687
1,838;0,00588747
1,84;0,00740683
1,842;0,0089289
1,844;0,0104476
1,846;0,0119568
1,848;0,0134506
1,85;0,0149227
1,852;0,0163675
1,854;0,0177788
1,856;0,0191511
1,858;0,0204788
1,86;0,0217563
1,862;0,0229786
1,864;0,0241404
1,866;0,0252371
1,868;0,026264
1,87;0,0272169
1,872;0,0280918
1,874;0,0288849
1,876;0,0295928
1,878;0,0302126
1,88;0,0307415
1,882;0,031177
1,884;0,0315174
1,886;0,0317608
1,888;0,0319061
1,89;0,0319525
1,892;0,0318995
1,894;0,031747
1,896;0,0314954
1,898;0,0311455
1,9;0,0306983
1,902;0,0301554
1,904;0,0295187
1,906;0,0287906
1,908;0,0279736
1,91;0,0270708
1,912;0,0260856
1,914;0,0250218
1,916;0,0238833
1,918;0,0226745
1,92;0,0214
1,922;0,0200649
1,924;0,0186742
1,926;0,0172334
1,928;0,0157482
1,93;0,0142242
1,932;0,0126676
1,934;0,0110844
1,936;0,00948096
1,938;0,0078636
1,94;0,00623876
1,942;0,00461291
1,944;0,00299256
1,946;0,00138421
1,948;0,000205692
1,95;0,00177072
1,952;0,00330456
1,954;0,00480098
1,956;0,00625391
1,958;0,00765741
1,96;0,00900574
1,962;0,0102934
1,964;0,011515
1,966;0,0126655
1,968;0,0137401
1,97;0,0147343
1,972;0,015644
1,974;0,0164653
1,976;0,0171946
1,978;0,0178287
1,98;0,018365
1,982;0,0188009
1,984;0,0191346
1,986;0,0193643
1,988;0,0194888
1,99;0,0195075
1,992;0,0194199
1,994;0,0192261
1,996;0,0189266
1,998;0,0185223
2;0,0180145
2,002;0,0174051
2,004;0,0166961
2,006;0,0158901
2,008;0,0149902
2,01;0,0139996
2,012;0,0129221
2,014;0,0117618
2,016;0,010523
2,018;0,00921056
2,02;0,00782948
2,022;0,00638512
2,024;0,00488308
2,026;0,00332922
2,028;0,00172961
2,03;9,05343e-05
2,032;0,00158156
2,034;0,00328007
2,036;0,00499827
2,038;0,00672934
2,04;0,0084664
2,042;0,0102025
2,044;0,0119307
2,046;0,0136441
2,048;0,0153358
2,05;0,0169989
2,052;0,0186267
2,054;0,0202127
2,056;0,0217503
2,058;0,0232333
2,06;0,0246556
2,062;0,0260114
2,064;0,027295
2,066;0,0285011
2,068;0,0296248
2,07;0,0306612
2,072;0,031606
2,074;0,0324552
2,076;0,0332051
2,078;0,0338525
2,08;0,0343945
2,082;0,0348287
2,084;0,0351529
2,086;0,0353658
2,088;0,035466
2,09;0,0354528
2,092;0,0353262
2,094;0,0350861
2,096;0,0347334
2,098;0,0342691
2,1;0,0336947
2,102;0,0330124
2,104;0,0322244
2,106;0,0313337
2,108;0,0303436
2,11;0,0292578
2,112;0,0280803
2,114;0,0268156
2,116;0,0254686
2,118;0,0240444
2,12;0,0225486
2,122;0,0209868
2,124;0,0193652
2,126;0,0176901
2,128;0,015968
2,13;0,0142058
2,132;0,0124103
2,134;0,0105887
2,136;0,00874819
2,138;0,00689603
2,14;0,00503964
2,142;0,00318642
2,144;0,00134379
2,146;0,000480834
2,148;0,00228012
2,15;0,0040468
2,152;0,00577372
2,154;0,00745386
2,156;0,00908039
2,158;0,0106466
2,16;0,0121462
2,162;0,0135729
2,164;0,0149208
2,166;0,0161844
2,168;0,0173583
2,17;0,0184376
2,172;0,0194177
2,174;0,0202945
2,176;0,0210642
2,178;0,0217234
2,18;0,0222692
2,182;0,0226991
2,184;0,023011
2,186;0,0232035
2,188;0,0232753
2,19;0,023226
2,192;0,0230553
2,194;0,0227637
2,196;0,022352
2,198;0,0218214
2,2;0,0211739
2,202;0,0204117
2,204;0,0195375
2,206;0,0185546
2,208;0,0174665
2,21;0,0162774
2,212;0,0149917
2,214;0,0136144
2,216;0,0121506
2,218;0,010606
2,22;0,00898661
2,222;0,00729866
2,224;0,00554873
2,226;0,00374366
2,228;0,00189052
2,23;3,41513e-06
2,232;0,00193067
2,234;0,00388362
2,236;0,00585454
2,238;0,00783557
2,24;0,00981883
2,242;0,0117964
2,244;0,0137603
2,246;0,0157027
2,248;0,0176158
2,25;0,0194918
2,252;0,0213231
2,254;0,0231023
2,256;0,0248221
2,258;0,0264754
2,26;0,0280556
2,262;0,0295561
2,264;0,0309706
2,266;0,0322933
2,268;0,0335186
2,27;0,0346414
2,272;0,0356569
2,274;0,0365608
2,276;0,0373491
2,278;0,0380184
2,28;0,0385657
2,282;0,0389885
2,284;0,0392848
2,286;0,039453
2,288;0,0394921
2,29;0,0394016
2,292;0,0391816
2,294;0,0388325
2,296;0,0383555
2,298;0,037752
2,3;0,0370242
2,302;0,0361747
2,304;0,0352065
2,306;0,0341232
2,308;0,0329287
2,31;0,0316277
2,312;0,0302249
2,314;0,0287258
2,316;0,0271361
2,318;0,0254619
2,32;0,0237096
2,322;0,0218862
2,324;0,0199986
2,326;0,0180542
2,328;0,0160608
2,33;0,014026
2,332;0,011958
2,334;0,009865
2,336;0,0077552
2,338;0,00563704
2,34;0,00351897
2,342;0,00140946
2,344;0,000683036
2,346;0,00275009
2,348;0,00478337
2,35;0,00677466
2,352;0,00871588
2,354;0,0105991
2,356;0,0124167
2,358;0,0141612
2,36;0,0158254
2,362;0,0174024
2,364;0,0188858
2,366;0,0202693
2,368;0,0215471
2,37;0,0227139
2,372;0,0237646
2,374;0,0246948
2,376;0,0255004
2,378;0,0261779
2,38;0,0267242
2,382;0,0271367
2,384;0,0274135
2,386;0,0275532
2,388;0,0275547
2,39;0,0274177
2,392;0,0271423
2,394;0,0267294
2,396;0,0261802
2,398;0,0254965
2,4;0,0246808
2,402;0,0237358
2,404;0,0226651
2,406;0,0214726
2,408;0,0201627
2,41;0,0187404
2,412;0,0172111
2,414;0,0155806
2,416;0,0138551
2,418;0,0120413
2,42;0,0101462
2,422;0,00817722
2,424;0,00614198
2,426;0,00404845
2,428;0,00190486
2,43;0,000280344
2,432;0,00249854
2,434;0,00474094
2,436;0,00699865
2,438;0,00926266
2,44;0,0115239
2,442;0,0137734
2,444;0,0160021
2,446;0,018201
2,448;0,0203613
2,45;0,0224742
2,452;0,024531
2,454;0,0265236
2,456;0,0284436
2,458;0,0302832
2,46;0,0320349
2,462;0,0336915
2,464;0,0352459
2,466;0,0366918
2,468;0,0380231
2,47;0,0392341
2,472;0,0403197
2,474;0,0412753
2,476;0,0420965
2,478;0,0427798
2,48;0,0433221
2,482;0,0437209
2,484;0,0439741
2,486;0,0440804
2,488;0,0440389
2,49;0,0438494
2,492;0,0435123
2,494;0,0430286
2,496;0,0423997
2,498;0,0416279
2,5;0,0407157
2,502;0,0396666
2,504;0,0384843
2,506;0,0371731
2,508;0,0357381
2,51;0,0341846
2,512;0,0325184
2,514;0,0307461
2,516;0,0288743
2,518;0,0269103
2,52;0,0248617
2,522;0,0227365
2,524;0,0205429
2,526;0,0182897
2,528;0,0159855
2,53;0,0136395
2,532;0,011261
2,534;0,00885943
2,536;0,00644428
2,538;0,00402519
2,54;0,00161184
2,542;0,000786117
2,544;0,00315904
2,546;0,00549736
2,548;0,00779165
2,55;0,0100326
2,552;0,0122111
2,554;0,0143183
2,556;0,0163456
2,558;0,0182846
2,56;0,0201273
2,562;0,0218662
2,564;0,023494
2,566;0,0250038
2,568;0,0263894
2,57;0,0276448
2,572;0,0287647
2,574;0,0297442
2,576;0,0305791
2,578;0,0312656
2,58;0,0318006
2,582;0,0321816
2,584;0,0324065
2,586;0,0324742
2,588;0,0323838
2,59;0,0321354
2,592;0,0317295
2,594;0,0311673
2,596;0,0304506
2,598;0,029582
2,6;0,0285644
2,602;0,0274016
2,604;0,0260978
2,606;0,0246578
2,608;0,0230871
2,61;0,0213915
2,612;0,0195776
2,614;0,0176522
2,616;0,0156229
2,618;0,0134973
2,62;0,0112838
2,622;0,00899095
2,624;0,00662775
2,626;0,00420346
2,628;0,00172761
2,63;0,000790041
2,632;0,00333953
2,634;0,00591074
2,636;0,00849345
2,638;0,0110774
2,64;0,0136521
2,642;0,0162075
2,644;0,018733
2,646;0,0212187
2,648;0,0236544
2,65;0,0260303
2,652;0,0283367
2,654;0,0305641
2,656;0,0327035
2,658;0,0347461
2,66;0,0366835
2,662;0,0385076
2,664;0,0402107
2,666;0,0417859
2,668;0,0432264
2,67;0,0445261
2,672;0,0456795
2,674;0,0466815
2,676;0,0475278
2,678;0,0482144
2,68;0,0487384
2,682;0,049097
2,684;0,0492885
2,686;0,0493117
2,688;0,049166
2,69;0,0488514
2,692;0,048369
2,694;0,04772
2,696;0,0469067
2,698;0,0459319
2,7;0,0447991
2,702;0,0435123
2,704;0,0420764
2,706;0,0404966
2,708;0,0387788
2,71;0,0369297
2,712;0,0349562
2,714;0,0328659
2,716;0,0306668
2,718;0,0283675
2,72;0,0259769
2,722;0,0235042
2,724;0,0209593
2,726;0,018352
2,728;0,0156926
2,73;0,0129917
2,732;0,0102599
2,734;0,00750798
2,736;0,00474702
2,738;0,001988
2,74;0,000758047
2,742;0,0034801
2,744;0,00616721
2,746;0,00880853
2,748;0,0113934
2,75;0,0139113
2,752;0,0163519
2,754;0,0187054
2,756;0,0209621
2,758;0,0231126
2,76;0,0251481
2,762;0,0270602
2,764;0,0288409
2,766;0,0304827
2,768;0,0319786
2,77;0,0333223
2,772;0,034508
2,774;0,0355306
2,776;0,0363855
2,778;0,0370688
2,78;0,0375774
2,782;0,0379088
2,784;0,0380612
2,786;0,0380334
2,788;0,0378251
2,79;0,0374367
2,792;0,0368692
2,794;0,0361244
2,796;0,0352049
2,798;0,0341138
2,8;0,0328551
2,802;0,0314333
2,804;0,0298537
2,806;0,0281222
2,808;0,0262453
2,81;0,0242301
2,812;0,0220843
2,814;0,0198162
2,816;0,0174345
2,818;0,0149485
2,82;0,0123677
2,822;0,00970228
2,824;0,00696267
2,826;0,00415962
2,828;0,00130416
2,83;0,0015924
2,832;0,00451861
2,834;0,00746283
2,836;0,0104133
2,838;0,0133583
2,84;0,016286
2,842;0,0191847
2,844;0,0220426
2,846;0,0248483
2,848;0,0275903
2,85;0,0302576
2,852;0,0328392
2,854;0,0353247
2,856;0,0377038
2,858;0,0399666
2,86;0,042104
2,862;0,0441069
2,864;0,045967
2,866;0,0476764
2,868;0,049228
2,87;0,0506152
2,872;0,0518318
2,874;0,0528726
2,876;0,0537331
2,878;0,0544091
2,88;0,0548976
2,882;0,0551961
2,884;0,0553029
2,886;0,0552171
2,888;0,0549384
2,89;0,0544676
2,892;0,0538059
2,894;0,0529554
2,896;0,0519192
2,898;0,0507009
2,9;0,0493047
2,902;0,0477359
2,904;0,0460003
2,906;0,0441043
2,908;0,0420551
2,91;0,0398605
2,912;0,037529
2,914;0,0350693
2,916;0,0324911
2,918;0,0298044
2,92;0,0270195
2,922;0,0241475
2,924;0,0211995
2,926;0,0181871
2,928;0,0151222
2,93;0,0120169
2,932;0,00888355
2,934;0,0057346
2,936;0,00258261
2,938;0,000559842
2,94;0,00368015
2,942;0,00676576
2,944;0,00980427
2,946;0,0127834
2,948;0,015691
2,95;0,0185153
2,952;0,0212448
2,954;0,0238684
2,956;0,0263752
2,958;0,0287548
2,96;0,0309975
2,962;0,033094
2,964;0,0350353
2,966;0,0368134
2,968;0,0384207
2,97;0,0398504
2,972;0,0410961
2,974;0,0421525
2,976;0,0430148
2,978;0,0436791
2,98;0,0441422
2,982;0,0444016
2,984;0,0444559
2,986;0,0443041
2,988;0,0439465
2,99;0,0433838
2,992;0,0426179
2,994;0,0416511
2,996;0,0404869
2,998;0,0391293
3;0,0375833
3,002;0,0358545
3,004;0,0339495
3,006;0,0318753
3,008;0,0296398
3,01;0,0272514
3,012;0,0247194
3,014;0,0220535
3,016;0,019264
3,018;0,0163617
3,02;0,0133579
3,022;0,0102645
3,024;0,00709338
3,026;0,00385718
3,028;0,000568645
3,03;0,00275922
3,032;0,00611321
3,034;0,00947997
3,036;0,0128461
3,038;0,0161981
3,04;0,0195225
3,042;0,0228059
3,044;0,0260352
3,046;0,0291973
3,048;0,0322792
3,05;0,0352686
3,052;0,0381531
3,054;0,040921
3,056;0,0435609
3,058;0,0460619
3,06;0,0484136
3,062;0,0506061
3,064;0,0526304
3,066;0,0544778
3,068;0,0561406
3,07;0,0576115
3,072;0,0588841
3,074;0,0599529
3,076;0,060813
3,078;0,0614605
3,08;0,0618921
3,082;0,0621056
3,084;0,0620995
3,086;0,0618733
3,088;0,0614272
3,09;0,0607626
3,092;0,0598814
3,094;0,0587866
3,096;0,0574821
3,098;0,0559724
3,1;0,0542631
3,102;0,0523604
3,104;0,0502716
3,106;0,0480043
3,108;0,0455673
3,11;0,0429698
3,112;0,0402218
3,114;0,0373338
3,116;0,0343171
3,118;0,0311834
3,12;0,0279448
3,122;0,0246142
3,124;0,0212044
3,126;0,0177291
3,128;0,0142018
3,13;0,0106367
3,132;0,0070477
3,134;0,00344927
3,136;0,000144269
3,138;0,00371853
3,14;0,00725916
3,142;0,0107519
3,144;0,0141827
3,146;0,0175376
3,148;0,020803
3,15;0,0239657
3,152;0,0270126
3,154;0,0299313
3,156;0,0327098
3,158;0,0353365
3,16;0,0378007
3,162;0,0400919
3,164;0,0422006
3,166;0,0441178
3,168;0,0458354
3,17;0,0473459
3,172;0,0486428
3,174;0,0497203
3,176;0,0505735
3,178;0,0511984
3,18;0,0515919
3,182;0,0517518
3,184;0,0516768
3,186;0,0513667
3,188;0,0508219
3,19;0,0500441
3,192;0,0490358
3,194;0,0478004
3,196;0,0463422
3,198;0,0446665
3,2;0,0427793
3,202;0,0406877
3,204;0,0383995
3,206;0,0359233
3,208;0,0332685
3,21;0,0304453
3,212;0,0274645
3,214;0,0243376
3,216;0,0210767
3,218;0,0176946
3,22;0,0142043
3,222;0,0106197
3,224;0,00695471
3,226;0,00322386
3,228;0,000558112
3,23;0,00437623
3,232;0,0082153
3,234;0,01206
3,236;0,0158951
3,238;0,019705
3,24;0,0234746
3,242;0,0271886
3,244;0,0308321
3,246;0,0343902
3,248;0,0378486
3,25;0,041193
3,252;0,0444099
3,254;0,047486
3,256;0,0504087
3,258;0,0531658
3,26;0,0557458
3,262;0,0581381
3,264;0,0603324
3,266;0,0623196
3,268;0,0640911
3,27;0,0656392
3,272;0,0669572
3,274;0,0680391
3,276;0,06888
3,278;0,069476
3,28;0,0698239
3,282;0,0699218
3,284;0,0697685
3,286;0,069364
3,288;0,0687093
3,29;0,0678062
3,292;0,0666578
3,294;0,065268
3,296;0,0636417
3,298;0,0617848
3,3;0,0597041
3,302;0,0574073
3,304;0,054903
3,306;0,0522007
3,308;0,0493107
3,31;0,0462441
3,312;0,0430125
3,314;0,0396286
3,316;0,0361054
3,318;0,0324567
3,32;0,0286967
3,322;0,0248402
3,324;0,0209024
3,326;0,0168987
3,328;0,012845
3,33;0,0087574
3,332;0,00465217
3,334;0,000545664
3,336;0,00354569
3,338;0,00760549
3,34;0,0116174
3,342;0,0155653
3,344;0,0194331
3,346;0,0232053
3,348;0,0268664
3,35;0,0304015
3,352;0,0337961
3,354;0,0370363
3,356;0,0401088
3,358;0,0430007
3,36;0,0457
3,362;0,0481955
3,364;0,0504765
3,366;0,0525335
3,368;0,0543575
3,37;0,0559406
3,372;0,0572759
3,374;0,0583574
3,376;0,0591801
3,378;0,05974
3,38;0,0600341
3,382;0,0600605
3,384;0,0598185
3,386;0,0593084
3,388;0,0585313
3,39;0,0574897
3,392;0,0561872
3,394;0,0546281
3,396;0,0528181
3,398;0,0507637
3,4;0,0484724
3,402;0,0459529
3,404;0,0432146
3,406;0,0402678
3,408;0,0371238
3,41;0,0337947
3,412;0,0302932
3,414;0,0266329
3,416;0,022828
3,418;0,0188934
3,42;0,0148445
3,422;0,010697
3,424;0,0064675
3,426;0,00217252
3,428;0,00217089
3,43;0,00654548
3,432;0,0109338
3,434;0,0153185
3,436;0,0196818
3,438;0,0240063
3,44;0,0282746
3,442;0,0324694
3,444;0,0365739
3,446;0,0405713
3,448;0,0444453
3,45;0,0481802
3,452;0,0517606
3,454;0,0551718
3,456;0,0583997
3,458;0,0614309
3,46;0,0642527
3,462;0,0668534
3,464;0,0692218
3,466;0,0713479
3,468;0,0732226
3,47;0,0748377
3,472;0,0761861
3,474;0,0772616
3,476;0,0780591
3,478;0,0785749
3,48;0,078806
3,482;0,0787508
3,484;0,0784087
3,486;0,0777804
3,488;0,0768675
3,49;0,0756731
3,492;0,074201
3,494;0,0724565
3,496;0,0704458
3,498;0,0681762
3,5;0,0656562
3,502;0,0628951
3,504;0,0599034
3,506;0,0566923
3,508;0,0532742
3,51;0,0496621
3,512;0,0458701
3,514;0,0419128
3,516;0,0378055
3,518;0,0335644
3,52;0,0292059
3,522;0,0247473
3,524;0,0202061
3,526;0,0156003
3,528;0,0109481
3,53;0,0062679
3,532;0,00157848
3,534;0,00310148
3,536;0,00775323
3,538;0,0123581
3,54;0,0168975
3,542;0,0213531
3,544;0,025707
3,546;0,0299413
3,548;0,0340389
3,55;0,0379829
3,552;0,0417573
3,554;0,0453464
3,556;0,0487354
3,558;0,0519103
3,56;0,0548576
3,562;0,0575651
3,564;0,0600213
3,566;0,0622157
3,568;0,0641388
3,57;0,0657821
3,572;0,0671384
3,574;0,0682016
3,576;0,0689664
3,578;0,0694291
3,58;0,0695871
3,582;0,0694389
3,584;0,0689842
3,586;0,0682241
3,588;0,0671608
3,59;0,0657977
3,592;0,0641395
3,594;0,0621921
3,596;0,0599624
3,598;0,0574586
3,6;0,0546901
3,602;0,0516671
3,604;0,048401
3,606;0,0449044
3,608;0,0411906
3,61;0,0372738
3,612;0,0331692
3,614;0,0288927
3,616;0,0244609
3,618;0,0198912
3,62;0,0152014
3,622;0,0104101
3,624;0,00553602
3,626;0,000598541
3,628;0,00438278
3,63;0,00938815
3,632;0,0143976
3,634;0,0193911
3,636;0,0243486
3,638;0,0292503
3,64;0,0340762
3,642;0,0388071
3,644;0,0434236
3,646;0,047907
3,648;0,052239
3,65;0,0564019
3,652;0,0603786
3,654;0,0641527
3,656;0,0677085
3,658;0,0710312
3,66;0,074107
3,662;0,0769228
3,664;0,0794667
3,666;0,0817278
3,668;0,0836963
3,67;0,0853636
3,672;0,0867221
3,674;0,0877657
3,676;0,0884892
3,678;0,088889
3,68;0,0889626
3,682;0,0887089
3,684;0,0881279
3,686;0,0872211
3,688;0,0859914
3,69;0,0844426
3,692;0,0825803
3,694;0,0804109
3,696;0,0779424
3,698;0,0751838
3,7;0,0721454
3,702;0,0688387
3,704;0,065276
3,706;0,061471
3,708;0,0574383
3,71;0,0531933
3,712;0,0487525
3,714;0,0441332
3,716;0,0393533
3,718;0,0344315
3,72;0,0293872
3,722;0,0242401
3,724;0,0190107
3,726;0,0137195
3,728;0,00838763
3,73;0,00303628
3,732;0,00231321
3,734;0,00763942
3,736;0,012921
3,738;0,0181367
3,74;0,0232654
3,742;0,0282865
3,744;0,0331796
3,746;0,0379247
3,748;0,0425025
3,75;0,0468942
3,752;0,0510817
3,754;0,0550478
3,756;0,058776
3,758;0,0622507
3,76;0,0654575
3,762;0,0683826
3,764;0,0710138
3,766;0,0733396
3,768;0,07535
3,77;0,077036
3,772;0,0783902
3,774;0,0794061
3,776;0,0800788
3,778;0,0804047
3,78;0,0803815
3,782;0,0800085
3,784;0,0792862
3,786;0,0782165
3,788;0,0768028
3,79;0,0750498
3,792;0,0729637
3,794;0,0705519
3,796;0,0678232
3,798;0,0647876
3,8;0,0614565
3,802;0,0578424
3,804;0,053959
3,806;0,0498211
3,808;0,0454446
3,81;0,0408464
3,812;0,0360442
3,814;0,0310568
3,816;0,0259036
3,818;0,0206047
3,82;0,015181
3,822;0,00965386
3,824;0,00404505
3,826;0,00162318
3,828;0,00732831
3,83;0,0130476
3,832;0,0187583
3,834;0,0244375
3,836;0,0300623
3,838;0,0356101
3,84;0,0410586
3,842;0,0463857
3,844;0,0515697
3,846;0,0565896
3,848;0,0614248
3,85;0,0660554
3,852;0,0704625
3,854;0,0746277
3,856;0,0785338
3,858;0,0821645
3,86;0,0855045
3,862;0,0885397
3,864;0,0912571
3,866;0,093645
3,868;0,0956929
3,87;0,0973919
3,872;0,0987341
3,874;0,0997132
3,876;0,100324
3,878;0,100564
3,88;0,100431
3,882;0,0999232
3,884;0,0990431
3,886;0,0977927
3,888;0,0961761
3,89;0,0941988
3,892;0,0918677
3,894;0,0891913
3,896;0,0861791
3,898;0,0828426
3,9;0,079194
3,902;0,0752472
3,904;0,0710172
3,906;0,0665202
3,908;0,0617733
3,91;0,056795
3,912;0,0516045
3,914;0,046222
3,916;0,0406686
3,918;0,0349659
3,92;0,0291365
3,922;0,0232033
3,924;0,0171897
3,926;0,0111196
3,928;0,00501717
3,93;0,00109335
3,932;0,00718751
3,934;0,0132409
3,936;0,0192292
3,938;0,0251282
3,94;0,0309142
3,942;0,0365636
3,944;0,0420536
3,946;0,0473618
3,948;0,0524663
3,95;0,0573463
3,952;0,0619817
3,954;0,0663532
3,956;0,0704427
3,958;0,074233
3,96;0,0777082
3,962;0,0808536
3,964;0,0836556
3,966;0,0861022
3,968;0,0881827
3,97;0,0898877
3,972;0,0912093
3,974;0,0921414
3,976;0,0926792
3,978;0,0928193
3,98;0,0925603
3,982;0,0919021
3,984;0,0908462
3,986;0,0893958
3,988;0,0875557
3,99;0,0853322
3,992;0,0827331
3,994;0,0797679
3,996;0,0764474
3,998;0,072784
4;0,0687914
4,002;0,0644847
4,004;0,0598803
4,006;0,0549959
4,008;0,0498501
4,01;0,0444629
4,012;0,0388552
4,014;0,0330489
4,016;0,0270666
4,018;0,0209318
4,02;0,0146686
4,022;0,00830174
4,024;0,00185643
4,026;0,00464178
4,028;0,011167
4,03;0,0176933
4,032;0,0241945
4,034;0,0306445
4,036;0,0370174
4,038;0,0432876
4,04;0,0494296
4,042;0,0554185
4,044;0,06123
4,046;0,0668404
4,048;0,0722267
4,05;0,0773667
4,052;0,0822392
4,054;0,0868241
4,056;0,0911022
4,058;0,0950555
4,06;0,0986675
4,062;0,101923
4,064;0,104807
4,066;0,107308
4,068;0,109415
4,07;0,111118
4,072;0,11241
4,074;0,113284
4,076;0,113735
4,078;0,11376
4,08;0,113359
4,082;0,112532
4,084;0,111281
4,086;0,109609
4,088;0,107523
4,09;0,10503
4,092;0,102138
4,094;0,0988579
4,096;0,0952021
4,098;0,091184
4,1;0,0868187
4,102;0,0821228
4,104;0,0771142
4,106;0,071812
4,108;0,0662368
4,11;0,06041
4,112;0,0543543
4,114;0,0480934
4,116;0,0416516
4,118;0,0350544
4,12;0,0283276
4,122;0,0214979
4,124;0,0145922
4,126;0,00763805
4,128;0,000663087
4,13;0,00630485
4,132;0,0132379
4,134;0,0201081
4,136;0,026888
4,138;0,0335501
4,14;0,0400675
4,142;0,0464137
4,144;0,0525629
4,146;0,05849
4,148;0,0641706
4,15;0,0695814
4,152;0,0747
4,154;0,0795052
4,156;0,0839769
4,158;0,0880964
4,16;0,0918461
4,162;0,0952102
4,164;0,0981741
4,166;0,100725
4,168;0,102851
4,17;0,104544
4,172;0,105794
4,174;0,106597
4,176;0,106947
4,178;0,106841
4,18;0,10628
4,182;0,105264
4,184;0,103796
4,186;0,10188
4,188;0,0995237
4,19;0,0967346
4,192;0,0935228
4,194;0,0899001
4,196;0,0858798
4,198;0,081477
4,2;0,0767082
4,202;0,0715917
4,204;0,0661468
4,206;0,0603945
4,208;0,0543571
4,21;0,0480578
4,212;0,0415212
4,214;0,0347728
4,216;0,0278391
4,218;0,0207472
4,22;0,0135251
4,222;0,00620138
4,224;0,00119496
4,226;0,00863452
4,228;0,0160877
4,23;0,0235246
4,232;0,0309156
4,234;0,0382309
4,236;0,0454411
4,238;0,052517
4,24;0,05943
4,242;0,066152
4,244;0,0726556
4,246;0,0789143
4,248;0,0849022
4,25;0,0905948
4,252;0,0959684
4,254;0,101001
4,256;0,105671
4,258;0,109959
4,26;0,113847
4,262;0,117318
4,264;0,120358
4,266;0,122953
4,268;0,12509
4,27;0,126762
4,272;0,127959
4,274;0,128676
4,276;0,128908
4,278;0,128654
4,28;0,127913
4,282;0,126686
4,284;0,124978
4,286;0,122793
4,288;0,12014
4,29;0,117027
4,292;0,113466
4,294;0,10947
4,296;0,105054
4,298;0,100234
4,3;0,0950288
4,302;0,0894578
4,304;0,0835423
4,306;0,0773052
4,308;0,0707705
4,31;0,0639636
4,312;0,0569109
4,314;0,0496401
4,316;0,0421796
4,318;0,0345588
4,32;0,0268077
4,322;0,018957
4,324;0,0110379
4,326;0,00308172
4,328;0,0048797
4,33;0,0128145
4,332;0,020691
4,334;0,0284774
4,336;0,0361424
4,338;0,043655
4,34;0,0509847
4,342;0,0581017
4,344;0,064977
4,346;0,0715825
4,348;0,0778909
4,35;0,0838764
4,352;0,089514
4,354;0,0947803
4,356;0,0996532
4,358;0,104112
4,36;0,108138
4,362;0,111714
4,364;0,114825
4,366;0,117456
4,368;0,119596
4,37;0,121235
4,372;0,122366
4,374;0,122981
4,376;0,123078
4,378;0,122655
4,38;0,121711
4,382;0,12025
4,384;0,118276
4,386;0,115795
4,388;0,112816
4,39;0,10935
4,392;0,105409
4,394;0,101007
4,396;0,0961609
4,398;0,0908892
4,4;0,0852116
4,402;0,0791497
4,404;0,0727268
4,406;0,0659676
4,408;0,0588981
4,41;0,051546
4,412;0,0439398
4,414;0,0361092
4,416;0,0280851
4,418;0,0198989
4,42;0,011583
4,422;0,00317033
4,424;0,00530574
4,426;0,0138115
4,428;0,0223129
4,43;0,0307761
4,432;0,039167
4,434;0,0474519
4,436;0,0555974
4,438;0,0635705
4,44;0,0713388
4,442;0,0788708
4,444;0,0861357
4,446;0,0931037
4,448;0,0997462
4,45;0,106036
4,452;0,111946
4,454;0,117453
4,456;0,122532
4,458;0,127164
4,46;0,131327
4,462;0,135005
4,464;0,138181
4,466;0,14084
4,468;0,142972
4,47;0,144566
4,472;0,145614
4,474;0,14611
4,476;0,146052
4,478;0,145438
4,48;0,144268
4,482;0,142547
4,484;0,140279
4,486;0,137473
4,488;0,134137
4,49;0,130284
4,492;0,125928
4,494;0,121085
4,496;0,115773
4,498;0,110012
4,5;0,103824
4,502;0,0972321
4,504;0,0902623
4,506;0,082941
4,508;0,0752968
4,51;0,0673593
4,512;0,0591594
4,514;0,0507294
4,516;0,0421022
4,518;0,0333119
4,52;0,0243932
4,522;0,0153814
4,524;0,00631235
4,526;0,00277785
4,528;0,0118529
4,53;0,0208765
4,532;0,0298123
4,534;0,0386244
4,536;0,0472772
4,538;0,0557358
4,54;0,0639656
4,542;0,0719332
4,544;0,0796061
4,546;0,0869528
4,548;0,0939429
4,55;0,100548
4,552;0,106739
4,554;0,112493
4,556;0,117783
4,558;0,122588
4,56;0,126887
4,562;0,130661
4,564;0,133895
4,566;0,136574
4,568;0,138685
4,57;0,140219
4,572;0,141168
4,574;0,141526
4,576;0,141291
4,578;0,140461
4,58;0,13904
4,582;0,13703
4,584;0,134438
4,586;0,131274
4,588;0,127548
4,59;0,123273
4,592;0,118465
4,594;0,113143
4,596;0,107325
4,598;0,101035
4,6;0,0942948
4,602;0,0871316
4,604;0,0795724
4,606;0,0716465
4,608;0,0633845
4,61;0,0548188
4,612;0,0459826
4,614;0,0369106
4,616;0,0276386
4,618;0,0182029
4,62;0,00864102
4,622;0,00100922
4,624;0,0107094
4,626;0,020421
4,628;0,030105
4,63;0,0397227
4,632;0,0492355
4,634;0,058605
4,636;0,0677933
4,638;0,0767632
4,64;0,0854783
4,642;0,093903
4,644;0,102003
4,646;0,109745
4,648;0,117096
4,65;0,124027
4,652;0,130509
4,654;0,136515
4,656;0,142018
4,658;0,146997
4,66;0,151429
4,662;0,155295
4,664;0,158579
4,666;0,161266
4,668;0,163343
4,67;0,1648
4,672;0,16563
4,674;0,165829
4,676;0,165393
4,678;0,164322
4,68;0,16262
4,682;0,16029
4,684;0,157342
4,686;0,153785
4,688;0,149631
4,69;0,144897
4,692;0,139598
4,694;0,133755
4,696;0,127389
4,698;0,120526
4,7;0,11319
4,702;0,10541
4,704;0,0972164
4,706;0,0886401
4,708;0,0797147
4,71;0,0704749
4,712;0,0609568
4,714;0,0511978
4,716;0,0412363
4,718;0,0311116
4,72;0,0208636
4,722;0,0105332
4,724;0,00016144
4,726;0,0102104
4,728;0,0205407
4,73;0,0307882
4,732;0,0409115
4,734;0,0508699
4,736;0,0606231
4,738;0,0701316
4,74;0,0793566
4,742;0,0882604
4,744;0,0968067
4,746;0,10496
4,748;0,112687
4,75;0,119956
4,752;0,126736
4,754;0,132999
4,756;0,138718
4,758;0,14387
4,76;0,148431
4,762;0,152383
4,764;0,155707
4,766;0,158389
4,768;0,160416
4,77;0,161779
4,772;0,16247
4,774;0,162485
4,776;0,161821
4,778;0,16048
4,78;0,158466
4,782;0,155784
4,784;0,152443
4,786;0,148455
4,788;0,143835
4,79;0,138598
4,792;0,132765
4,794;0,126357
4,796;0,119399
4,798;0,111916
4,8;0,103937
4,802;0,0954922
4,804;0,0866151
4,806;0,0773395
4,808;0,0677016
4,81;0,0577389
4,812;0,0474904
4,814;0,0369963
4,816;0,026298
4,818;0,0154376
4,82;0,00445825
4,822;0,00659649
4,824;0,0176826
4,826;0,0287558
4,828;0,0397719
4,83;0,0506865
4,832;0,0614557
4,834;0,0720361
4,836;0,0823849
4,838;0,09246
4,84;0,10222
4,842;0,111626
4,844;0,120639
4,846;0,129222
4,848;0,137338
4,85;0,144956
4,852;0,152042
4,854;0,158567
4,856;0,164503
4,858;0,169826
4,86;0,174512
4,862;0,17854
4,864;0,181894
4,866;0,184557
4,868;0,186517
4,87;0,187765
4,872;0,188293
4,874;0,188098
4,876;0,187178
4,878;0,185535
4,88;0,183174
4,882;0,180102
4,884;0,17633
4,886;0,171871
4,888;0,166741
4,89;0,160959
4,892;0,154545
4,894;0,147524
4,896;0,139923
4,898;0,131771
4,9;0,123097
4,902;0,113937
4,904;0,104324
4,906;0,0942973
4,908;0,0838946
4,91;0,0731569
4,912;0,0621261
4,914;0,0508458
4,916;0,0393602
4,918;0,0277149
4,92;0,015956
4,922;0,00413011
4,924;0,00771551
4,926;0,0195336
4,928;0,0312767
4,93;0,0428978
4,932;0,05435
4,934;0,0655871
4,936;0,0765635
4,938;0,0872346
4,94;0,0975569
4,942;0,107488
4,944;0,116988
4,946;0,126017
4,948;0,134537
4,95;0,142514
4,952;0,149913
4,954;0,156705
4,956;0,162859
4,958;0,16835
4,96;0,173155
4,962;0,177251
4,964;0,18062
4,966;0,183248
4,968;0,185122
4,97;0,186232
4,972;0,186571
4,974;0,186137
4,976;0,184929
4,978;0,18295
4,98;0,180205
4,982;0,176704
4,984;0,172458
4,986;0,167483
4,988;0,161797
4,99;0,15542
4,992;0,148376
4,994;0,140691
4,996;0,132395
4,998;0,123519
5;0,114097
5,002;0,104165
5,004;0,0937613
5,006;0,0829269
5,008;0,0717035
5,01;0,0601351
5,012;0,048267
5,014;0,036146
5,016;0,0238197
5,018;0,011337
5,02;0,00125257
5,022;0,013899
5,024;0,0265519
5,026;0,0391606
5,028;0,0516745
5,03;0,0640434
5,032;0,0762174
5,034;0,0881473
5,036;0,0997847
5,038;0,111082
5,04;0,121994
5,042;0,132475
5,044;0,142482
5,046;0,151975
5,048;0,160913
5,05;0,169259
5,052;0,17698
5,054;0,184041
5,056;0,190413
5,058;0,196068
5,06;0,200983
5,062;0,205135
5,064;0,208506
5,066;0,21108
5,068;0,212845
5,07;0,213792
5,072;0,213914
5,074;0,21321
5,076;0,211679
5,078;0,209325
5,08;0,206156
5,082;0,202182
5,084;0,197417
5,086;0,191879
5,088;0,185586
5,09;0,178562
5,092;0,170833
5,094;0,162429
5,096;0,153381
5,098;0,143724
5,1;0,133495
5,102;0,122732
5,104;0,111478
5,106;0,0997763
5,108;0,0876727
5,11;0,0752143
5,112;0,0624502
5,114;0,0494305
5,116;0,0362067
5,118;0,0228311
5,12;0,00935675
5,122;0,00416267
5,124;0,0176732
5,126;0,0311208
5,128;0,0444515
5,13;0,0576116
5,132;0,0705481
5,134;0,0832086
5,136;0,0955418
5,138;0,107497
5,14;0,119027
5,142;0,130082
5,144;0,140619
5,146;0,150592
5,148;0,159962
5,15;0,168689
5,152;0,176735
5,154;0,184068
5,156;0,190656
5,158;0,196471
5,16;0,201487
5,162;0,205682
5,164;0,209038
5,166;0,211538
5,168;0,21317
5,17;0,213925
5,172;0,213799
5,174;0,212788
5,176;0,210896
5,178;0,208126
5,18;0,204489
5,182;0,199995
5,184;0,194662
5,186;0,188507
5,188;0,181553
5,19;0,173827
5,192;0,165356
5,194;0,156173
5,196;0,146312
5,198;0,135812
5,2;0,124712
5,202;0,113055
5,204;0,100887
5,206;0,0882541
5,208;0,0752066
5,21;0,0617951
5,212;0,0480724
5,214;0,0340926
5,216;0,0199108
5,218;0,0055833
5,22;0,00883304
5,222;0,0232808
5,224;0,0377022
5,226;0,0520396
5,228;0,0662353
5,23;0,0802322
5,232;0,0939738
5,234;0,107404
5,236;0,12047
5,238;0,133116
5,24;0,145292
5,242;0,156947
5,244;0,168034
5,246;0,178507
5,248;0,188322
5,25;0,197438
5,252;0,205817
5,254;0,213424
5,256;0,220225
5,258;0,226192
5,26;0,231298
5,262;0,235521
5,264;0,238841
5,266;0,241243
5,268;0,242715
5,27;0,243248
5,272;0,242838
5,274;0,241484
5,276;0,239188
5,278;0,235958
5,28;0,231804
5,282;0,226739
5,284;0,220783
5,286;0,213956
5,288;0,206283
5,29;0,197792
5,292;0,188517
5,294;0,17849
5,296;0,167752
5,298;0,156342
5,3;0,144304
5,302;0,131685
5,304;0,118535
5,306;0,104903
5,308;0,0908437
5,31;0,0764118
5,312;0,0616641
5,314;0,0466586
5,316;0,0314548
5,318;0,0161129
5,32;0,000693927
5,322;0,0147407
5,324;0,0301292
5,326;0,0454099
5,328;0,0605214
5,33;0,0754029
5,332;0,0899942
5,334;0,104236
5,336;0,118071
5,338;0,131442
5,34;0,144294
5,342;0,156576
5,344;0,168235
5,346;0,179225
5,348;0,189498
5,35;0,199013
5,352;0,207729
5,354;0,215609
5,356;0,222619
5,358;0,228729
5,36;0,233912
5,362;0,238145
5,364;0,241408
5,366;0,243686
5,368;0,244967
5,37;0,245244
5,372;0,244512
5,374;0,242772
5,376;0,240027
5,378;0,236287
5,38;0,231564
5,382;0,225873
5,384;0,219236
5,386;0,211675
5,388;0,20322
5,39;0,1939
5,392;0,183752
5,394;0,172814
5,396;0,161127
5,398;0,148736
5,4;0,135688
5,402;0,122035
5,404;0,107829
5,406;0,0931257
5,408;0,0779822
5,41;0,0624581
5,412;0,0466145
5,414;0,0305139
5,416;0,0142201
5,418;0,00220242
5,42;0,0186882
5,422;0,0351714
5,424;0,0515862
5,426;0,0678667
5,428;0,0839474
5,43;0,0997636
5,432;0,115251
5,434;0,130347
5,436;0,14499
5,438;0,159121
5,44;0,172681
5,442;0,185615
5,444;0,197869
5,446;0,209393
5,448;0,220138
5,45;0,230059
5,452;0,239115
5,454;0,247267
5,456;0,25448
5,458;0,260723
5,46;0,265967
5,462;0,27019
5,464;0,273372
5,466;0,275497
5,468;0,276554
5,47;0,276535
5,472;0,275439
5,474;0,273267
5,476;0,270024
5,478;0,26572
5,48;0,260371
5,482;0,253994
5,484;0,246612
5,486;0,238253
5,488;0,228946
5,49;0,218727
5,492;0,207634
5,494;0,19571
5,496;0,182999
5,498;0,16955
5,5;0,155416
5,502;0,14065
5,504;0,125311
5,506;0,109458
5,508;0,0931534
5,51;0,0764608
5,512;0,0594461
5,514;0,0421765
5,516;0,0247205
5,518;0,0071473
5,52;0,010473
5,522;0,0280702
5,524;0,0455737
5,526;0,0629133
5,528;0,0800193
5,53;0,0968224
5,532;0,113255
5,534;0,12925
5,536;0,144742
5,538;0,159668
5,54;0,173968
5,542;0,187581
5,544;0,200452
5,546;0,212527
5,548;0,223756
5,55;0,234091
5,552;0,24349
5,554;0,251911
5,556;0,259319
5,558;0,265681
5,56;0,270969
5,562;0,275159
5,564;0,278231
5,566;0,28017
5,568;0,280965
5,57;0,280611
5,572;0,279104
5,574;0,276449
5,576;0,272653
5,578;0,267728
5,58;0,26169
5,582;0,254561
5,584;0,246367
5,586;0,237137
5,588;0,226906
5,59;0,215711
5,592;0,203596
5,594;0,190606
5,596;0,17679
5,598;0,162202
5,6;0,146898
5,602;0,130937
5,604;0,114381
5,606;0,0972961
5,608;0,0797477
5,61;0,0618053
5,612;0,0435395
5,614;0,0250226
5,616;0,00632793
5,618;0,0124702
5,62;0,0312969
5,622;0,0500768
5,624;0,0687348
5,626;0,087196
5,628;0,105386
5,63;0,123231
5,632;0,140659
5,634;0,157599
5,636;0,173982
5,638;0,189742
5,64;0,204812
5,642;0,219132
5,644;0,232642
5,646;0,245285
5,648;0,25701
5,65;0,267766
5,652;0,277507
5,654;0,286193
5,656;0,293786
5,658;0,300252
5,66;0,305563
5,662;0,309694
5,664;0,312625
5,666;0,314342
5,668;0,314834
5,67;0,314097
5,672;0,31213
5,674;0,308937
5,676;0,304528
5,678;0,298917
5,68;0,292125
5,682;0,284174
5,684;0,275093
5,686;0,264916
5,688;0,25368
5,69;0,241428
5,692;0,228206
5,694;0,214065
5,696;0,199057
5,698;0,183241
5,7;0,166679
5,702;0,149434
5,704;0,131574
5,706;0,113168
5,708;0,0942883
5,71;0,0750096
5,712;0,0554078
5,714;0,0355603
5,716;0,0155459
5,718;0,00455574
5,72;0,0246645
5,722;0,0446999
5,724;0,0645817
5,726;0,0842298
5,728;0,103565
5,73;0,12251
5,732;0,140986
5,734;0,15892
5,736;0,176237
5,738;0,192868
5,74;0,208743
5,742;0,223797
5,744;0,237968
5,746;0,251196
5,748;0,263427
5,75;0,274608
5,752;0,284692
5,754;0,293636
5,756;0,301401
5,758;0,307953
5,76;0,313263
5,762;0,317305
5,764;0,320061
5,766;0,321515
5,768;0,321659
5,77;0,320488
5,772;0,318004
5,774;0,314213
5,776;0,309127
5,778;0,302762
5,78;0,295141
5,782;0,286291
5,784;0,276244
5,786;0,265037
5,788;0,252711
5,79;0,239314
5,792;0,224895
5,794;0,20951
5,796;0,193218
5,798;0,176081
5,8;0,158165
5,802;0,139541
5,804;0,120281
5,806;0,10046
5,808;0,0801565
5,81;0,0594495
5,812;0,0384212
5,814;0,0171549
5,816;0,00426497
5,818;0,0257532
5,82;0,0472241
5,822;0,0685915
5,824;0,0897699
5,826;0,110674
5,828;0,131219
5,83;0,151323
5,832;0,170903
5,834;0,18988
5,836;0,208177
5,838;0,225717
5,84;0,24243
5,842;0,258247
5,844;0,2731
5,846;0,286929
5,848;0,299676
5,85;0,311286
5,852;0,32171
5,854;0,330904
5,856;0,338826
5,858;0,345443
5,86;0,350724
5,862;0,354644
5,864;0,357185
5,866;0,358332
5,868;0,358077
5,87;0,356417
5,872;0,353355
5,874;0,3489
5,876;0,343066
5,878;0,335872
5,88;0,327344
5,882;0,317512
5,884;0,306412
5,886;0,294086
5,888;0,280578
5,89;0,26594
5,892;0,250228
5,894;0,233501
5,896;0,215824
5,898;0,197264
5,9;0,177895
5,902;0,15779
5,904;0,137029
5,906;0,115693
5,908;0,0938653
5,91;0,0716323
5,912;0,0490818
5,914;0,0263031
5,916;0,00338673
5,918;0,019576
5,92;0,0424934
5,922;0,0652737
5,924;0,0878253
5,926;0,110057
5,928;0,13188
5,93;0,153206
5,932;0,173947
5,934;0,194019
5,936;0,213341
5,938;0,231832
5,94;0,249417
5,942;0,266023
5,944;0,281581
5,946;0,296026
5,948;0,309297
5,95;0,321338
5,952;0,332097
5,954;0,341528
5,956;0,34959
5,958;0,356247
5,96;0,361469
5,962;0,36523
5,964;0,367512
5,966;0,368302
5,968;0,367592
5,97;0,365382
5,972;0,361676
5,974;0,356485
5,976;0,349826
5,978;0,341722
5,98;0,332201
5,982;0,321298
5,984;0,309052
5,986;0,295509
5,988;0,280719
5,99;0,264739
5,992;0,247629
5,994;0,229455
5,996;0,210286
5,998;0,190196
6;0,169264
6,002;0,147571
6,004;0,125201
6,006;0,102242
6,008;0,0787854
6,01;0,0549225
6,012;0,0307479
6,014;0,0063576
6,016;0,0181515
6,018;0,0426816
6,02;0,0671346
6,022;0,0914127
6,024;0,115418
6,026;0,139054
6,028;0,162225
6,03;0,184838
6,032;0,206799
6,034;0,22802
6,036;0,248414
6,038;0,267897
6,04;0,286389
6,042;0,303813
6,044;0,320096
6,046;0,33517
6,048;0,348972
6,05;0,361444
6,052;0,372531
6,054;0,382186
6,056;0,390367
6,058;0,397035
6,06;0,402162
6,062;0,405722
6,064;0,407697
6,066;0,408075
6,068;0,40685
6,07;0,404022
6,072;0,399599
6,074;0,393595
6,076;0,386028
6,078;0,376925
6,08;0,366318
6,082;0,354246
6,084;0,340753
6,086;0,32589
6,088;0,309711
6,09;0,292279
6,092;0,27366
6,094;0,253924
6,096;0,233149
6,098;0,211414
6,1;0,188803
6,102;0,165405
6,104;0,141312
6,106;0,116617
6,108;0,0914182
6,11;0,0658149
6,112;0,0399083
6,114;0,0138013
6,116;0,0124023
6,118;0,0385978
6,12;0,0646805
6,122;0,0905458
6,124;0,11609
6,126;0,141209
6,128;0,165802
6,13;0,189769
6,132;0,213013
6,134;0,235438
6,136;0,256953
6,138;0,27747
6,14;0,296903
6,142;0,315172
6,144;0,3322
6,146;0,347917
6,148;0,362256
6,15;0,375156
6,152;0,386562
6,154;0,396423
6,156;0,404696
6,158;0,411345
6,16;0,416338
6,162;0,41965
6,164;0,421264
6,166;0,421169
6,168;0,419361
6,17;0,415843
6,172;0,410623
6,174;0,403719
6,176;0,395153
6,178;0,384956
6,18;0,373163
6,182;0,359817
6,184;0,344969
6,186;0,328673
6,188;0,31099
6,19;0,291988
6,192;0,271739
6,194;0,250321
6,196;0,227816
6,198;0,204312
6,2;0,179899
6,202;0,154674
6,204;0,128734
6,206;0,102182
6,208;0,0751215
6,21;0,0476605
6,212;0,0199074
6,214;0,00802766
6,216;0,0360334
6,218;0,0639979
6,22;0,0918094
6,222;0,119356
6,224;0,146527
6,226;0,173213
6,228;0,199305
6,23;0,224698
6,232;0,249288
6,234;0,272974
6,236;0,295661
6,238;0,317253
6,24;0,337662
6,242;0,356804
6,244;0,374597
6,246;0,390968
6,248;0,405847
6,25;0,41917
6,252;0,430881
6,254;0,440927
6,256;0,449265
6,258;0,455857
6,26;0,46067
6,262;0,463683
6,264;0,464877
6,266;0,464242
6,268;0,461778
6,27;0,457488
6,272;0,451385
6,274;0,443488
6,276;0,433825
6,278;0,422429
6,28;0,409341
6,282;0,394609
6,284;0,378288
6,286;0,360438
6,288;0,341127
6,29;0,320428
6,292;0,298421
6,294;0,27519
6,296;0,250824
6,298;0,225419
6,3;0,199072
6,302;0,171887
6,304;0,14397
6,306;0,115431
6,308;0,0863828
6,31;0,0569397
6,312;0,0272187
6,314;0,00266229
6,316;0,032584
6,318;0,0624268
6,32;0,0920713
6,322;0,121398
6,324;0,150289
6,326;0,178628
6,328;0,2063
6,33;0,233192
6,332;0,259195
6,334;0,284201
6,336;0,30811
6,338;0,330821
6,34;0,352242
6,342;0,372282
6,344;0,390859
6,346;0,407893
6,348;0,423313
6,35;0,437052
6,352;0,449052
6,354;0,459259
6,356;0,467627
6,358;0,47412
6,36;0,478705
6,362;0,481359
6,364;0,482066
6,366;0,480819
6,368;0,477617
6,37;0,472468
6,372;0,465387
6,374;0,456397
6,376;0,445529
6,378;0,432822
6,38;0,418321
6,382;0,40208
6,384;0,384159
6,386;0,364626
6,388;0,343553
6,39;0,321022
6,392;0,297119
6,394;0,271935
6,396;0,245568
6,398;0,218119
6,4;0,189697
6,402;0,160413
6,404;0,13038
6,406;0,0997167
6,408;0,068545
6,41;0,0369877
6,412;0,00516994
6,414;0,0267816
6,416;0,0587395
6,418;0,0905759
6,42;0,122163
6,422;0,153374
6,424;0,184084
6,426;0,214167
6,428;0,243502
6,43;0,271969
6,432;0,299453
6,434;0,32584
6,436;0,351023
6,438;0,374897
6,44;0,397363
6,442;0,418329
6,444;0,437705
6,446;0,45541
6,448;0,471369
6,45;0,485513
6,452;0,497782
6,454;0,50812
6,456;0,516482
6,458;0,522828
6,46;0,527128
6,462;0,52936
6,464;0,529508
6,466;0,527567
6,468;0,523538
6,47;0,517434
6,472;0,509271
6,474;0,499078
6,476;0,486889
6,478;0,472749
6,48;0,456709
6,482;0,438827
6,484;0,41917
6,486;0,397813
6,488;0,374835
6,49;0,350326
6,492;0,324377
6,494;0,297091
6,496;0,268572
6,498;0,23893
6,5;0,208282
6,502;0,176748
6,504;0,144451
6,506;0,111518
6,508;0,0780793
6,51;0,0442676
6,512;0,0102169
6,514;0,0239371
6,516;0,0580582
6,518;0,0920097
6,52;0,125655
6,522;0,15886
6,524;0,191489
6,526;0,223412
6,528;0,254497
6,53;0,284619
6,532;0,313655
6,534;0,341485
6,536;0,367995
6,538;0,393075
6,54;0,416622
6,542;0,438537
6,544;0,458728
6,546;0,477109
6,548;0,493603
6,55;0,508138
6,552;0,520651
6,554;0,531086
6,556;0,539397
6,558;0,545544
6,56;0,549497
6,562;0,551234
6,564;0,550743
6,566;0,548019
6,568;0,543067
6,57;0,535902
6,572;0,526545
6,574;0,515029
6,576;0,501394
6,578;0,485689
6,58;0,467971
6,582;0,448306
6,584;0,426766
6,586;0,403434
6,588;0,378398
6,59;0,351753
6,592;0,323601
6,594;0,294052
6,596;0,26322
6,598;0,231224
6,6;0,198189
6,602;0,164246
6,604;0,129527
6,606;0,0941683
6,608;0,0583108
6,61;0,0220961
6,612;0,0143318
6,614;0,0508278
6,616;0,0872461
6,618;0,123441
6,62;0,159266
6,622;0,194579
6,624;0,229236
6,626;0,263096
6,628;0,296023
6,63;0,327881
6,632;0,358541
6,634;0,387878
6,636;0,415769
6,638;0,4421
6,64;0,46676
6,642;0,489648
6,644;0,510667
6,646;0,529727
6,648;0,546748
6,65;0,561655
6,652;0,574383
6,654;0,584877
6,656;0,593087
6,658;0,598975
6,66;0,60251
6,662;0,603674
6,664;0,602454
6,666;0,59885
6,668;0,592869
6,67;0,584528
6,672;0,573856
6,674;0,560888
6,676;0,54567
6,678;0,528257
6,68;0,508713
6,682;0,48711
6,684;0,46353
6,686;0,438061
6,688;0,4108
6,69;0,381851
6,692;0,351326
6,694;0,319343
6,696;0,286025
6,698;0,251502
6,7;0,21591
6,702;0,179388
6,704;0,142078
6,706;0,10413
6,708;0,0656916
6,71;0,0269165
6,712;0,0120414
6,714;0,0510267
6,716;0,0898836
6,718;0,128456
6,72;0,16659
6,722;0,20413
6,724;0,240926
6,726;0,276828
6,728;0,31169
6,73;0,34537
6,732;0,37773
6,734;0,408637
6,736;0,437964
6,738;0,465589
6,74;0,491396
6,742;0,515279
6,744;0,537136
6,746;0,556875
6,748;0,57441
6,75;0,589666
6,752;0,602576
6,754;0,613082
6,756;0,621135
6,758;0,626697
6,76;0,629739
6,762;0,630241
6,764;0,628195
6,766;0,623604
6,768;0,616477
6,77;0,606836
6,772;0,594715
6,774;0,580154
6,776;0,563205
6,778;0,54393
6,78;0,5224
6,782;0,498694
6,784;0,472902
6,786;0,445122
6,788;0,415458
6,79;0,384026
6,792;0,350945
6,794;0,316344
6,796;0,280357
6,798;0,243124
6,8;0,204791
6,802;0,165508
6,804;0,125431
6,806;0,0847163
6,808;0,0435261
6,81;0,0020237
6,812;0,0396258
6,814;0,0812561
6,816;0,122701
6,818;0,163793
6,82;0,204369
6,822;0,244263
6,824;0,283315
6,826;0,321366
6,828;0,358261
6,83;0,39385
6,832;0,427987
6,834;0,460531
6,836;0,491348
6,838;0,52031
6,84;0,547297
6,842;0,572194
6,844;0,594898
6,846;0,61531
6,848;0,633344
6,85;0,648922
6,852;0,661973
6,854;0,672439
6,856;0,680272
6,858;0,685433
6,86;0,687894
6,862;0,687639
6,864;0,684661
6,866;0,678964
6,868;0,670564
6,87;0,659489
6,872;0,645773
6,874;0,629467
6,876;0,610628
6,878;0,589324
6,88;0,565634
6,882;0,539647
6,884;0,51146
6,886;0,48118
6,888;0,448924
6,89;0,414813
6,892;0,378981
6,894;0,341566
6,896;0,302713
6,898;0,262574
6,9;0,221306
6,902;0,17907
6,904;0,136035
6,906;0,0923681
6,908;0,048244
6,91;0,00383758
6,912;0,0406744
6,914;0,085114
6,916;0,129303
6,918;0,173065
6,92;0,216223
6,922;0,258603
6,924;0,300033
6,926;0,340345
6,928;0,379375
6,93;0,416964
6,932;0,452956
6,934;0,487204
6,936;0,519567
6,938;0,549909
6,94;0,578104
6,942;0,604034
6,944;0,627589
6,946;0,648667
6,948;0,667179
6,95;0,683044
6,952;0,69619
6,954;0,706558
6,956;0,714099
6,958;0,718776
6,96;0,726218
6,962;0,736405
6,964;0,749301
6,966;0,764863
6,968;0,783036
6,97;0,803753
6,972;0,826939
6,974;0,852508
6,976;0,880364
6,978;0,910401
6,98;0,942505
6,982;0,976554
6,984;1,01242
6,986;1,04995
6,988;1,08902
6,99;1,12946
6,992;1,17112
6,994;1,21383
6,996;1,25744
6,998;1,30175
7;1,34661
7,002;1,39183
7,004;1,43723
7,006;1,48263
7,008;1,52785
7,01;1,57271
7,012;1,61703
7,014;1,66062
7,016;1,70332
7,018;1,74494
7,02;1,78533
7,022;1,82431
7,024;1,86173
7,026;1,89742
7,028;1,93126
7,03;1,96308
7,032;1,99277
7,034;2,02019
7,036;2,04523
7,038;2,06779
7,04;2,08777
7,042;2,10508
7,044;2,11964
7,046;2,13139
7,048;2,14027
7,05;2,14625
7,052;2,14928
7,054;2,14936
7,056;2,14646
7,058;2,1406
7,06;2,13179
7,062;2,12006
7,064;2,10545
7,066;2,088
7,068;2,06779
7,07;2,04488
7,072;2,01935
7,074;1,99131
7,076;1,96086
7,078;1,92811
7,08;1,89319
7,082;1,85623
7,084;1,81738
7,086;1,77678
7,088;1,7346
7,09;1,69099
7,092;1,64614
7,094;1,6002
7,096;1,55338
7,098;1,50584
7,1;1,45778
7,102;1,40939
7,104;1,36086
7,106;1,31239
7,108;1,26417
7,11;1,21639
7,112;1,16924
7,114;1,12293
7,116;1,07762
7,118;1,03351
7,12;0,990784
7,122;0,949606
7,124;0,910147
7,126;0,872572
7,128;0,837034
7,13;0,803683
7,132;0,772656
7,134;0,744084
7,136;0,718088
7,138;0,69478
7,14;0,674258
7,142;0,650957
7,144;0,624961
7,146;0,596368
7,148;0,565285
7,15;0,531829
7,152;0,496129
7,154;0,458321
7,156;0,41855
7,158;0,376971
7,16;0,333744
7,162;0,28904
7,164;0,243031
7,166;0,195899
7,168;0,14783
7,17;0,0990134
7,172;0,049642
7,174;8,79491e-05
7,176;0,0499784
7,178;0,0998303
7,18;0,149444
7,182;0,198621
7,184;0,247162
7,186;0,294873
7,188;0,34156
7,19;0,387033
7,192;0,431107
7,194;0,473603
7,196;0,514347
7,198;0,553169
7,2;0,589911
7,202;0,62442
7,204;0,656551
7,206;0,68617
7,208;0,713151
7,21;0,73738
7,212;0,758753
7,214;0,777175
7,216;0,792567
7,218;0,804857
7,22;0,81399
7,222;0,819918
7,224;0,822612
7,226;0,82205
7,228;0,818227
7,23;0,811149
7,232;0,800836
7,234;0,78732
7,236;0,770647
7,238;0,750876
7,24;0,728076
7,242;0,702332
7,244;0,673738
7,246;0,642401
7,248;0,608439
7,25;0,571981
7,252;0,533167
7,254;0,492144
7,256;0,449072
7,258;0,404117
7,26;0,357454
7,262;0,309265
7,264;0,259738
7,266;0,209069
7,268;0,157457
7,27;0,105105
7,272;0,052222
7,274;0,000982785
7,276;0,0542973
7,278;0,107508
7,28;0,160403
7,282;0,212769
7,284;0,264395
7,286;0,315073
7,288;0,364598
7,29;0,412768
7,292;0,459387
7,294;0,504264
7,296;0,547216
7,298;0,588065
7,3;0,626643
7,302;0,662789
7,304;0,696351
7,306;0,72719
7,308;0,755173
7,31;0,78584
7,312;0,819073
7,314;0,854747
7,316;0,892725
7,318;0,932863
7,32;0,975005
7,322;1,01899
7,324;1,06464
7,326;1,11178
7,328;1,16024
7,33;1,2098
7,332;1,26029
7,334;1,31151
7,336;1,36324
7,338;1,41528
7,34;1,46743
7,342;1,51948
7,344;1,57122
7,346;1,62244
7,348;1,67293
7,35;1,7225
7,352;1,77094
7,354;1,81805
7,356;1,86364
7,358;1,90753
7,36;1,94954
7,362;1,98948
7,364;2,02721
7,366;2,06255
7,368;2,09537
7,37;2,12552
7,372;2,15288
7,374;2,17733
7,376;2,19876
7,378;2,21709
7,38;2,23222
7,382;2,24409
7,384;2,25265
7,386;2,25785
7,388;2,25965
7,39;2,25806
7,392;2,25305
7,394;2,24465
7,396;2,23288
7,398;2,21777
7,4;2,19938
7,402;2,17777
7,404;2,15302
7,406;2,12522
7,408;2,09447
7,41;2,0609
7,412;2,02462
7,414;1,98577
7,416;1,9445
7,418;1,90098
7,42;1,85536
7,422;1,80783
7,424;1,75857
7,426;1,70777
7,428;1,65564
7,43;1,60237
7,432;1,54818
7,434;1,49327
7,436;1,43788
7,438;1,38222
7,44;1,32651
7,442;1,27097
7,444;1,21583
7,446;1,16131
7,448;1,10763
7,45;1,055
7,452;1,00364
7,454;0,953754
7,456;0,90555
7,458;0,859225
7,46;0,814967
7,462;0,772961
7,464;0,733379
7,466;0,696386
7,468;0,662138
7,47;0,625122
7,472;0,585478
7,474;0,543358
7,476;0,498924
7,478;0,452348
7,48;0,40381
7,482;0,353499
7,484;0,301612
7,486;0,248351
7,488;0,193927
7,49;0,138553
7,492;0,0824498
7,494;0,0258386
7,496;0,0310553
7,498;0,088005
7,5;0,144783
7,502;0,201161
7,504;0,256913
7,506;0,311815
7,508;0,365644
7,51;0,418182
7,512;0,469216
7,514;0,518538
7,516;0,565945
7,518;0,611243
7,52;0,654245
7,522;0,694773
7,524;0,732659
7,526;0,767743
7,528;0,799878
7,53;0,828927
7,532;0,854767
7,534;0,877284
7,536;0,896381
7,538;0,911971
7,54;0,923984
7,542;0,932361
7,544;0,937059
7,546;0,938049
7,548;0,935319
7,55;0,928868
7,552;0,918712
7,554;0,904883
7,556;0,887426
7,558;0,866401
7,56;0,841883
7,562;0,813959
7,564;0,782734
7,566;0,748323
7,568;0,710855
7,57;0,670473
7,572;0,627328
7,574;0,581588
7,576;0,533428
7,578;0,483034
7,58;0,430601
7,582;0,376335
7,584;0,320447
7,586;0,263156
7,588;0,204688
7,59;0,145274
7,592;0,085149
7,594;0,024551
7,596;0,0362786
7,598;0,0970969
7,6;0,157661
7,602;0,217727
7,604;0,277055
7,606;0,335404
7,608;0,392539
7,61;0,448227
7,612;0,502243
7,614;0,554366
7,616;0,604382
7,618;0,652086
7,62;0,69728
7,622;0,739777
7,624;0,779401
7,626;0,821641
7,628;0,866335
7,63;0,913312
7,632;0,96239
7,634;1,01338
7,636;1,06608
7,638;1,12028
7,64;1,17577
7,642;1,23234
7,644;1,28976
7,646;1,3478
7,648;1,40624
7,65;1,46483
7,652;1,52335
7,654;1,58156
7,656;1,63923
7,658;1,69612
7,66;1,75201
7,662;1,80666
7,664;1,85987
7,666;1,91141
7,668;1,96106
7,67;2,00864
7,672;2,05393
7,674;2,09676
7,676;2,13695
7,678;2,17432
7,68;2,20872
7,682;2,24001
7,684;2,26805
7,686;2,29272
7,688;2,31392
7,69;2,33154
7,692;2,34551
7,694;2,35577
7,696;2,36226
7,698;2,36495
7,7;2,36381
7,702;2,35885
7,704;2,35006
7,706;2,33748
7,708;2,32114
7,71;2,30111
7,712;2,27744
7,714;2,25023
7,716;2,21958
7,718;2,18559
7,72;2,1484
7,722;2,10814
7,724;2,06498
7,726;2,01907
7,728;1,97058
7,73;1,91972
7,732;1,86667
7,734;1,81164
7,736;1,75484
7,738;1,6965
7,74;1,63685
7,742;1,57612
7,744;1,51455
7,746;1,45239
7,748;1,38989
7,75;1,32728
7,752;1,26483
7,754;1,20278
7,756;1,14138
7,758;1,08088
7,76;1,02153
7,762;0,963556
7,764;0,907205
7,766;0,852704
7,768;0,800275
7,77;0,750133
7,772;0,702486
7,774;0,657531
7,776;0,609797
7,778;0,559468
7,78;0,506739
7,782;0,451814
7,784;0,394908
7,786;0,336241
7,788;0,276045
7,79;0,214556
7,792;0,152016
7,794;0,0886735
7,796;0,0247789
7,798;0,0394135
7,8;0,103648
7,802;0,167667
7,804;0,231215
7,806;0,294035
7,808;0,355875
7,81;0,416485
7,812;0,475619
7,814;0,533036
7,816;0,588502
7,818;0,641791
7,82;0,692683
7,822;0,740968
7,824;0,786447
7,826;0,828929
7,828;0,868237
7,83;0,904205
7,832;0,93668
7,834;0,965524
7,836;0,990611
7,838;1,01183
7,84;1,02909
7,842;1,0423
7,844;1,05141
7,846;1,05637
7,848;1,05714
7,85;1,05371
7,852;1,04609
7,854;1,03429
7,856;1,01836
7,858;0,99833
7,86;0,974286
7,862;0,946309
7,864;0,9145
7,866;0,878976
7,868;0,83987
7,87;0,797329
7,872;0,751513
7,874;0,702597
7,876;0,650769
7,878;0,596227
7,88;0,539184
7,882;0,47986
7,884;0,418487
7,886;0,355304
7,888;0,29056
7,89;0,224509
7,892;0,157413
7,894;0,0895359
7,896;0,0211482
7,898;0,0474782
7,9;0,116069
7,902;0,184351
7,904;0,252049
7,906;0,318891
7,908;0,384607
7,91;0,448932
7,912;0,511605
7,914;0,57237
7,916;0,630979
7,918;0,687192
7,92;0,740778
7,922;0,791516
7,924;0,844851
7,926;0,900578
7,928;0,958479
7,93;1,01833
7,932;1,0799
7,934;1,14293
7,936;1,2072
7,938;1,27243
7,94;1,33838
7,942;1,40478
7,944;1,47136
7,946;1,53787
7,948;1,60403
7,95;1,66958
7,952;1,73425
7,954;1,79779
7,956;1,85994
7,958;1,92044
7,96;1,97904
7,962;2,03552
7,964;2,08963
7,966;2,14116
7,968;2,18989
7,97;2,23562
7,972;2,27815
7,974;2,31732
7,976;2,35295
7,978;2,38489
7,98;2,413
7,982;2,43717
7,984;2,45728
7,986;2,47325
7,988;2,48499
7,99;2,49245
7,992;2,49559
7,994;2,49439
7,996;2,48883
7,998;2,47893
8;2,46472
8,002;2,44624
8,004;2,42355
8,006;2,39674
8,008;2,3659
8,01;2,33114
8,012;2,29259
8,014;2,2504
8,016;2,20472
8,018;2,15573
8,02;2,10362
8,022;2,04858
8,024;1,99083
8,026;1,93058
8,028;1,86809
8,03;1,80358
8,032;1,73732
8,034;1,66956
8,036;1,60057
8,038;1,53062
8,04;1,45999
8,042;1,38896
8,044;1,31781
8,046;1,24683
8,048;1,17631
8,05;1,10652
8,052;1,03774
8,054;0,97026
8,056;0,904347
8,058;0,84027
8,06;0,778288
8,062;0,718658
8,064;0,661622
8,066;0,607416
8,068;0,550607
8,07;0,491416
8,072;0,430074
8,074;0,366819
8,076;0,3019
8,078;0,235572
8,08;0,168097
8,082;0,099741
8,084;0,0307755
8,086;0,0385253
8,088;0,107885
8,09;0,177027
8,092;0,245673
8,094;0,313547
8,096;0,380377
8,098;0,445892
8,1;0,509826
8,102;0,57192
8,104;0,631919
8,106;0,68958
8,108;0,744664
8,11;0,796945
8,112;0,846205
8,114;0,892241
8,116;0,934858
8,118;0,973878
8,12;1,00914
8,122;1,04048
8,124;1,06777
8,126;1,09089
8,128;1,10974
8,13;1,12423
8,132;1,13429
8,134;1,13987
8,136;1,14093
8,138;1,13745
8,14;1,12945
8,142;1,11694
8,144;1,09995
8,146;1,07855
8,148;1,0528
8,15;1,0228
8,152;0,988659
8,154;0,9505
8,156;0,908466
8,158;0,862714
8,16;0,813418
8,162;0,760765
8,164;0,704957
8,166;0,646208
8,168;0,584746
8,17;0,52081
8,172;0,454648
8,174;0,386519
8,176;0,316691
8,178;0,245438
8,18;0,173042
8,182;0,0997884
8,184;0,0259689
8,186;0,048123
8,188;0,122192
8,19;0,195941
8,192;0,269075
8,194;0,341299
8,196;0,412322
8,198;0,481858
8,2;0,549622
8,202;0,615341
8,204;0,678746
8,206;0,739576
8,208;0,797582
8,21;0,858181
8,212;0,921137
8,214;0,986205
8,216;1,05313
8,218;1,12165
8,22;1,19149
8,222;1,26239
8,224;1,33405
8,226;1,40619
8,228;1,47854
8,23;1,55078
8,232;1,62265
8,234;1,69385
8,236;1,76409
8,238;1,83309
8,24;1,90056
8,242;1,96625
8,244;2,02987
8,246;2,09118
8,248;2,14991
8,25;2,20582
8,252;2,25869
8,254;2,3083
8,256;2,35443
8,258;2,3969
8,26;2,43552
8,262;2,47013
8,264;2,50058
8,266;2,52673
8,268;2,54848
8,27;2,56573
8,272;2,57838
8,274;2,58638
8,276;2,58969
8,278;2,58827
8,28;2,58213
8,282;2,57127
8,284;2,55573
8,286;2,53555
8,288;2,5108
8,29;2,48157
8,292;2,44797
8,294;2,41011
8,296;2,36814
8,298;2,32221
8,3;2,2725
8,302;2,2192
8,304;2,16251
8,306;2,10264
8,308;2,03984
8,31;1,97433
8,312;1,90638
8,314;1,83625
8,316;1,76422
8,318;1,69057
8,32;1,61559
8,322;1,53958
8,324;1,46283
8,326;1,38565
8,328;1,30836
8,33;1,23125
8,332;1,15465
8,334;1,07884
8,336;1,00415
8,338;0,930876
8,34;0,859308
8,342;0,78974
8,344;0,722456
8,346;0,657732
8,348;0,595832
8,35;0,531356
8,352;0,464554
8,354;0,395688
8,356;0,325027
8,358;0,252849
8,36;0,179439
8,362;0,105087
8,364;0,0300882
8,366;0,0452592
8,368;0,120655
8,37;0,195797
8,372;0,270385
8,374;0,344118
8,376;0,4167
8,378;0,487837
8,38;0,55724
8,382;0,624628
8,384;0,689726
8,386;0,752266
8,388;0,811992
8,39;0,868658
8,392;0,922029
8,394;0,971882
8,396;1,01801
8,398;1,06022
8,4;1,09832
8,402;1,13216
8,404;1,1616
8,406;1,18649
8,408;1,20673
8,41;1,22223
8,412;1,23291
8,414;1,23871
8,416;1,2396
8,418;1,23556
8,42;1,2266
8,422;1,21274
8,424;1,19402
8,426;1,1705
8,428;1,14226
8,43;1,10941
8,432;1,07206
8,434;1,03035
8,436;0,984438
8,438;0,934492
8,44;0,880704
8,442;0,823278
8,444;0,762434
8,446;0,698406
8,448;0,631442
8,45;0,561802
8,452;0,489757
8,454;0,41559
8,456;0,33959
8,458;0,262058
8,46;0,1833
8,462;0,103626
8,464;0,0233535
8,466;0,0571981
8,468;0,137707
8,47;0,217852
8,472;0,297311
8,474;0,375765
8,476;0,452896
8,478;0,528393
8,48;0,601949
8,482;0,673266
8,484;0,742051
8,486;0,808023
8,488;0,876568
8,49;0,947418
8,492;1,0203
8,494;1,09491
8,496;1,17098
8,498;1,2482
8,5;1,32625
8,502;1,40484
8,504;1,48365
8,506;1,56236
8,508;1,64066
8,51;1,71823
8,512;1,79477
8,514;1,86996
8,516;1,9435
8,518;2,01509
8,52;2,08444
8,522;2,15127
8,524;2,2153
8,526;2,27626
8,528;2,33391
8,53;2,38801
8,532;2,43833
8,534;2,48466
8,536;2,5268
8,538;2,56458
8,54;2,59782
8,542;2,62639
8,544;2,65017
8,546;2,66903
8,548;2,6829
8,55;2,6917
8,552;2,69538
8,554;2,69392
8,556;2,68731
8,558;2,67557
8,56;2,65871
8,562;2,63681
8,564;2,60993
8,566;2,57817
8,568;2,54163
8,57;2,50047
8,572;2,45481
8,574;2,40485
8,576;2,35076
8,578;2,29276
8,58;2,23105
8,582;2,16589
8,584;2,09752
8,586;2,0262
8,588;1,95222
8,59;1,87586
8,592;1,79742
8,594;1,71721
8,596;1,63555
8,598;1,55276
8,6;1,46916
8,602;1,38509
8,604;1,30089
8,606;1,21688
8,608;1,13341
8,61;1,05082
8,612;0,96943
8,614;0,889575
8,616;0,811576
8,618;0,735752
8,62;0,662411
8,622;0,591853
8,624;0,518712
8,626;0,443272
8,628;0,36583
8,63;0,28669
8,632;0,206164
8,634;0,12457
8,636;0,0422316
8,638;0,0405233
8,64;0,123365
8,642;0,205963
8,644;0,287985
8,646;0,369102
8,648;0,448988
8,65;0,527318
8,652;0,603777
8,654;0,678053
8,656;0,749843
8,658;0,818853
8,66;0,8848
8,662;0,947413
8,664;1,00643
8,666;1,06161
8,668;1,11271
8,67;1,15954
8,672;1,20187
8,674;1,23954
8,676;1,27238
8,678;1,30025
8,68;1,32301
8,682;1,34058
8,684;1,35285
8,686;1,35978
8,688;1,36132
8,69;1,35744
8,692;1,34815
8,694;1,33347
8,696;1,31344
8,698;1,28814
8,7;1,25765
8,702;1,22207
8,704;1,18154
8,706;1,1362
8,708;1,08622
8,71;1,03179
8,712;0,973124
8,714;0,910433
8,716;0,843962
8,718;0,773965
8,72;0,700714
8,722;0,624494
8,724;0,5456
8,726;0,464342
8,728;0,381039
8,73;0,296017
8,732;0,209613
8,734;0,122168
8,736;0,0340292
8,738;0,0544521
8,74;0,142923
8,742;0,23103
8,744;0,31842
8,746;0,404741
8,748;0,489645
8,75;0,572788
8,752;0,653833
8,754;0,732451
8,756;0,808321
8,758;0,886788
8,76;0,967546
8,762;1,05028
8,764;1,13466
8,766;1,22035
8,768;1,30702
8,77;1,39432
8,772;1,48191
8,774;1,56943
8,776;1,65654
8,778;1,74287
8,78;1,8281
8,782;1,91187
8,784;1,99385
8,786;2,07369
8,788;2,15109
8,79;2,22571
8,792;2,29726
8,794;2,36544
8,796;2,42996
8,798;2,49057
8,8;2,54701
8,802;2,59904
8,804;2,64643
8,806;2,689
8,808;2,72656
8,81;2,75893
8,812;2,78599
8,814;2,8076
8,816;2,82367
8,818;2,83411
8,82;2,83888
8,822;2,83793
8,824;2,83125
8,826;2,81886
8,828;2,80079
8,83;2,7771
8,832;2,74786
8,834;2,71319
8,836;2,6732
8,838;2,62803
8,84;2,57786
8,842;2,52288
8,844;2,46329
8,846;2,39931
8,848;2,33119
8,85;2,2592
8,852;2,1836
8,854;2,1047
8,856;2,0228
8,858;1,93822
8,86;1,85128
8,862;1,76234
8,864;1,67174
8,866;1,57984
8,868;1,487
8,87;1,3936
8,872;1,3
8,874;1,20658
8,876;1,11372
8,878;1,02178
8,88;0,931136
8,882;0,842155
8,884;0,755197
8,886;0,670614
8,888;0,588753
8,89;0,504289
8,892;0,417555
8,894;0,328891
8,896;0,238647
8,898;0,147179
8,9;0,0548505
8,902;0,0379721
8,904;0,130919
8,906;0,223618
8,908;0,315697
8,91;0,406788
8,912;0,496523
8,914;0,58454
8,916;0,670481
8,918;0,753998
8,92;0,83475
8,922;0,912407
8,924;0,986649
8,926;1,05717
8,928;1,12368
8,93;1,1859
8,932;1,24357
8,934;1,29645
8,936;1,34431
8,938;1,38695
8,94;1,42419
8,942;1,45586
8,944;1,48181
8,946;1,50194
8,948;1,51614
8,95;1,52434
8,952;1,52649
8,954;1,52257
8,956;1,51258
8,958;1,49655
8,96;1,47451
8,962;1,44654
8,964;1,41274
8,966;1,37322
8,968;1,32814
8,97;1,27765
8,972;1,22195
8,974;1,16124
8,976;1,09574
8,978;1,02572
8,98;0,951441
8,982;0,873184
8,984;0,791253
8,986;0,705967
8,988;0,617658
8,99;0,526671
8,992;0,433363
8,994;0,338102
8,996;0,241262
8,998;0,143227
9;0,0443857
9,002;0,0548681
9,004;0,154139
9,006;0,25303
9,008;0,351143
9,01;0,448086
9,012;0,543467
9,014;0,6369
9,016;0,728006
9,018;0,816414
9,02;0,907422
9,022;1,00067
9,024;1,09579
9,026;1,19242
9,028;1,29016
9,03;1,38862
9,032;1,48743
9,034;1,58617
9,036;1,68447
9,038;1,78192
9,04;1,87812
9,042;1,9727
9,044;2,06527
9,046;2,15546
9,048;2,24289
9,05;2,32721
9,052;2,40808
9,054;2,48516
9,056;2,55813
9,058;2,62669
9,06;2,69056
9,062;2,74946
9,064;2,80315
9,066;2,8514
9,068;2,89401
9,07;2,93077
9,072;2,96155
9,074;2,98618
9,076;3,00457
9,078;3,01661
9,08;3,02225
9,082;3,02145
9,084;3,01418
9,086;3,00047
9,088;2,98035
9,09;2,95388
9,092;2,92115
9,094;2,88228
9,096;2,83741
9,098;2,78669
9,1;2,73032
9,102;2,66851
9,104;2,60149
9,106;2,52951
9,108;2,45285
9,11;2,37181
9,112;2,28669
9,114;2,19782
9,116;2,10555
9,118;2,01025
9,12;1,91228
9,122;1,81202
9,124;1,70988
9,126;1,60626
9,128;1,50156
9,13;1,3962
9,132;1,29061
9,134;1,18521
9,136;1,08041
9,138;0,976634
9,14;0,874307
9,142;0,773839
9,144;0,675635
9,146;0,580096
9,148;0,481953
9,15;0,381593
9,152;0,27941
9,154;0,175809
9,156;0,0711998
9,158;0,0340012
9,16;0,139375
9,162;0,244501
9,164;0,348957
9,166;0,452324
9,168;0,554186
9,17;0,654131
9,172;0,751754
9,174;0,846659
9,176;0,938459
9,178;1,02678
9,18;1,11125
9,182;1,19154
9,184;1,2673
9,186;1,33822
9,188;1,40401
9,19;1,46438
9,192;1,51908
9,194;1,56789
9,196;1,61058
9,198;1,64697
9,2;1,6769
9,202;1,70022
9,204;1,71684
9,206;1,72666
9,208;1,72963
9,21;1,72572
9,212;1,71493
9,214;1,69727
9,216;1,6728
9,218;1,64161
9,22;1,6038
9,222;1,55949
9,224;1,50886
9,226;1,45209
9,228;1,38939
9,23;1,32099
9,232;1,24715
9,234;1,16816
9,236;1,0843
9,238;0,995922
9,24;0,903348
9,242;0,806942
9,244;0,707079
9,246;0,60415
9,248;0,498559
9,25;0,39072
9,252;0,281058
9,254;0,170008
9,256;0,0580108
9,258;0,0544892
9,26;0,167043
9,262;0,2792
9,264;0,390512
9,266;0,50053
9,268;0,608811
9,27;0,714917
9,272;0,818418
9,274;0,92455
9,276;1,0329
9,278;1,14303
9,28;1,25451
9,282;1,3669
9,284;1,47975
9,286;1,59261
9,288;1,70503
9,29;1,81656
9,292;1,92674
9,294;2,03515
9,296;2,14133
9,298;2,24485
9,3;2,34531
9,302;2,44227
9,304;2,53536
9,306;2,62418
9,308;2,70837
9,31;2,78758
9,312;2,86147
9,314;2,92975
9,316;2,99212
9,318;3,04832
9,32;3,0981
9,322;3,14125
9,324;3,17758
9,326;3,20692
9,328;3,22914
9,33;3,24414
9,332;3,25182
9,334;3,25215
9,336;3,2451
9,338;3,23068
9,34;3,20893
9,342;3,17991
9,344;3,14372
9,346;3,10049
9,348;3,05037
9,35;2,99354
9,352;2,93022
9,354;2,86063
9,356;2,78505
9,358;2,70375
9,36;2,61705
9,362;2,52528
9,364;2,42879
9,366;2,32796
9,368;2,22318
9,37;2,11485
9,372;2,0034
9,374;1,88927
9,376;1,77291
9,378;1,65477
9,38;1,53533
9,382;1,41506
9,384;1,29443
9,386;1,17394
9,388;1,05405
9,39;0,93526
9,392;0,818038
9,394;0,702861
9,396;0,590194
9,398;0,474837
9,4;0,357245
9,402;0,237881
9,404;0,11722
9,406;0,0042597
9,408;0,126075
9,41;0,247739
9,412;0,368765
9,414;0,488667
9,416;0,606962
9,418;0,723173
9,42;0,836829
9,422;0,94747
9,424;1,05464
9,426;1,15791
9,428;1,25686
9,43;1,35106
9,432;1,44014
9,434;1,52373
9,436;1,60147
9,438;1,67305
9,44;1,73815
9,442;1,79649
9,444;1,84784
9,446;1,89196
9,448;1,92866
9,45;1,95777
9,452;1,97916
9,454;1,99271
9,456;1,99836
9,458;1,99606
9,46;1,98579
9,462;1,96758
9,464;1,94149
9,466;1,90758
9,468;1,86598
9,47;1,81684
9,472;1,76033
9,474;1,69665
9,476;1,62604
9,478;1,54877
9,48;1,46513
9,482;1,37543
9,484;1,28002
9,486;1,17926
9,488;1,07355
9,49;0,963287
9,492;0,848906
9,494;0,730853
9,496;0,609589
9,498;0,485592
9,5;0,359351
9,502;0,231363
9,504;0,102137
9,506;0,0278133
9,508;0,157971
9,51;0,287816
9,512;0,416827
9,514;0,544487
9,516;0,670281
9,518;0,793701
9,52;0,914247
9,522;1,03709
9,524;1,16173
9,526;1,28769
9,528;1,41447
9,53;1,54155
9,532;1,66844
9,534;1,79461
9,536;1,91958
9,538;2,04283
9,54;2,16386
9,542;2,28219
9,544;2,39734
9,546;2,50883
9,548;2,61621
9,55;2,71904
9,552;2,8169
9,554;2,90938
9,556;2,9961
9,558;3,07669
9,56;3,15082
9,562;3,21818
9,564;3,27846
9,566;3,33143
9,568;3,37684
9,57;3,41449
9,572;3,44421
9,574;3,46586
9,576;3,47934
9,578;3,48456
9,58;3,48149
9,582;3,47011
9,584;3,45045
9,586;3,42256
9,588;3,38654
9,59;3,3425
9,592;3,29061
9,594;3,23104
9,596;3,16402
9,598;3,08979
9,6;3,00863
9,602;2,92086
9,604;2,82679
9,606;2,72679
9,608;2,62125
9,61;2,51057
9,612;2,39518
9,614;2,27553
9,616;2,15209
9,618;2,02534
9,62;1,89578
9,622;1,76391
9,624;1,63027
9,626;1,49539
9,628;1,35978
9,63;1,22401
9,632;1,08861
9,634;0,954117
9,636;0,82108
9,638;0,690032
9,64;0,561504
9,642;0,430358
9,644;0,297114
9,646;0,162297
9,648;0,0264427
9,65;0,109908
9,652;0,24621
9,654;0,381919
9,656;0,516491
9,658;0,649385
9,66;0,780063
9,662;0,907997
9,664;1,03267
9,666;1,15357
9,668;1,27021
9,67;1,38211
9,672;1,4888
9,674;1,58986
9,676;1,68485
9,678;1,77338
9,68;1,85509
9,682;1,92962
9,684;1,99665
9,686;2,05591
9,688;2,10714
9,69;2,15009
9,692;2,18459
9,694;2,21048
9,696;2,22761
9,698;2,23592
9,7;2,23532
9,702;2,22582
9,704;2,20741
9,706;2,18015
9,708;2,14413
9,71;2,09947
9,712;2,04631
9,714;1,98486
9,716;1,91533
9,718;1,83798
9,72;1,7531
9,722;1,66102
9,724;1,56207
9,726;1,45663
9,728;1,34512
9,73;1,22796
9,732;1,1056
9,734;0,978524
9,736;0,847221
9,738;0,712207
9,74;0,574013
9,742;0,433182
9,744;0,290272
9,746;0,145847
9,748;0,000482675
9,75;0,145243
9,752;0,290749
9,754;0,435451
9,756;0,578768
9,758;0,720125
9,76;0,85895
9,762;1,00034
9,764;1,14373
9,766;1,28856
9,768;1,43425
9,77;1,58021
9,772;1,72588
9,774;1,87066
9,776;2,01397
9,778;2,15524
9,78;2,29389
9,782;2,42936
9,784;2,56111
9,786;2,68859
9,788;2,81128
9,79;2,92869
9,792;3,04032
9,794;3,14572
9,796;3,24444
9,798;3,33608
9,8;3,42025
9,802;3,49659
9,804;3,56477
9,806;3,62451
9,808;3,67553
9,81;3,71762
9,812;3,75058
9,814;3,77425
9,816;3,78852
9,818;3,7933
9,82;3,78855
9,822;3,77426
9,824;3,75046
9,826;3,71723
9,828;3,67467
9,83;3,62292
9,832;3,56218
9,834;3,49265
9,836;3,41459
9,838;3,3283
9,84;3,23409
9,842;3,13232
9,844;3,02338
9,846;2,90768
9,848;2,78568
9,85;2,65783
9,852;2,52464
9,854;2,38662
9,856;2,24432
9,858;2,0983
9,86;1,94911
9,862;1,79736
9,864;1,64365
9,866;1,48858
9,868;1,33277
9,87;1,17684
9,872;1,02142
9,874;0,867127
9,876;0,714582
9,878;0,564401
9,88;0,41719
9,882;0,267889
9,884;0,117091
9,886;0,0346067
9,888;0,186598
9,89;0,338277
9,892;0,489036
9,894;0,638269
9,896;0,785375
9,898;0,92976
9,9;1,07084
9,902;1,20804
9,904;1,3408
9,906;1,46858
9,908;1,59086
9,91;1,70713
9,912;1,8169
9,914;1,91973
9,916;2,01519
9,918;2,10286
9,92;2,18239
9,922;2,25343
9,924;2,31567
9,926;2,36884
9,928;2,41271
9,93;2,44707
9,932;2,47177
9,934;2,48667
9,936;2,49169
9,938;2,48679
9,94;2,47195
9,942;2,44722
9,944;2,41266
9,946;2,36838
9,948;2,31454
9,95;2,25133
9,952;2,17897
9,954;2,09774
9,956;2,00792
9,958;1,90986
9,96;1,80393
9,962;1,69052
9,964;1,57009
9,966;1,44307
9,968;1,30998
9,97;1,17132
9,972;1,02763
9,974;0,879475
9,976;0,727437
9,978;0,572112
9,98;0,414113
9,982;0,254064
9,984;0,0926
9,986;0,0696364
9,988;0,231999
9,99;0,393837
9,992;0,554504
9,994;0,713353
9,996;0,869744
9,998;1,0287
10;1,1896
10,002;1,35179
10,004;1,51464
10,006;1,67749
10,008;1,8397
10,01;2,00061
10,012;2,15957
10,014;2,31595
10,016;2,4691
10,018;2,61842
10,02;2,7633
10,022;2,90313
10,024;3,03735
10,026;3,16542
10,028;3,28678
10,03;3,40096
10,032;3,50746
10,034;3,60585
10,036;3,6957
10,038;3,77664
10,04;3,84832
10,042;3,91042
10,044;3,96267
10,046;4,00485
10,048;4,03674
10,05;4,0582
10,052;4,06912
10,054;4,06941
10,056;4,05906
10,058;4,03807
10,06;4,0065
10,062;3,96445
10,064;3,91206
10,066;3,84951
10,068;3,77702
10,07;3,69487
10,072;3,60334
10,074;3,50278
10,076;3,39357
10,078;3,27612
10,08;3,15089
10,082;3,01834
10,084;2,879
10,086;2,7334
10,088;2,58211
10,09;2,42571
10,092;2,26482
10,094;2,10007
10,096;1,93211
10,098;1,7616
10,1;1,58922
10,102;1,41565
10,104;1,24159
10,106;1,06772
10,108;0,894748
10,11;0,723364
10,112;0,554257
10,114;0,388111
10,116;0,219941
10,118;0,0504148
10,12;0,119794
10,122;0,290005
10,124;0,459538
10,126;0,627714
10,128;0,793856
10,13;0,957293
10,132;1,11737
10,134;1,27342
10,136;1,42483
10,138;1,57097
10,14;1,71125
10,142;1,84508
10,144;1,97192
10,146;2,09124
10,148;2,20254
10,15;2,30535
10,152;2,39924
10,154;2,48382
10,156;2,55871
10,158;2,6236
10,16;2,6782
10,162;2,72225
10,164;2,75556
10,166;2,77797
10,168;2,78935
10,17;2,78964
10,172;2,77879
10,174;2,75683
10,176;2,72382
10,178;2,67984
10,18;2,62506
10,182;2,55966
10,184;2,48388
10,186;2,39798
10,188;2,3023
10,19;2,19717
10,192;2,08301
10,194;1,96024
10,196;1,82933
10,198;1,69078
10,2;1,54512
10,202;1,39293
10,204;1,23478
10,206;1,07131
10,208;0,903139
10,21;0,730937
10,212;0,55538
10,214;0,377162
10,216;0,196988
10,218;0,0155745
10,22;0,166357
10,222;0,34808
10,224;0,528867
10,226;0,707993
10,228;0,884735
10,23;1,06404
10,232;1,24519
10,234;1,42748
10,236;1,61017
10,238;1,79253
10,24;1,97384
10,242;2,15337
10,244;2,33039
10,246;2,50419
10,248;2,67406
10,25;2,83932
10,252;2,9993
10,254;3,15333
10,256;3,30078
10,258;3,44106
10,26;3,57357
10,262;3,69777
10,264;3,81314
10,266;3,91919
10,268;4,01548
10,27;4,10159
10,272;4,17715
10,274;4,24184
10,276;4,29536
10,278;4,33746
10,28;4,36796
10,282;4,3867
10,284;4,39357
10,286;4,38851
10,288;4,37151
10,29;4,34261
10,292;4,30189
10,294;4,24948
10,296;4,18557
10,298;4,11037
10,3;4,02415
10,302;3,92724
10,304;3,81999
10,306;3,7028
10,308;3,57612
10,31;3,44042
10,312;3,29623
10,314;3,1441
10,316;2,98461
10,318;2,81839
10,32;2,64608
10,322;2,46836
10,324;2,28591
10,326;2,09947
10,328;1,90976
10,33;1,71753
10,332;1,52355
10,334;1,32858
10,336;1,13341
10,338;0,938815
10,34;0,745573
10,342;0,554462
10,344;0,366252
10,346;0,176047
10,348;0,015398
10,35;0,20732
10,352;0,398953
10,354;0,589529
10,356;0,778284
10,358;0,964457
10,36;1,1473
10,362;1,32606
10,364;1,50003
10,366;1,66849
10,368;1,83075
10,37;1,98615
10,372;2,13405
10,374;2,27384
10,376;2,40493
10,378;2,52678
10,38;2,63888
10,382;2,74074
10,384;2,83195
10,386;2,9121
10,388;2,98084
10,39;3,03787
10,392;3,08293
10,394;3,1158
10,396;3,13633
10,398;3,14439
10,4;3,13993
10,402;3,12293
10,404;3,09341
10,406;3,05148
10,408;2,99725
10,41;2,93091
10,412;2,85271
10,414;2,76291
10,416;2,66185
10,418;2,54991
10,42;2,42749
10,422;2,29506
10,424;2,15313
10,426;2,00224
10,428;1,84296
10,43;1,67592
10,432;1,50175
10,434;1,32114
10,436;1,1348
10,438;0,943442
10,44;0,747831
10,442;0,548736
10,444;0,346944
10,446;0,143254
10,448;0,0615246
10,45;0,266574
10,452;0,471076
10,454;0,674211
10,456;0,875163
10,458;1,07312
10,46;1,27294
10,462;1,47384
10,464;1,675
10,466;1,87562
10,468;2,07491
10,47;2,27206
10,472;2,46627
10,474;2,65676
10,476;2,84277
10,478;3,02353
10,48;3,1983
10,482;3,36638
10,484;3,52706
10,486;3,6797
10,488;3,82365
10,49;3,95832
10,492;4,08315
10,494;4,1976
10,496;4,3012
10,498;4,39349
10,5;4,47409
10,502;4,54264
10,504;4,59882
10,506;4,64239
10,508;4,67314
10,51;4,6909
10,512;4,69557
10,514;4,68711
10,516;4,6655
10,518;4,6308
10,52;4,58311
10,522;4,52259
10,524;4,44945
10,526;4,36394
10,528;4,26638
10,53;4,15712
10,532;4,03657
10,534;3,90518
10,536;3,76345
10,538;3,61192
10,54;3,45116
10,542;3,2818
10,544;3,10449
10,546;2,91991
10,548;2,72879
10,55;2,53188
10,552;2,32994
10,554;2,12377
10,556;1,91419
10,558;1,70202
10,56;1,4881
10,562;1,27329
10,564;1,05844
10,566;0,844413
10,568;0,632066
10,57;0,422254
10,572;0,210165
10,574;0,00335919
10,576;0,217467
10,578;0,431305
10,58;0,644015
10,582;0,854745
10,584;1,06265
10,586;1,26688
10,588;1,46662
10,59;1,66105
10,592;1,84939
10,594;2,03086
10,596;2,20471
10,598;2,37024
10,6;2,52676
10,602;2,67362
10,604;2,81021
10,606;2,93594
10,608;3,0503
10,61;3,15278
10,612;3,24296
10,614;3,32043
10,616;3,38486
10,618;3,43595
10,62;3,47346
10,622;3,4972
10,624;3,50705
10,626;3,50292
10,628;3,4848
10,63;3,45272
10,632;3,40677
10,634;3,3471
10,636;3,27391
10,638;3,18745
10,64;3,08805
10,642;2,97606
10,644;2,85189
10,646;2,71601
10,648;2,56893
10,65;2,41122
10,652;2,24346
10,654;2,06632
10,656;1,88046
10,658;1,68662
10,66;1,48554
10,662;1,27801
10,664;1,06484
10,666;0,846873
10,668;0,624966
10,67;0,399996
10,672;0,172854
10,674;0,0555574
10,676;0,284327
10,678;0,512541
10,68;0,739285
10,682;0,963648
10,684;1,19038
10,686;1,41859
10,688;1,64736
10,69;1,87578
10,692;2,10293
10,694;2,32791
10,696;2,5498
10,698;2,76772
10,7;2,98077
10,702;3,1881
10,704;3,38885
10,706;3,58222
10,708;3,7674
10,71;3,94363
10,712;4,11019
10,714;4,26638
10,716;4,41154
10,718;4,54508
10,72;4,66642
10,722;4,77505
10,724;4,8705
10,726;4,95234
10,728;5,02023
10,73;5,07384
10,732;5,11293
10,734;5,1373
10,736;5,14682
10,738;5,1414
10,74;5,12103
10,742;5,08575
10,744;5,03566
10,746;4,97093
10,748;4,89176
10,75;4,79845
10,752;4,69132
10,754;4,57077
10,756;4,43725
10,758;4,29125
10,76;4,13332
10,762;3,96407
10,764;3,78413
10,766;3,59421
10,768;3,39504
10,77;3,18738
10,772;2,97205
10,774;2,74988
10,776;2,52175
10,778;2,28855
10,78;2,05121
10,782;1,81066
10,784;1,56785
10,786;1,32375
10,788;1,07933
10,79;0,835575
10,792;0,593454
10,794;0,353943
10,796;0,112348
10,798;0,130368
10,8;0,373238
10,802;0,615292
10,804;0,855558
10,806;1,09307
10,808;1,32687
10,81;1,55602
10,812;1,77958
10,814;1,99665
10,816;2,20634
10,818;2,40779
10,82;2,60017
10,822;2,7827
10,824;2,95461
10,826;3,11518
10,828;3,26376
10,83;3,3997
10,832;3,52244
10,834;3,63144
10,836;3,72623
10,838;3,8064
10,84;3,87159
10,842;3,92149
10,844;3,95587
10,846;3,97454
10,848;3,9774
10,85;3,96438
10,852;3,93549
10,854;3,89082
10,856;3,83049
10,858;3,75471
10,86;3,66373
10,862;3,55789
10,864;3,43756
10,866;3,30319
10,868;3,15527
10,87;2,99437
10,872;2,82109
10,874;2,63609
10,876;2,44008
10,878;2,23381
10,88;2,01809
10,882;1,79375
10,884;1,56167
10,886;1,32275
10,888;1,07792
10,89;0,828166
10,892;0,574458
10,894;0,317803
10,896;0,0592207
10,898;0,20026
10,9;0,459602
10,902;0,71777
10,904;0,973727
10,906;1,2321
10,908;1,49186
10,91;1,75198
10,912;2,01141
10,914;2,26911
10,916;2,52406
10,918;2,77521
10,92;3,02157
10,922;3,26212
10,924;3,4959
10,926;3,72194
10,928;3,93933
10,93;4,14717
10,932;4,3446
10,934;4,53081
10,936;4,70502
10,938;4,8665
10,94;5,01458
10,942;5,14862
10,944;5,26805
10,946;5,37236
10,948;5,46109
10,95;5,53383
10,952;5,59027
10,954;5,63012
10,956;5,65318
10,958;5,65933
10,96;5,64848
10,962;5,62063
10,964;5,57586
10,966;5,5143
10,968;5,43614
10,97;5,34166
10,972;5,23118
10,974;5,10512
10,976;4,96393
10,978;4,80813
10,98;4,63832
10,982;4,45512
10,984;4,25925
10,986;4,05145
10,988;3,83251
10,99;3,60329
10,992;3,36468
10,994;3,11759
10,996;2,86301
10,998;2,60193
11;2,33536
11,002;2,06438
11,004;1,79004
11,006;1,51344
11,008;1,23568
11,01;0,957864
11,012;0,681104
11,014;0,406509
11,016;0,129528
11,018;0,148739
11,02;0,42718
11,022;0,704684
11,024;0,980138
11,026;1,25243
11,028;1,52047
11,03;1,78317
11,032;2,03947
11,034;2,28832
11,036;2,52871
11,038;2,75966
11,04;2,98021
11,042;3,18945
11,044;3,38653
11,046;3,57061
11,048;3,74093
11,05;3,89677
11,052;4,03746
11,054;4,16241
11,056;4,27107
11,058;4,36296
11,06;4,43767
11,062;4,49487
11,064;4,53426
11,066;4,55565
11,068;4,5589
11,07;4,54395
11,072;4,51082
11,074;4,45958
11,076;4,3904
11,078;4,3035
11,08;4,19918
11,082;4,07781
11,084;3,93984
11,086;3,78577
11,088;3,61617
11,09;3,43168
11,092;3,23301
11,094;3,0209
11,096;2,79617
11,098;2,55968
11,1;2,31235
11,102;2,05514
11,104;1,78906
11,106;1,51513
11,108;1,23445
11,11;0,948103
11,112;0,657231
11,114;0,362982
11,116;0,0665256
11,118;0,23096
11,12;0,528286
11,122;0,824264
11,124;1,11771
11,126;1,41309
11,128;1,70923
11,13;2,00496
11,132;2,29909
11,134;2,59043
11,136;2,87781
11,138;3,16008
11,14;3,43609
11,142;3,70472
11,144;3,96488
11,146;4,21549
11,148;4,45555
11,15;4,68405
11,152;4,90005
11,154;5,10266
11,156;5,29102
11,158;5,46435
11,16;5,62192
11,162;5,76304
11,164;5,88712
11,166;5,99361
11,168;6,08204
11,17;6,152
11,172;6,20317
11,174;6,2353
11,176;6,24819
11,178;6,24176
11,18;6,21597
11,182;6,17088
11,184;6,10661
11,186;6,02337
11,188;5,92144
11,19;5,80119
11,192;5,66304
11,194;5,5075
11,196;5,33514
11,198;5,14661
11,2;4,94262
11,202;4,72394
11,204;4,49141
11,206;4,24593
11,208;3,98844
11,21;3,71993
11,212;3,44146
11,214;3,1541
11,216;2,859
11,218;2,5573
11,22;2,25019
11,222;1,93889
11,224;1,62464
11,226;1,30867
11,228;0,992263
11,23;0,676668
11,232;0,363152
11,234;0,0473198
11,236;0,269572
11,238;0,58626
11,24;0,901474
11,242;1,21395
11,244;1,52244
11,246;1,82568
11,248;2,12246
11,25;2,41157
11,252;2,69183
11,254;2,9621
11,256;3,22127
11,258;3,46828
11,26;3,7021
11,262;3,92176
11,264;4,12635
11,266;4,315
11,268;4,48693
11,27;4,6414
11,272;4,77775
11,274;4,89537
11,276;4,99375
11,278;5,07245
11,28;5,1311
11,282;5,16941
11,284;5,18717
11,286;5,18426
11,288;5,16063
11,29;5,11632
11,292;5,05146
11,294;4,96625
11,296;4,86098
11,298;4,73601
11,3;4,59179
11,302;4,42884
11,304;4,24778
11,306;4,04926
11,308;3,83406
11,31;3,60296
11,312;3,35687
11,314;3,09673
11,316;2,82353
11,318;2,53833
11,32;2,24226
11,322;1,93645
11,324;1,6221
11,326;1,30046
11,328;0,972792
11,33;0,640384
11,332;0,304556
11,334;0,033358
11,336;0,372011
11,338;0,710051
11,34;1,04612
11,342;1,38454
11,344;1,72394
11,346;2,06299
11,348;2,40031
11,35;2,73456
11,352;3,06439
11,354;3,38848
11,356;3,7055
11,358;4,01417
11,36;4,31324
11,362;4,60149
11,364;4,87772
11,366;5,14081
11,368;5,38966
11,37;5,62325
11,372;5,8406
11,374;6,04079
11,376;6,22298
11,378;6,3864
11,38;6,53033
11,382;6,65415
11,384;6,75732
11,386;6,83936
11,388;6,89989
11,39;6,93861
11,392;6,95531
11,394;6,94986
11,396;6,92223
11,398;6,87246
11,4;6,8007
11,402;6,70717
11,404;6,59219
11,406;6,45616
11,408;6,29958
11,41;6,12301
11,412;5,9271
11,414;5,7126
11,416;5,48029
11,418;5,23108
11,42;4,96591
11,422;4,68579
11,424;4,39181
11,426;4,08511
11,428;3,76688
11,43;3,43836
11,432;3,10085
11,434;2,75565
11,436;2,40414
11,438;2,04771
11,44;1,68777
11,442;1,32574
11,444;0,963069
11,446;0,60121
11,448;0,24161
11,45;0,119944
11,452;0,482011
11,454;0,843143
11,456;1,20189
11,458;1,55682
11,46;1,9065
11,462;2,24951
11,464;2,58446
11,466;2,91
11,468;3,2248
11,47;3,52756
11,472;3,81705
11,474;4,09207
11,476;4,35149
11,478;4,59422
11,48;4,81925
11,482;5,02563
11,484;5,21248
11,486;5,37901
11,488;5,5245
11,49;5,64831
11,492;5,74988
11,494;5,82875
11,496;5,88455
11,498;5,91698
11,5;5,92586
11,502;5,91109
11,504;5,87266
11,506;5,81067
11,508;5,7253
11,51;5,61683
11,512;5,48563
11,514;5,33217
11,516;5,15699
11,518;4,96075
11,52;4,74417
11,522;4,50807
11,524;4,25333
11,526;3,98093
11,528;3,69191
11,53;3,38737
11,532;3,0685
11,534;2,73654
11,536;2,39277
11,538;2,03855
11,54;1,67525
11,542;1,30431
11,544;0,927197
11,546;0,545395
11,548;0,160421
11,55;0,226193
11,552;0,612904
11,554;0,998167
11,556;1,38044
11,558;1,76383
11,56;2,14682
11,562;2,52788
11,564;2,90546
11,566;3,27807
11,568;3,64418
11,57;4,00231
11,572;4,35103
11,574;4,6889
11,576;5,01454
11,578;5,32662
11,58;5,62385
11,582;5,90501
11,584;6,16893
11,586;6,41451
11,588;6,64071
11,59;6,84658
11,592;7,03124
11,594;7,19389
11,596;7,33384
11,598;7,45045
11,6;7,5432
11,602;7,61165
11,604;7,65546
11,606;7,6744
11,608;7,66832
11,61;7,63718
11,612;7,58104
11,614;7,50005
11,616;7,39447
11,618;7,26466
11,62;7,11108
11,622;6,93427
11,624;6,73488
11,626;6,51365
11,628;6,2714
11,63;6,00905
11,632;5,7276
11,634;5,4281
11,636;5,11173
11,638;4,7797
11,64;4,43329
11,642;4,07385
11,644;3,70278
11,646;3,32155
11,648;2,93164
11,65;2,53459
11,652;2,13197
11,654;1,72538
11,656;1,31644
11,658;0,906762
11,66;0,497996
11,662;0,0917772
11,664;0,31592
11,666;0,72347
11,668;1,12924
11,67;1,5316
11,672;1,92894
11,674;2,31965
11,676;2,70216
11,678;3,0749
11,68;3,43636
11,682;3,78508
11,684;4,1196
11,686;4,43858
11,688;4,74067
11,69;5,02464
11,692;5,28929
11,694;5,53352
11,696;5,7563
11,698;5,95667
11,7;6,13378
11,702;6,28686
11,704;6,41522
11,706;6,5183
11,708;6,5956
11,71;6,64676
11,712;6,67149
11,714;6,66963
11,716;6,64112
11,718;6,58599
11,72;6,5044
11,722;6,39661
11,724;6,26297
11,726;6,10395
11,728;5,92011
11,73;5,71214
11,732;5,48079
11,734;5,22693
11,736;4,95151
11,738;4,65558
11,74;4,34027
11,742;4,00678
11,744;3,6564
11,746;3,2905
11,748;2,91048
11,75;2,51784
11,752;2,1141
11,754;1,70087
11,756;1,27975
11,758;0,852422
11,76;0,420572
11,762;0,014083
11,764;0,449813
11,766;0,884877
11,768;1,31753
11,77;1,7517
11,772;2,18565
11,774;2,61764
11,776;3,04594
11,778;3,46883
11,78;3,8846
11,782;4,29157
11,784;4,68809
11,786;5,07254
11,788;5,44335
11,79;5,79901
11,792;6,13804
11,794;6,45906
11,796;6,76073
11,798;7,04179
11,8;7,30105
11,802;7,53744
11,804;7,74993
11,806;7,93762
11,808;8,09969
11,81;8,23542
11,812;8,34419
11,814;8,42551
11,816;8,47898
11,818;8,50429
11,82;8,50129
11,822;8,4699
11,824;8,41018
11,826;8,32229
11,828;8,2065
11,83;8,0632
11,832;7,8929
11,834;7,6962
11,836;7,47383
11,838;7,22659
11,84;6,95541
11,842;6,66132
11,844;6,34543
11,846;6,00894
11,848;5,65314
11,85;5,27942
11,852;4,88921
11,854;4,48403
11,856;4,06546
11,858;3,63514
11,86;3,19476
11,862;2,74606
11,864;2,29081
11,866;1,8308
11,868;1,36788
11,87;0,903877
11,872;0,440651
11,874;0,0199442
11,876;0,481716
11,878;0,942821
11,88;1,40141
11,882;1,85565
11,884;2,3037
11,886;2,74377
11,888;3,17406
11,89;3,59282
11,892;3,99837
11,894;4,38902
11,896;4,7632
11,898;5,11934
11,9;5,45599
11,902;5,77174
11,904;6,06527
11,906;6,33535
11,908;6,58084
11,91;6,80069
11,912;6,99395
11,914;7,15978
11,916;7,29744
11,918;7,4063
11,92;7,48586
11,922;7,53572
11,924;7,55559
11,926;7,54532
11,928;7,50487
11,93;7,43433
11,932;7,33388
11,934;7,20386
11,936;7,04471
11,938;6,85698
11,94;6,64136
11,942;6,39862
11,944;6,12966
11,946;5,8355
11,948;5,51724
11,95;5,17609
11,952;4,81336
11,954;4,43043
11,956;4,02879
11,958;3,60999
11,96;3,17566
11,962;2,7275
11,964;2,26726
11,966;1,79676
11,968;1,31784
11,97;0,8324
11,972;0,342365
11,974;0,150318
11,976;0,643685
11,978;1,13576
11,98;1,62459
11,982;2,11384
11,984;2,60157
11,986;3,08583
11,988;3,56466
11,99;4,03614
11,992;4,49836
11,994;4,94945
11,996;5,38757
