0,003;0
0,006;6,36396e-05
0,009;0,000190792
0,012;0,000381023
0,015;0,000633598
0,018;0,000947479
0,021;0,00132133
0,024;0,00175353
0,027;0,00224215
0,03;0,00278503
0,033;0,00337969
0,036;0,00402344
0,039;0,00471332
0,042;0,00544614
0,045;0,00621851
0,048;0,00702684
0,051;0,00786734
0,054;0,00873608
0,057;0,00962895
0,06;0,0105417
0,063;0,0114701
0,066;0,0124097
0,069;0,013356
0,072;0,0143044
0,075;0,0152505
0,078;0,0161897
0,081;0,0171174
0,084;0,0180292
0,087;0,0189207
0,09;0,0197874
0,093;0,0206253
0,096;0,0214302
0,099;0,022198
0,102;0,0229251
0,105;0,0236079
0,108;0,0242429
0,111;0,0248269
0,114;0,025357
0,117;0,0258306
0,12;0,0262451
0,123;0,0265985
0,126;0,0268888
0,129;0,0271145
0,132;0,0272743
0,135;0,0273673
0,138;0,0273928
0,141;0,0273506
0,144;0,0272405
0,147;0,0270631
0,15;0,0268189
0,153;0,0265089
0,156;0,0261345
0,159;0,0256972
0,162;0,025199
0,165;0,024642
0,168;0,0240289
0,171;0,0233623
0,174;0,0226454
0,177;0,0218814
0,18;0,0210739
0,183;0,0202266
0,186;0,0193435
0,189;0,0184287
0,192;0,0174865
0,195;0,0165214
0,198;0,015538
0,201;0,0145408
0,204;0,0135347
0,207;0,0125244
0,21;0,0115148
0,213;0,0105108
0,216;0,00951715
0,219;0,00853867
0,222;0,00758011
0,225;0,00664612
0,228;0,00574125
0,231;0,00486993
0,234;0,00403644
0,237;0,00324487
0,24;0,00249915
0,243;0,00180299
0,246;0,00115987
0,249;0,000573011
0,252;4,54027e-05
0,255;0,000420261
0,258;0,000821572
0,261;0,00115642
0,264;0,00142302
0,267;0,0016199
0,27;0,00174591
0,273;0,00180025
0,276;0,00178247
0,279;0,00169244
0,282;0,00153039
0,285;0,00129691
0,288;0,000992904
0,291;0,000619644
0,294;0,000178726
0,297;0,000327925
0,3;0,000898061
0,303;0,00152912
0,306;0,00221825
0,309;0,0029623
0,312;0,00375785
0,315;0,00460123
0,318;0,00548853
0,321;0,00641561
0,324;0,00737812
0,327;0,00837156
0,33;0,00939123
0,333;0,0104323
0,336;0,0114899
0,339;0,0125589
0,342;0,0136343
0,345;0,0147109
0,348;0,0157835
0,351;0,016847
0,354;0,0178962
0,357;0,0189262
0,36;0,0199318
0,363;0,0209082
0,366;0,0218506
0,369;0,0227544
0,372;0,0236151
0,375;0,0244285
0,378;0,0251907
0,381;0,0258976
0,384;0,0265459
0,387;0,0271322
0,39;0,0276536
0,393;0,0281073
0,396;0,028491
0,399;0,0288027
0,402;0,0290406
0,405;0,0292034
0,408;0,0292902
0,411;0,0293002
0,414;0,0292333
0,417;0,0290895
0,42;0,0288693
0,423;0,0285736
0,426;0,0282035
0,429;0,0277607
0,432;0,027247
0,435;0,0266647
0,438;0,0260164
0,441;0,0253051
0,444;0,024534
0,447;0,0237065
0,45;0,0228267
0,453;0,0218984
0,456;0,020926
0,459;0,0199141
0,462;0,0188675
0,465;0,017791
0,468;0,0166897
0,471;0,0155688
0,474;0,0144338
0,477;0,0132899
0,48;0,0121426
0,483;0,0109975
0,486;0,00986006
0,489;0,00873573
0,492;0,00762995
0,495;0,0065481
0,498;0,00549543
0,501;0,00447707
0,504;0,00349801
0,507;0,00256305
0,51;0,00167682
0,513;0,000843695
0,516;6,78275e-05
0,519;0,000646898
0,522;0,00129688
0,525;0,00187882
0,528;0,00238973
0,531;0,00282696
0,534;0,0031882
0,537;0,00347152
0,54;0,00367532
0,543;0,00379841
0,546;0,00383998
0,549;0,00379959
0,552;0,00367721
0,555;0,0034732
0,558;0,0031883
0,561;0,00282367
0,564;0,00238081
0,567;0,00186166
0,57;0,00126847
0,573;0,000603894
0,576;0,000129082
0,579;0,00092713
0,582;0,0017866
0,585;0,00270354
0,588;0,00367372
0,591;0,00469261
0,594;0,00575547
0,597;0,00685732
0,6;0,00799299
0,603;0,0091571
0,606;0,0103442
0,609;0,0115485
0,612;0,0127645
0,615;0,0139862
0,618;0,0152079
0,621;0,0164236
0,624;0,0176275
0,627;0,0188138
0,63;0,0199768
0,633;0,0211108
0,636;0,0222102
0,639;0,0232698
0,642;0,0242843
0,645;0,0252487
0,648;0,0261583
0,651;0,0270084
0,654;0,027795
0,657;0,028514
0,66;0,0291618
0,663;0,029735
0,666;0,0302308
0,669;0,0306464
0,672;0,0309798
0,675;0,0312291
0,678;0,0313928
0,681;0,0314699
0,684;0,0314598
0,687;0,0313623
0,69;0,0311776
0,693;0,0309064
0,696;0,0305498
0,699;0,0301091
0,702;0,0295863
0,705;0,0289837
0,708;0,0283039
0,711;0,02755
0,714;0,0267254
0,717;0,0258338
0,72;0,0248794
0,723;0,0238665
0,726;0,0227998
0,729;0,0216844
0,732;0,0205254
0,735;0,0193283
0,738;0,0180987
0,741;0,0168424
0,744;0,0155654
0,747;0,0142737
0,75;0,0129736
0,753;0,0116711
0,756;0,0103727
0,759;0,00908443
0,762;0,00781262
0,765;0,00656339
0,768;0,00534279
0,771;0,00415677
0,774;0,00301112
0,777;0,00191144
0,78;0,000863156
0,783;0,000128573
0,786;0,00105882
0,789;0,00192295
0,792;0,00271663
0,795;0,00343586
0,798;0,00407696
0,801;0,00463665
0,804;0,00511202
0,807;0,00550053
0,81;0,0058001
0,813;0,00600902
0,816;0,00612604
0,819;0,00615035
0,822;0,00608156
0,825;0,00591975
0,828;0,00566543
0,831;0,00531957
0,834;0,00488357
0,837;0,00435926
0,84;0,00374892
0,843;0,00305524
0,846;0,00228131
0,849;0,00143062
0,852;0,000507046
0,855;0,000485189
0,858;0,00154151
0,861;0,00265703
0,864;0,00382656
0,867;0,00504464
0,87;0,00630556
0,873;0,00760337
0,876;0,00893197
0,879;0,010285
0,882;0,0116562
0,885;0,0130389
0,888;0,0144265
0,891;0,0158123
0,894;0,0171898
0,897;0,0185523
0,9;0,0198932
0,903;0,021206
0,906;0,0224843
0,909;0,0237219
0,912;0,0249127
0,915;0,026051
0,918;0,027131
0,921;0,0281475
0,924;0,0290953
0,927;0,0299698
0,93;0,0307665
0,933;0,0314814
0,936;0,0321108
0,939;0,0326515
0,942;0,0331006
0,945;0,0334558
0,948;0,033715
0,951;0,0338767
0,954;0,0339399
0,957;0,033904
0,96;0,0337689
0,963;0,033535
0,966;0,0332031
0,969;0,0327745
0,972;0,0322511
0,975;0,031635
0,978;0,030929
0,981;0,0301362
0,984;0,0292601
0,987;0,0283048
0,99;0,0272746
0,993;0,0261743
0,996;0,0250088
0,999;0,0237837
1,002;0,0225046
1,005;0,0211776
1,008;0,0198089
1,011;0,0184048
1,014;0,0169722
1,017;0,0155177
1,02;0,0140482
1,023;0,0125709
1,026;0,0110928
1,029;0,00962085
1,032;0,00816228
1,035;0,00672409
1,038;0,00531323
1,041;0,00393656
1,044;0,00260078
1,047;0,00131241
1,05;7,77807e-05
1,053;0,00109704
1,056;0,00220625
1,059;0,00324433
1,062;0,00420611
1,065;0,00508675
1,068;0,0058818
1,071;0,00658721
1,074;0,00719933
1,077;0,00771497
1,08;0,00813138
1,083;0,00844629
1,086;0,0086579
1,089;0,0087649
1,092;0,00876649
1,095;0,00866237
1,098;0,00845274
1,101;0,0081383
1,104;0,00772029
1,107;0,0072004
1,11;0,00658086
1,113;0,00586436
1,116;0,00505406
1,119;0,00415359
1,122;0,00316703
1,125;0,00209886
1,128;0,000953983
1,131;0,000262316
1,134;0,0015444
1,137;0,0028863
1,14;0,00428174
1,143;0,00572418
1,146;0,00720682
1,149;0,00872266
1,152;0,0102645
1,155;0,0118251
1,158;0,0133968
1,161;0,0149724
1,164;0,0165441
1,167;0,0181044
1,17;0,0196459
1,173;0,021161
1,176;0,0226424
1,179;0,0240829
1,182;0,0254755
1,185;0,0268133
1,188;0,0280899
1,191;0,0292988
1,194;0,0304341
1,197;0,0314901
1,2;0,0324616
1,203;0,0333436
1,206;0,0341317
1,209;0,0348218
1,212;0,0354103
1,215;0,0358942
1,218;0,0362707
1,221;0,0365378
1,224;0,036694
1,227;0,0367381
1,23;0,0366696
1,233;0,0364885
1,236;0,0361955
1,239;0,0357915
1,242;0,0352782
1,245;0,0346578
1,248;0,0339329
1,251;0,0331068
1,254;0,0321831
1,257;0,0311659
1,26;0,03006
1,263;0,0288703
1,266;0,0276023
1,269;0,026262
1,272;0,0248554
1,275;0,0233893
1,278;0,0218704
1,281;0,020306
1,284;0,0187033
1,287;0,01707
1,29;0,0154138
1,293;0,0137427
1,296;0,0120645
1,299;0,0103874
1,302;0,00871934
1,305;0,00706841
1,308;0,00544258
1,311;0,0038497
1,314;0,00229753
1,317;0,000793623
1,32;0,000654665
1,323;0,00204023
1,326;0,00335623
1,329;0,00459618
1,332;0,00575389
1,335;0,00682359
1,338;0,00779989
1,341;0,00867784
1,344;0,00945296
1,347;0,0101212
1,35;0,0106792
1,353;0,0111237
1,356;0,0114525
1,359;0,0116637
1,362;0,0117557
1,365;0,011728
1,368;0,0115802
1,371;0,0113129
1,374;0,0109268
1,377;0,0104235
1,38;0,00980521
1,383;0,00907445
1,386;0,00823445
1,389;0,00728892
1,392;0,00624213
1,395;0,0050988
1,398;0,00386415
1,401;0,00254386
1,404;0,00114403
1,407;0,00032886
1,41;0,00186793
1,413;0,00346599
1,416;0,00511552
1,419;0,00680875
1,422;0,00853769
1,425;0,0102941
1,428;0,0120697
1,431;0,013856
1,434;0,0156443
1,437;0,0174263
1,44;0,0191932
1,443;0,0209366
1,446;0,022648
1,449;0,0243191
1,452;0,0259419
1,455;0,0275082
1,458;0,0290106
1,461;0,0304416
1,464;0,0317941
1,467;0,0330614
1,47;0,0342372
1,473;0,0353156
1,476;0,0362911
1,479;0,0371588
1,482;0,0379142
1,485;0,0385534
1,488;0,039073
1,491;0,0394701
1,494;0,0397425
1,497;0,0398885
1,5;0,0399071
1,503;0,0397979
1,506;0,0395609
1,509;0,0391971
1,512;0,0387077
1,515;0,0380948
1,518;0,0373609
1,521;0,0365093
1,524;0,0355438
1,527;0,0344685
1,53;0,0332884
1,533;0,0320089
1,536;0,0306358
1,539;0,0291754
1,542;0,0276346
1,545;0,0260204
1,548;0,0243405
1,551;0,0226026
1,554;0,020815
1,557;0,0189862
1,56;0,0171247
1,563;0,0152395
1,566;0,0133395
1,569;0,0114337
1,572;0,00953141
1,575;0,00764166
1,578;0,00577358
1,581;0,00393619
1,584;0,00213841
1,587;0,000388963
1,59;0,00130361
1,593;0,00293102
1,596;0,00448528
1,599;0,00595872
1,602;0,00734405
1,605;0,00863436
1,608;0,00982321
1,611;0,0109046
1,614;0,011873
1,617;0,0127235
1,62;0,0134517
1,623;0,0140537
1,626;0,0145263
1,629;0,0148669
1,632;0,0150734
1,635;0,0151445
1,638;0,0150794
1,641;0,0148782
1,644;0,0145413
1,647;0,0140701
1,65;0,0134663
1,653;0,0127326
1,656;0,0118721
1,659;0,0108886
1,662;0,00978635
1,665;0,00857044
1,668;0,00724635
1,671;0,00582012
1,674;0,00429833
1,677;0,00268801
1,68;0,00099663
1,683;0,000767906
1,686;0,00259734
1,689;0,00448306
1,692;0,00641619
1,695;0,00838757
1,698;0,0103878
1,701;0,0124075
1,704;0,0144369
1,707;0,0164663
1,71;0,018486
1,713;0,0204863
1,716;0,0224575
1,719;0,02439
1,722;0,0262745
1,725;0,0281018
1,728;0,029863
1,731;0,0315494
1,734;0,0331528
1,737;0,0346651
1,74;0,0360789
1,743;0,0373871
1,746;0,0385832
1,749;0,0396611
1,752;0,0406152
1,755;0,0414407
1,758;0,0421333
1,761;0,0426891
1,764;0,0431053
1,767;0,0433794
1,77;0,0435096
1,773;0,0434951
1,776;0,0433353
1,779;0,0430307
1,782;0,0425824
1,785;0,041992
1,788;0,0412621
1,791;0,0403957
1,794;0,0393966
1,797;0,0382693
1,8;0,0370187
1,803;0,0356506
1,806;0,0341712
1,809;0,0325873
1,812;0,0309061
1,815;0,0291356
1,818;0,0272838
1,821;0,0253596
1,824;0,0233719
1,827;0,02133
1,83;0,0192437
1,833;0,0171229
1,836;0,0149775
1,839;0,0128179
1,842;0,0106544
1,845;0,00849726
1,848;0,00635697
1,851;0,00424381
1,854;0,002168
1,857;0,000139615
1,86;0,00183148
1,863;0,00373566
1,866;0,00556361
1,869;0,00730633
1,872;0,00895521
1,875;0,0105021
1,878;0,0119393
1,881;0,0132595
1,884;0,0144561
1,887;0,0155231
1,89;0,0164549
1,893;0,0172467
1,896;0,0178943
1,899;0,0183942
1,902;0,0187435
1,905;0,0189402
1,908;0,0189829
1,911;0,018871
1,914;0,0186045
1,917;0,0181844
1,92;0,0176121
1,923;0,0168901
1,926;0,0160213
1,929;0,0150095
1,932;0,0138593
1,935;0,0125756
1,938;0,0111644
1,941;0,00963196
1,944;0,00798537
1,947;0,0062322
1,95;0,00438057
1,953;0,00243909
1,956;0,000416825
1,959;0,00167674
1,962;0,00383177
1,965;0,00603807
1,968;0,00828521
1,971;0,0105625
1,974;0,0128591
1,977;0,0151641
1,98;0,0174664
1,983;0,0197549
1,986;0,0220186
1,989;0,0242466
1,992;0,0264282
1,995;0,0285526
1,998;0,0306095
2,001;0,032589
2,004;0,0344811
2,007;0,0362767
2,01;0,0379669
2,013;0,0395432
2,016;0,0409977
2,019;0,0423231
2,022;0,0435128
2,025;0,0445605
2,028;0,045461
2,031;0,0462094
2,034;0,0468017
2,037;0,0472346
2,04;0,0475057
2,043;0,0476132
2,046;0,0475561
2,049;0,0473341
2,052;0,046948
2,055;0,0463991
2,058;0,0456896
2,061;0,0448224
2,064;0,0438013
2,067;0,0426307
2,07;0,0413159
2,073;0,0398627
2,076;0,0382777
2,079;0,0365682
2,082;0,034742
2,085;0,0328076
2,088;0,030774
2,091;0,0286505
2,094;0,0264473
2,097;0,0241745
2,1;0,021843
2,103;0,0194638
2,106;0,0170481
2,109;0,0146074
2,112;0,0121535
2,115;0,00969797
2,118;0,00725267
2,121;0,00482934
2,124;0,00243969
2,127;9,52744e-05
2,13;0,00219252
2,133;0,00441256
2,136;0,00655399
2,139;0,00860633
2,142;0,0105595
2,145;0,0124037
2,148;0,01413
2,151;0,0157296
2,154;0,0171946
2,157;0,0185175
2,16;0,0196915
2,163;0,0207108
2,166;0,0215698
2,169;0,022264
2,172;0,0227897
2,175;0,0231438
2,178;0,0233242
2,181;0,0233294
2,184;0,0231591
2,187;0,0228135
2,19;0,0222938
2,193;0,021602
2,196;0,0207409
2,199;0,0197142
2,202;0,0185264
2,205;0,0171827
2,208;0,0156891
2,211;0,0140523
2,214;0,0122799
2,217;0,01038
2,22;0,00836123
2,223;0,00623307
2,226;0,00400539
2,229;0,00168861
2,232;0,000706408
2,235;0,00316838
2,238;0,00568567
2,241;0,00824636
2,244;0,0108383
2,247;0,0134491
2,25;0,0160663
2,253;0,0186773
2,256;0,0212696
2,259;0,0238308
2,262;0,0263483
2,265;0,0288101
2,268;0,0312041
2,271;0,0335187
2,274;0,0357425
2,277;0,0378646
2,28;0,0398746
2,283;0,0417624
2,286;0,0435187
2,289;0,0451347
2,292;0,0466021
2,295;0,0479137
2,298;0,0490625
2,301;0,0500427
2,304;0,0508491
2,307;0,0514773
2,31;0,0519238
2,313;0,052186
2,316;0,0522621
2,319;0,0521511
2,322;0,0518532
2,325;0,0513691
2,328;0,0507008
2,331;0,0498509
2,334;0,048823
2,337;0,0476214
2,34;0,0462516
2,343;0,0447195
2,346;0,0430322
2,349;0,0411972
2,352;0,039223
2,355;0,0371186
2,358;0,0348938
2,361;0,0325589
2,364;0,0301248
2,367;0,027603
2,37;0,0250052
2,373;0,0223438
2,376;0,0196313
2,379;0,0168806
2,382;0,0141049
2,385;0,0113173
2,388;0,00853118
2,391;0,00575998
2,394;0,00301702
2,397;0,000315536
2,4;0,00233139
2,403;0,00491089
2,406;0,00741041
2,409;0,00981772
2,412;0,012121
2,415;0,0143089
2,418;0,0163706
2,421;0,0182959
2,424;0,0200751
2,427;0,0216993
2,43;0,0231602
2,433;0,0244504
2,436;0,0255632
2,439;0,0264928
2,442;0,0272342
2,445;0,0277833
2,448;0,028137
2,451;0,0282929
2,454;0,0282499
2,457;0,0280074
2,46;0,0275662
2,463;0,0269279
2,466;0,0260948
2,469;0,0250705
2,472;0,0238594
2,475;0,0224667
2,478;0,0208986
2,481;0,0191622
2,484;0,0172653
2,487;0,0152166
2,49;0,0130255
2,493;0,0107021
2,496;0,00825712
2,499;0,00570206
2,502;0,00304883
2,505;0,000309904
2,508;0,00250182
2,511;0,00537305
2,514;0,00829017
2,517;0,0112393
2,52;0,0142064
2,523;0,0171772
2,526;0,0201376
2,529;0,0230732
2,532;0,0259699
2,535;0,0288137
2,538;0,0315908
2,541;0,0342877
2,544;0,0368912
2,547;0,0393886
2,55;0,0417675
2,553;0,0440162
2,556;0,0461236
2,559;0,0480792
2,562;0,049873
2,565;0,0514962
2,568;0,0529403
2,571;0,0541981
2,574;0,0552628
2,577;0,0561289
2,58;0,0567916
2,583;0,0572473
2,586;0,057493
2,589;0,0575271
2,592;0,0573489
2,595;0,0569585
2,598;0,0563572
2,601;0,0555474
2,604;0,0545323
2,607;0,0533163
2,61;0,0519046
2,613;0,0503034
2,616;0,0485199
2,619;0,0465622
2,622;0,0444391
2,625;0,0421605
2,628;0,0397367
2,631;0,037179
2,634;0,0344994
2,637;0,0317103
2,64;0,0288248
2,643;0,0258565
2,646;0,0228194
2,649;0,0197279
2,652;0,0165968
2,655;0,0134408
2,658;0,0102751
2,661;0,00711488
2,664;0,00397529
2,667;0,000871474
2,67;0,00218158
2,673;0,00516907
2,676;0,00807648
2,679;0,0108896
2,682;0,0135947
2,685;0,0161785
2,688;0,0186282
2,691;0,0209318
2,694;0,0230776
2,697;0,0250551
2,7;0,0268542
2,703;0,0284658
2,706;0,0298816
2,709;0,0310943
2,712;0,0320976
2,715;0,0328859
2,718;0,0334549
2,721;0,0338014
2,724;0,0339229
2,727;0,0338182
2,73;0,0334873
2,733;0,0329311
2,736;0,0321517
2,739;0,0311521
2,742;0,0299365
2,745;0,0285102
2,748;0,0268794
2,751;0,0250513
2,754;0,0230343
2,757;0,0208374
2,76;0,0184707
2,763;0,0159451
2,766;0,0132722
2,769;0,0104645
2,772;0,00753509
2,775;0,00449765
2,778;0,00136647
2,781;0,00184367
2,784;0,00511759
2,787;0,00843975
2,79;0,0117943
2,793;0,0151654
2,796;0,0185366
2,799;0,021892
2,802;0,0252154
2,805;0,0284907
2,808;0,031702
2,811;0,0348338
2,814;0,0378707
2,817;0,0407981
2,82;0,0436015
2,823;0,046267
2,826;0,0487816
2,829;0,0511327
2,832;0,0533086
2,835;0,0552983
2,838;0,0570919
2,841;0,05868
2,844;0,0600546
2,847;0,0612084
2,85;0,0621352
2,853;0,0628301
2,856;0,0632889
2,859;0,0635089
2,862;0,0634883
2,865;0,0632265
2,868;0,0627242
2,871;0,061983
2,874;0,0610059
2,877;0,0597968
2,88;0,058361
2,883;0,0567046
2,886;0,0548351
2,889;0,0527608
2,892;0,050491
2,895;0,0480362
2,898;0,0454076
2,901;0,0426172
2,904;0,0396782
2,907;0,0366041
2,91;0,0334094
2,913;0,0301089
2,916;0,0267184
2,919;0,0232537
2,922;0,0197314
2,925;0,0161681
2,928;0,0125809
2,931;0,00898689
2,934;0,00540333
2,937;0,00184743
2,94;0,00166365
2,943;0,00511294
2,946;0,0084837
2,949;0,0117595
2,952;0,0149245
2,955;0,017963
2,958;0,0208601
2,961;0,0236016
2,964;0,0261739
2,967;0,0285641
2,97;0,0307602
2,973;0,0327512
2,976;0,0345269
2,979;0,0360782
2,982;0,0373971
2,985;0,0384765
2,988;0,0393105
2,991;0,0398946
2,994;0,0402252
2,997;0,0403
3;0,040118
3,003;0,0396792
3,006;0,0389851
3,009;0,0380382
3,012;0,0368425
3,015;0,035403
3,018;0,0337259
3,021;0,0318185
3,024;0,0296895
3,027;0,0273483
3,03;0,0248056
3,033;0,0220732
3,036;0,0191635
3,039;0,01609
3,042;0,012867
3,045;0,00950964
3,048;0,00603357
3,051;0,00245516
3,054;0,00120869
3,057;0,00494063
3,06;0,00872295
3,063;0,0125376
3,066;0,0163664
3,069;0,0201911
3,072;0,0239931
3,075;0,0277543
3,078;0,0314564
3,081;0,0350815
3,084;0,0386121
3,087;0,0420308
3,09;0,045321
3,093;0,0484665
3,096;0,0514518
3,099;0,0542621
3,102;0,0568835
3,105;0,0593028
3,108;0,0615079
3,111;0,0634876
3,114;0,0652317
3,117;0,0667312
3,12;0,0679782
3,123;0,0689661
3,126;0,0696893
3,129;0,0701437
3,132;0,0703264
3,135;0,0702356
3,138;0,069871
3,141;0,0692337
3,144;0,068326
3,147;0,0671513
3,15;0,0657147
3,153;0,0640223
3,156;0,0620815
3,159;0,0599009
3,162;0,0574903
3,165;0,0548606
3,168;0,0520239
3,171;0,0489931
3,174;0,0457824
3,177;0,0424065
3,18;0,0388813
3,183;0,0352232
3,186;0,0314494
3,189;0,0275778
3,192;0,0236266
3,195;0,0196145
3,198;0,0155607
3,201;0,0114845
3,204;0,00740545
3,207;0,00334303
3,21;0,00068318
3,213;0,00465374
3,216;0,00854944
3,219;0,0123514
3,222;0,016041
3,225;0,0196004
3,228;0,023012
3,231;0,026259
3,234;0,0293255
3,237;0,0321961
3,24;0,0348566
3,243;0,0372936
3,246;0,0394947
3,249;0,0414489
3,252;0,0431459
3,255;0,0445769
3,258;0,0457343
3,261;0,0466117
3,264;0,0472043
3,267;0,0475083
3,27;0,0475215
3,273;0,0472429
3,276;0,0466732
3,279;0,0458142
3,282;0,0446693
3,285;0,0432431
3,288;0,0415417
3,291;0,0395725
3,294;0,0373442
3,297;0,0348668
3,3;0,0321514
3,303;0,0292105
3,306;0,0260574
3,309;0,0227069
3,312;0,0191743
3,315;0,0154761
3,318;0,0116297
3,321;0,00765306
3,324;0,00356489
3,327;0,000615483
3,33;0,00486824
3,333;0,00917318
3,336;0,0135098
3,339;0,0178573
3,342;0,0221949
3,345;0,0265018
3,348;0,0307572
3,351;0,0349405
3,354;0,0390314
3,357;0,0430101
3,36;0,0468571
3,363;0,0505536
3,366;0,0540814
3,369;0,0574232
3,372;0,0605623
3,375;0,0634832
3,378;0,0661711
3,381;0,0686126
3,384;0,0707953
3,387;0,0727079
3,39;0,0743404
3,393;0,0756844
3,396;0,0767324
3,399;0,0774787
3,402;0,0779189
3,405;0,0780499
3,408;0,0778703
3,411;0,07738
3,414;0,0765806
3,417;0,075475
3,42;0,0740677
3,423;0,0723645
3,426;0,0703728
3,429;0,0681015
3,432;0,0655605
3,435;0,0627613
3,438;0,0597167
3,441;0,0564406
3,444;0,0529481
3,447;0,0492552
3,45;0,0453792
3,453;0,0413382
3,456;0,0371511
3,459;0,0328375
3,462;0,028418
3,465;0,0239132
3,468;0,0193447
3,471;0,0147342
3,474;0,0101038
3,477;0,00547545
3,48;0,000871538
3,483;0,00368581
3,486;0,00817458
3,489;0,0125731
3,492;0,0168598
3,495;0,0210141
3,498;0,0250154
3,501;0,0288443
3,504;0,0324817
3,507;0,0359098
3,51;0,0391115
3,513;0,0420708
3,516;0,0447728
3,519;0,0472038
3,522;0,0493514
3,525;0,0512045
3,528;0,0527534
3,531;0,0539897
3,534;0,0549067
3,537;0,0554991
3,54;0,0557631
3,543;0,0556965
3,546;0,0552988
3,549;0,0545709
3,552;0,0535153
3,555;0,0521363
3,558;0,0504396
3,561;0,0484323
3,564;0,0461233
3,567;0,0435228
3,57;0,0406425
3,573;0,0374954
3,576;0,0340959
3,579;0,0304595
3,582;0,0266031
3,585;0,0225446
3,588;0,0183029
3,591;0,0138978
3,594;0,00934999
3,597;0,00468094
3,6;8,72786e-05
3,603;0,00493207
3,606;0,0098304
3,609;0,0147589
3,612;0,019694
3,615;0,024612
3,618;0,0294893
3,621;0,0343023
3,624;0,0390278
3,627;0,0436429
3,63;0,048125
3,633;0,0524523
3,636;0,0566036
3,639;0,0605585
3,642;0,0642973
3,645;0,0678017
3,648;0,0710541
3,651;0,0740381
3,654;0,0767388
3,657;0,0791423
3,66;0,0812364
3,663;0,0830099
3,666;0,0844537
3,669;0,0855597
3,672;0,0863218
3,675;0,0867354
3,678;0,0867973
3,681;0,0865065
3,684;0,0858633
3,687;0,0848698
3,69;0,0835297
3,693;0,0818486
3,696;0,0798336
3,699;0,0774933
3,702;0,0748382
3,705;0,07188
3,708;0,0686322
3,711;0,0651095
3,714;0,061328
3,717;0,0573053
3,72;0,0530598
3,723;0,0486114
3,726;0,0439808
3,729;0,0391899
3,732;0,034261
3,735;0,0292175
3,738;0,0240833
3,741;0,0188827
3,744;0,0136406
3,747;0,008382
3,75;0,00313206
3,753;0,00208397
3,756;0,00724097
3,759;0,012314
3,762;0,0172785
3,765;0,0221103
3,768;0,0267859
3,771;0,0312824
3,774;0,0355776
3,777;0,0396505
3,78;0,0434808
3,783;0,0470495
3,786;0,0503387
3,789;0,0533319
3,792;0,0560138
3,795;0,0583707
3,798;0,0603903
3,801;0,0620622
3,804;0,0633771
3,807;0,0643279
3,81;0,064909
3,813;0,0651164
3,816;0,0649483
3,819;0,0644043
3,822;0,063486
3,825;0,0621967
3,828;0,0605417
3,831;0,0585278
3,834;0,0561636
3,837;0,0534596
3,84;0,0504278
3,843;0,0470819
3,846;0,0434369
3,849;0,0395096
3,852;0,035318
3,855;0,0308815
3,858;0,0262207
3,861;0,0213573
3,864;0,0163142
3,867;0,011115
3,87;0,00578426
3,873;0,000347196
3,876;0,0051704
3,879;0,0107423
3,882;0,0163418
3,885;0,0219422
3,888;0,0275167
3,891;0,0330383
3,894;0,0384804
3,897;0,0438166
3,9;0,0490212
3,903;0,0540686
3,906;0,0589343
3,909;0,0635944
3,912;0,0680259
3,915;0,0722069
3,918;0,0761167
3,921;0,0797357
3,924;0,0830458
3,927;0,0860301
3,93;0,0886735
3,933;0,0909623
3,936;0,0928845
3,939;0,0944299
3,942;0,0955901
3,945;0,0963582
3,948;0,0967297
3,951;0,0967015
3,954;0,0962727
3,957;0,0954442
3,96;0,0942189
3,963;0,0926016
3,966;0,0905989
3,969;0,0882194
3,972;0,0854734
3,975;0,082373
3,978;0,0789323
3,981;0,0751666
3,984;0,0710933
3,987;0,0667309
3,99;0,0620997
3,993;0,057221
3,996;0,0521177
3,999;0,0468136
4,002;0,0413335
4,005;0,0357034
4,008;0,0299497
4,011;0,0240998
4,014;0,0181815
4,017;0,012223
4,02;0,00625274
4,023;0,000299422
4,026;0,00560836
4,029;0,0114421
4,032;0,0171737
4,035;0,0227752
4,038;0,0282194
4,041;0,0334798
4,044;0,0385306
4,047;0,0433469
4,05;0,047905
4,053;0,0521823
4,056;0,0561575
4,059;0,0598106
4,062;0,0631232
4,065;0,0660784
4,068;0,0686611
4,071;0,0708578
4,074;0,0726569
4,077;0,0740487
4,08;0,0750252
4,083;0,0755808
4,086;0,0757114
4,089;0,0754154
4,092;0,074693
4,095;0,0735463
4,098;0,0719798
4,101;0,0699997
4,104;0,0676144
4,107;0,0648343
4,11;0,0616716
4,113;0,0581403
4,116;0,0542564
4,119;0,0500376
4,122;0,0455032
4,125;0,040674
4,128;0,0355724
4,131;0,0302221
4,134;0,0246482
4,137;0,0188767
4,14;0,0129348
4,143;0,00685048
4,146;0,000652644
4,149;0,00562932
4,152;0,0119655
4,155;0,0183256
4,158;0,0246792
4,161;0,0309958
4,164;0,0372449
4,167;0,0433964
4,17;0,0494204
4,173;0,0552878
4,176;0,0609698
4,179;0,0664387
4,182;0,0716676
4,185;0,0766309
4,188;0,0813038
4,191;0,0856632
4,194;0,0896873
4,197;0,0933558
4,2;0,0966501
4,203;0,0995533
4,206;0,10205
4,209;0,104128
4,212;0,105776
4,215;0,106984
4,218;0,107746
4,221;0,108056
4,224;0,107912
4,227;0,107313
4,23;0,106261
4,233;0,10476
4,236;0,102815
4,239;0,100436
4,242;0,0976305
4,245;0,0944126
4,248;0,0907961
4,251;0,0867974
4,254;0,0824344
4,257;0,0777272
4,26;0,0726974
4,263;0,0673682
4,266;0,0617643
4,269;0,0559119
4,272;0,0498384
4,275;0,0435723
4,278;0,0371431
4,281;0,0305813
4,284;0,023918
4,287;0,0171848
4,29;0,010414
4,293;0,00363779
4,296;0,00311116
4,299;0,00980044
4,302;0,0163978
4,305;0,0228712
4,308;0,0291894
4,311;0,0353215
4,314;0,0412376
4,317;0,0469086
4,32;0,0523068
4,323;0,0574053
4,326;0,062179
4,329;0,0666039
4,332;0,0706579
4,335;0,0743204
4,338;0,0775728
4,341;0,0803983
4,344;0,0827822
4,347;0,0847117
4,35;0,0861764
4,353;0,0871679
4,356;0,0876802
4,359;0,0877093
4,362;0,087254
4,365;0,0863148
4,368;0,0848951
4,371;0,0830003
4,374;0,0806382
4,377;0,0778187
4,38;0,0745541
4,383;0,070859
4,386;0,0667497
4,389;0,0622448
4,392;0,057365
4,395;0,0521325
4,398;0,0465714
4,401;0,0407076
4,404;0,0345684
4,407;0,0281823
4,41;0,0215795
4,413;0,014791
4,416;0,00784887
4,419;0,000785957
4,422;0,00636414
4,425;0,0135674
4,428;0,0207893
4,431;0,0279952
4,434;0,0351506
4,437;0,042221
4,44;0,0491721
4,443;0,0559703
4,446;0,0625826
4,449;0,0689766
4,452;0,075121
4,455;0,0809857
4,458;0,0865417
4,461;0,0917616
4,464;0,0966192
4,467;0,10109
4,47;0,105152
4,473;0,108785
4,476;0,111969
4,479;0,114688
4,482;0,116927
4,485;0,118676
4,488;0,119923
4,491;0,120662
4,494;0,120888
4,497;0,120597
4,5;0,11979
4,503;0,11847
4,506;0,116641
4,509;0,114311
4,512;0,111489
4,515;0,108188
4,518;0,104421
4,521;0,100207
4,524;0,0955635
4,527;0,0905119
4,53;0,0850754
4,533;0,0792789
4,536;0,0731493
4,539;0,0667151
4,542;0,0600063
4,545;0,0530542
4,548;0,0458917
4,551;0,0385525
4,554;0,0310714
4,557;0,0234837
4,56;0,0158258
4,563;0,00813408
4,566;0,000445432
4,569;0,00720325
4,572;0,0147751
4,575;0,0222336
4,578;0,0295427
4,581;0,0366668
4,584;0,0435711
4,587;0,050222
4,59;0,0565869
4,593;0,0626343
4,596;0,0683343
4,599;0,0736587
4,602;0,0785808
4,605;0,0830758
4,608;0,087121
4,611;0,0906957
4,614;0,0937815
4,617;0,0963621
4,62;0,0984237
4,623;0,0999551
4,626;0,100947
4,629;0,101394
4,632;0,101292
4,635;0,100639
4,638;0,0994385
4,641;0,0976932
4,644;0,0954105
4,647;0,0925998
4,65;0,0892731
4,653;0,085445
4,656;0,0811323
4,659;0,0763545
4,662;0,0711332
4,665;0,0654922
4,668;0,0594573
4,671;0,0530566
4,674;0,0463196
4,677;0,0392778
4,68;0,0319641
4,683;0,0244128
4,686;0,0166596
4,689;0,00874107
4,692;0,000694763
4,695;0,00744105
4,698;0,0156276
4,701;0,0238256
4,704;0,0319959
4,707;0,0400991
4,71;0,0480962
4,713;0,0559485
4,716;0,0636178
4,719;0,0710669
4,722;0,0782593
4,725;0,0851599
4,728;0,0917347
4,731;0,0979512
4,734;0,103779
4,737;0,109188
4,74;0,114152
4,743;0,118645
4,746;0,122645
4,749;0,126132
4,752;0,129086
4,755;0,131493
4,758;0,133338
4,761;0,134613
4,764;0,135309
4,767;0,135421
4,77;0,134946
4,773;0,133887
4,776;0,132245
4,779;0,130028
4,782;0,127243
4,785;0,123904
4,788;0,120025
4,791;0,115622
4,794;0,110716
4,797;0,105327
4,8;0,0994824
4,803;0,0932071
4,806;0,0865305
4,809;0,0794835
4,812;0,0720988
4,815;0,0644111
4,818;0,0564562
4,821;0,0482718
4,824;0,0398964
4,827;0,0313696
4,83;0,0227321
4,833;0,0140249
4,836;0,00528964
4,839;0,00343184
4,842;0,0120976
4,845;0,020666
4,848;0,0290954
4,851;0,0373452
4,854;0,0453752
4,857;0,0531463
4,86;0,0606203
4,863;0,0677607
4,866;0,0745322
4,869;0,0809012
4,872;0,0868361
4,875;0,0923072
4,878;0,0972869
4,881;0,10175
4,884;0,105673
4,887;0,109037
4,89;0,111823
4,893;0,114016
4,896;0,115605
4,899;0,116579
4,902;0,116933
4,905;0,116664
4,908;0,115769
4,911;0,114253
4,914;0,112121
4,917;0,10938
4,92;0,106044
4,923;0,102125
4,926;0,097642
4,929;0,0926138
4,932;0,0870633
4,935;0,0810157
4,938;0,0744987
4,941;0,0675422
4,944;0,0601783
4,947;0,0524414
4,95;0,0443674
4,953;0,0359943
4,956;0,0273612
4,959;0,018509
4,962;0,00947959
4,965;0,000315719
4,968;0,00893897
4,971;0,0182403
4,974;0,0275438
4,977;0,0368047
4,98;0,0459786
4,983;0,055021
4,986;0,0638884
4,989;0,0725375
4,992;0,0809263
4,995;0,0890138
4,998;0,0967603
5,001;0,104128
5,004;0,11108
5,007;0,117581
5,01;0,123601
5,013;0,129107
5,016;0,134073
5,019;0,138473
5,022;0,142284
5,025;0,145486
5,028;0,148063
5,031;0,15
5,034;0,151286
5,037;0,151913
5,04;0,151876
5,043;0,151173
5,046;0,149807
5,049;0,147782
5,052;0,145105
5,055;0,141788
5,058;0,137844
5,061;0,133292
5,064;0,12815
5,067;0,122443
5,07;0,116196
5,073;0,109437
5,076;0,102197
5,079;0,0945103
5,082;0,086412
5,085;0,07794
5,088;0,0691337
5,091;0,0600346
5,094;0,0506855
5,097;0,0411305
5,1;0,031415
5,103;0,0215852
5,106;0,0116878
5,109;0,00177033
5,112;0,00811981
5,115;0,017935
5,118;0,027628
5,121;0,0371519
5,124;0,0464604
5,127;0,0555084
5,13;0,0642516
5,133;0,0726473
5,136;0,0806541
5,139;0,0882326
5,142;0,0953451
5,145;0,101956
5,148;0,108033
5,151;0,113544
5,154;0,118463
5,157;0,122762
5,16;0,126421
5,163;0,12942
5,166;0,131742
5,169;0,133375
5,172;0,134308
5,175;0,134536
5,178;0,134055
5,181;0,132865
5,184;0,130971
5,187;0,128379
5,19;0,1251
5,193;0,121148
5,196;0,11654
5,199;0,111295
5,202;0,105438
5,205;0,0989952
5,208;0,0919953
5,211;0,0844706
5,214;0,0764556
5,217;0,0679877
5,22;0,059106
5,223;0,0498521
5,226;0,0402693
5,229;0,0304028
5,232;0,0202991
5,235;0,0100061
5,238;0,000427473
5,241;0,0109518
5,244;0,0215167
5,247;0,0320716
5,25;0,0425656
5,253;0,0529484
5,256;0,0631698
5,259;0,0731802
5,262;0,082931
5,265;0,0923747
5,268;0,101465
5,271;0,110157
5,274;0,118409
5,277;0,126179
5,28;0,133429
5,283;0,140122
5,286;0,146225
5,289;0,151707
5,292;0,15654
5,295;0,160698
5,298;0,164161
5,301;0,166908
5,304;0,168926
5,307;0,170203
5,31;0,170729
5,313;0,170501
5,316;0,169518
5,319;0,167782
5,322;0,1653
5,325;0,16208
5,328;0,158138
5,331;0,153489
5,334;0,148153
5,337;0,142156
5,34;0,135522
5,343;0,128284
5,346;0,120473
5,349;0,112125
5,352;0,10328
5,355;0,0939775
5,358;0,0842617
5,361;0,0741778
5,364;0,0637733
5,367;0,0530972
5,37;0,0422
5,373;0,0311334
5,376;0,0199499
5,379;0,00870306
5,382;0,00255344
5,385;0,0137656
5,388;0,0248794
5,391;0,0358412
5,394;0,0465981
5,397;0,0570978
5,4;0,0672892
5,403;0,0771224
5,406;0,0865494
5,409;0,0955237
5,412;0,104001
5,415;0,111939
5,418;0,119299
5,421;0,126042
5,424;0,132136
5,427;0,13755
5,43;0,142254
5,433;0,146225
5,436;0,149442
5,439;0,151887
5,442;0,153546
5,445;0,154409
5,448;0,154469
5,451;0,153725
5,454;0,152177
5,457;0,149831
5,46;0,146695
5,463;0,142783
5,466;0,13811
5,469;0,132698
5,472;0,126571
5,475;0,119755
5,478;0,112281
5,481;0,104184
5,484;0,0955007
5,487;0,0862708
5,49;0,0765374
5,493;0,0663457
5,496;0,0557434
5,499;0,0447802
5,502;0,0335077
5,505;0,0219792
5,508;0,0102492
5,511;0,0016264
5,514;0,0135911
5,517;0,0255877
5,52;0,0375588
5,523;0,0494467
5,526;0,0611942
5,529;0,0727445
5,532;0,0840416
5,535;0,0950305
5,538;0,105658
5,541;0,115871
5,544;0,125621
5,547;0,134858
5,55;0,143538
5,553;0,151617
5,556;0,159054
5,559;0,165812
5,562;0,171857
5,565;0,177157
5,568;0,181686
5,571;0,185418
5,574;0,188335
5,577;0,19042
5,58;0,19166
5,583;0,192047
5,586;0,191578
5,589;0,190251
5,592;0,18807
5,595;0,185045
5,598;0,181186
5,601;0,176511
5,604;0,171039
5,607;0,164794
5,61;0,157804
5,613;0,150101
5,616;0,14172
5,619;0,132698
5,622;0,123078
5,625;0,112904
5,628;0,102223
5,631;0,0910847
5,634;0,0795421
5,637;0,0676489
5,64;0,0554614
5,643;0,0430371
5,646;0,0304352
5,649;0,0177155
5,652;0,00493879
5,655;0,00783375
5,658;0,0205408
5,661;0,0331212
5,664;0,0455142
5,667;0,0576598
5,67;0,0694991
5,673;0,0809742
5,676;0,0920291
5,679;0,10261
5,682;0,112664
5,685;0,122141
5,688;0,130996
5,691;0,139182
5,694;0,14666
5,697;0,153391
5,7;0,159342
5,703;0,16448
5,706;0,16878
5,709;0,172217
5,712;0,174775
5,715;0,176436
5,718;0,177192
5,721;0,177036
5,724;0,175966
5,727;0,173985
5,73;0,171099
5,733;0,167321
5,736;0,162665
5,739;0,157151
5,742;0,150805
5,745;0,143652
5,748;0,135727
5,751;0,127065
5,754;0,117704
5,757;0,107689
5,76;0,0970652
5,763;0,085882
5,766;0,0741917
5,769;0,0620489
5,772;0,0495107
5,775;0,036636
5,778;0,0234858
5,781;0,0101224
5,784;0,00339065
5,787;0,0169889
5,79;0,0306073
5,793;0,0441806
5,796;0,0576434
5,799;0,0709309
5,802;0,0839788
5,805;0,0967237
5,808;0,109104
5,811;0,121058
5,814;0,132529
5,817;0,143459
5,82;0,153795
5,823;0,163485
5,826;0,172482
5,829;0,180739
5,832;0,188215
5,835;0,194873
5,838;0,200677
5,841;0,205598
5,844;0,20961
5,847;0,212691
5,85;0,214822
5,853;0,215992
5,856;0,216193
5,859;0,21542
5,862;0,213674
5,865;0,210961
5,868;0,207292
5,871;0,202681
5,874;0,197148
5,877;0,190717
5,88;0,183416
5,883;0,175278
5,886;0,16634
5,889;0,156641
5,892;0,146227
5,895;0,135146
5,898;0,123449
5,901;0,11119
5,904;0,0984266
5,907;0,0852187
5,91;0,0716283
5,913;0,0577198
5,916;0,0435589
5,919;0,0292129
5,922;0,0147501
5,925;0,000239734
5,928;0,0142488
5,931;0,0286459
5,934;0,0428821
5,937;0,0568888
5,94;0,0705979
5,943;0,083943
5,946;0,0968588
5,949;0,109282
5,952;0,121152
5,955;0,13241
5,958;0,143001
5,961;0,152871
5,964;0,161971
5,967;0,170256
5,97;0,177683
5,973;0,184214
5,976;0,189815
5,979;0,194458
5,982;0,198117
5,985;0,200771
5,988;0,202405
5,991;0,203009
5,994;0,202576
5,997;0,201106
6;0,198603
6,003;0,195076
6,006;0,190539
6,009;0,185011
6,012;0,178516
6,015;0,171083
6,018;0,162744
6,021;0,153536
6,024;0,143502
6,027;0,132688
6,03;0,121143
6,033;0,10892
6,036;0,0960767
6,039;0,0826726
6,042;0,0687705
6,045;0,0544357
6,048;0,0397359
6,051;0,0247405
6,054;0,00952075
6,057;0,00585095
6,06;0,0213013
6,063;0,0367562
6,066;0,0521416
6,069;0,0673835
6,072;0,0824083
6,075;0,0971432
6,078;0,111517
6,081;0,125459
6,084;0,138901
6,087;0,151779
6,09;0,164027
6,093;0,175586
6,096;0,186398
6,099;0,196409
6,102;0,205569
6,105;0,213832
6,108;0,221155
6,111;0,227501
6,114;0,232836
6,117;0,237132
6,12;0,240366
6,123;0,242518
6,126;0,243576
6,129;0,243532
6,132;0,242382
6,135;0,240129
6,138;0,236781
6,141;0,23235
6,144;0,226856
6,147;0,22032
6,15;0,212773
6,153;0,204247
6,156;0,19478
6,159;0,184415
6,162;0,1732
6,165;0,161186
6,168;0,148428
6,171;0,134985
6,174;0,120921
6,177;0,1063
6,18;0,0911917
6,183;0,0756672
6,186;0,0597995
6,189;0,0436641
6,192;0,0273375
6,195;0,0108976
6,198;0,00557693
6,201;0,0220072
6,204;0,0383142
6,207;0,0544194
6,21;0,0702448
6,213;0,0857136
6,216;0,100751
6,219;0,115283
6,222;0,129238
6,225;0,142549
6,228;0,155149
6,231;0,166976
6,234;0,177971
6,237;0,188079
6,24;0,197249
6,243;0,205434
6,246;0,212593
6,249;0,218687
6,252;0,223685
6,255;0,227559
6,258;0,230289
6,261;0,231857
6,264;0,232253
6,267;0,231472
6,27;0,229514
6,273;0,226385
6,276;0,222096
6,279;0,216667
6,282;0,210118
6,285;0,202479
6,288;0,193783
6,291;0,184069
6,294;0,17338
6,297;0,161766
6,3;0,149279
6,303;0,135976
6,306;0,121921
6,309;0,107177
6,312;0,0918133
6,315;0,0759026
6,318;0,0595194
6,321;0,042741
6,324;0,0256468
6,327;0,00831799
6,33;0,00916291
6,333;0,0267124
6,336;0,0442465
6,339;0,0616809
6,342;0,0789317
6,345;0,0959155
6,348;0,11255
6,351;0,128755
6,354;0,14445
6,357;0,15956
6,36;0,17401
6,363;0,187729
6,366;0,200649
6,369;0,212705
6,372;0,223838
6,375;0,233991
6,378;0,243113
6,381;0,251158
6,384;0,258083
6,387;0,263852
6,39;0,268434
6,393;0,271805
6,396;0,273944
6,399;0,274837
6,402;0,274478
6,405;0,272864
6,408;0,269999
6,411;0,265893
6,414;0,260564
6,417;0,254032
6,42;0,246327
6,423;0,237481
6,426;0,227534
6,429;0,216531
6,432;0,204521
6,435;0,19156
6,438;0,177707
6,441;0,163025
6,444;0,147583
6,447;0,131454
6,45;0,114711
6,453;0,0974353
6,456;0,0797069
6,459;0,0616099
6,462;0,0432301
6,465;0,024655
6,468;0,00597312
6,471;0,0127261
6,474;0,0313529
6,477;0,0498177
6,48;0,0680314
6,483;0,085906
6,486;0,103355
6,489;0,120292
6,492;0,136637
6,495;0,152307
6,498;0,167226
6,501;0,181322
6,504;0,194522
6,507;0,206762
6,51;0,21798
6,513;0,22812
6,516;0,23713
6,519;0,244963
6,522;0,251578
6,525;0,256941
6,528;0,261021
6,531;0,263797
6,534;0,26525
6,537;0,265371
6,54;0,264155
6,543;0,261604
6,546;0,257726
6,549;0,252536
6,552;0,246057
6,555;0,238314
6,558;0,229342
6,561;0,219181
6,564;0,207875
6,567;0,195477
6,57;0,182041
6,573;0,167631
6,576;0,152312
6,579;0,136155
6,582;0,119236
6,585;0,101634
6,588;0,0834308
6,591;0,0647125
6,594;0,0455676
6,597;0,0260867
6,6;0,00636247
6,603;0,0135112
6,606;0,0334393
6,609;0,0533264
6,612;0,0730768
6,615;0,0925953
6,618;0,111788
6,621;0,130561
6,624;0,148824
6,627;0,166487
6,63;0,183464
6,633;0,199672
6,636;0,21503
6,639;0,229463
6,642;0,242898
6,645;0,255269
6,648;0,266512
6,651;0,276572
6,654;0,285396
6,657;0,292938
6,66;0,299159
6,663;0,304025
6,666;0,307509
6,669;0,30959
6,672;0,310255
6,675;0,309496
6,678;0,307313
6,681;0,303712
6,684;0,298708
6,687;0,292319
6,69;0,284572
6,693;0,275502
6,696;0,265147
6,699;0,253555
6,702;0,240776
6,705;0,22687
6,708;0,211899
6,711;0,195933
6,714;0,179045
6,717;0,161315
6,72;0,142824
6,723;0,123659
6,726;0,103911
6,729;0,0836721
6,732;0,0630388
6,735;0,0421087
6,738;0,0209816
6,741;0,000241749
6,744;0,0214597
6,747;0,0425705
6,75;0,0634724
6,753;0,0840645
6,756;0,104247
6,759;0,123922
6,762;0,142994
6,765;0,161369
6,768;0,178957
6,771;0,195672
6,774;0,211431
6,777;0,226156
6,78;0,239772
6,783;0,252212
6,786;0,263413
6,789;0,273317
6,792;0,281873
6,795;0,289037
6,798;0,29477
6,801;0,29904
6,804;0,301823
6,807;0,303101
6,81;0,302865
6,813;0,30111
6,816;0,297842
6,819;0,293071
6,822;0,286816
6,825;0,279104
6,828;0,269966
6,831;0,259444
6,834;0,247583
6,837;0,234437
6,84;0,220065
6,843;0,204533
6,846;0,187912
6,849;0,170279
6,852;0,151715
6,855;0,132308
6,858;0,112147
6,861;0,0913285
6,864;0,0699494
6,867;0,0481111
6,87;0,025917
6,873;0,00347275
6,876;0,0191147
6,879;0,0417372
6,882;0,0642864
6,885;0,0866538
6,888;0,108732
6,891;0,130413
6,894;0,151592
6,897;0,172167
6,9;0,192037
6,903;0,211104
6,906;0,229275
6,909;0,24646
6,912;0,262574
6,915;0,277536
6,918;0,291272
6,921;0,303711
6,924;0,314791
6,927;0,324455
6,93;0,332652
6,933;0,339339
6,936;0,34448
6,939;0,348045
6,942;0,350013
6,945;0,35037
6,948;0,34911
6,951;0,346235
6,954;0,341753
6,957;0,335681
6,96;0,328046
6,963;0,318877
6,966;0,308216
6,969;0,29611
6,972;0,282612
6,975;0,267783
6,978;0,251691
6,981;0,234409
6,984;0,216018
6,987;0,196601
6,99;0,176251
6,993;0,155061
6,996;0,133131
6,999;0,110564
7,002;0,087467
7,005;0,0639491
7,008;0,040122
7,011;0,0160992
7,014;0,00800441
7,017;0,0320735
7,02;0,0559924
7,023;0,0796458
7,026;0,10292
7,029;0,125701
7,032;0,147879
7,035;0,169345
7,038;0,189996
7,041;0,209728
7,044;0,228446
7,047;0,246055
7,05;0,26247
7,053;0,277606
7,056;0,291389
7,059;0,303748
7,062;0,314621
7,065;0,323949
7,068;0,331686
7,071;0,337788
7,074;0,342222
7,077;0,344963
7,08;0,345991
7,083;0,345299
7,086;0,342883
7,089;0,338751
7,092;0,332917
7,095;0,325406
7,098;0,316248
7,101;0,305483
7,104;0,293157
7,107;0,279327
7,11;0,264053
7,113;0,247406
7,116;0,22946
7,119;0,210299
7,122;0,190012
7,125;0,168692
7,128;0,146439
7,131;0,123357
7,134;0,0995551
7,137;0,0751447
7,14;0,0502417
7,143;0,0249641
7,146;0,000567737
7,149;0,026232
7,152;0,0519058
7,155;0,077466
7,158;0,10279
7,161;0,127754
7,164;0,152239
7,167;0,176126
7,17;0,199297
7,173;0,221641
7,176;0,243047
7,179;0,263409
7,182;0,282629
7,185;0,300608
7,188;0,317259
7,191;0,332498
7,194;0,346247
7,197;0,358435
7,2;0,369001
7,203;0,37789
7,206;0,385052
7,209;0,390451
7,212;0,394054
7,215;0,395839
7,218;0,395792
7,221;0,39391
7,224;0,390195
7,227;0,38466
7,23;0,377327
7,233;0,368226
7,236;0,357396
7,239;0,344884
7,242;0,330744
7,245;0,315041
7,248;0,297846
7,251;0,279237
7,254;0,259298
7,257;0,238123
7,26;0,215809
7,263;0,192461
7,266;0,168187
7,269;0,143101
7,272;0,117322
7,275;0,090971
7,278;0,0641733
7,281;0,0370562
7,284;0,00974899
7,287;0,0176179
7,29;0,0449131
7,293;0,0720056
7,296;0,0987647
7,299;0,125061
7,302;0,150767
7,305;0,175758
7,308;0,199911
7,311;0,223109
7,314;0,245237
7,317;0,266186
7,32;0,285853
7,323;0,304139
7,326;0,320953
7,329;0,336209
7,332;0,349831
7,335;0,361748
7,338;0,371899
7,341;0,380229
7,344;0,386693
7,347;0,391257
7,35;0,393891
7,353;0,394578
7,356;0,393309
7,359;0,390086
7,362;0,384917
7,365;0,377823
7,368;0,368832
7,371;0,357981
7,374;0,345318
7,377;0,330899
7,38;0,314787
7,383;0,297055
7,386;0,277784
7,389;0,257063
7,392;0,234985
7,395;0,211655
7,398;0,187179
7,401;0,161673
7,404;0,135256
7,407;0,108052
7,41;0,080189
7,413;0,0517998
7,416;0,0230189
7,419;0,0060167
7,422;0,0351684
7,425;0,0642965
7,428;0,0932612
7,431;0,121923
7,434;0,150144
7,437;0,177786
7,44;0,204716
7,443;0,230803
7,446;0,255918
7,449;0,279939
7,452;0,302747
7,455;0,324229
7,458;0,344279
7,461;0,362796
7,464;0,379687
7,467;0,394867
7,47;0,408258
7,473;0,419789
7,476;0,429402
7,479;0,437045
7,482;0,442674
7,485;0,446258
7,488;0,447774
7,491;0,447208
7,494;0,444558
7,497;0,43983
7,5;0,433041
7,503;0,424218
7,506;0,413398
7,509;0,400628
7,512;0,385961
7,515;0,369465
7,518;0,351213
7,521;0,331288
7,524;0,30978
7,527;0,286789
7,53;0,26242
7,533;0,236787
7,536;0,21001
7,539;0,182213
7,542;0,153527
7,545;0,124088
7,548;0,0940342
7,551;0,0635086
7,554;0,0326563
7,557;0,00162455
7,56;0,0294383
7,563;0,0603831
7,566;0,0910612
7,569;0,121324
7,572;0,151026
7,575;0,180023
7,578;0,208173
7,581;0,235339
7,584;0,261387
7,587;0,286191
7,59;0,309626
7,593;0,331577
7,596;0,351935
7,599;0,370596
7,602;0,387468
7,605;0,402463
7,608;0,415504
7,611;0,426524
7,614;0,435464
7,617;0,442276
7,62;0,446919
7,623;0,449367
7,626;0,449601
7,629;0,447614
7,632;0,443409
7,635;0,437
7,638;0,428413
7,641;0,417681
7,644;0,40485
7,647;0,389977
7,65;0,373127
7,653;0,354375
7,656;0,333805
7,659;0,311512
7,662;0,287598
7,665;0,262173
7,668;0,235354
7,671;0,207267
7,674;0,178043
7,677;0,147819
7,68;0,116737
7,683;0,0849439
7,686;0,0525905
7,689;0,0198305
7,692;0,0131801
7,695;0,0462836
7,698;0,0793212
7,701;0,112134
7,704;0,144564
7,707;0,176455
7,71;0,207652
7,713;0,238003
7,716;0,26736
7,719;0,29558
7,722;0,322524
7,725;0,348058
7,728;0,372057
7,731;0,394401
7,734;0,414978
7,737;0,433685
7,74;0,450425
7,743;0,465115
7,746;0,477676
7,749;0,488044
7,752;0,496161
7,755;0,501983
7,758;0,505476
7,761;0,506616
7,764;0,505391
7,767;0,5018
7,77;0,495854
7,773;0,487575
7,776;0,476996
7,779;0,464162
7,782;0,449127
7,785;0,431958
7,788;0,412732
7,791;0,391534
7,794;0,36846
7,797;0,343618
7,8;0,31712
7,803;0,289089
7,806;0,259656
7,809;0,228957
7,812;0,197138
7,815;0,164346
7,818;0,130738
7,821;0,0964716
7,824;0,0617098
7,827;0,0266181
7,83;0,00863593
7,833;0,0438836
7,836;0,0789557
7,839;0,113683
7,842;0,147899
7,845;0,181437
7,848;0,214134
7,851;0,245831
7,854;0,276374
7,857;0,305611
7,86;0,3334
7,863;0,359603
7,866;0,38409
7,869;0,406737
7,872;0,427432
7,875;0,44607
7,878;0,462556
7,881;0,476803
7,884;0,488738
7,887;0,498297
7,89;0,505427
7,893;0,510088
7,896;0,512249
7,899;0,511894
7,902;0,509018
7,905;0,503626
7,908;0,495738
7,911;0,485385
7,914;0,47261
7,917;0,457466
7,92;0,440021
7,923;0,420351
7,926;0,398545
7,929;0,374701
7,932;0,348928
7,935;0,321344
7,938;0,292077
7,941;0,261263
7,944;0,229044
7,947;0,195572
7,95;0,161004
7,953;0,125503
7,956;0,0892367
7,959;0,0523766
7,962;0,0150982
7,965;0,0224206
7,968;0,0600005
7,971;0,0974613
7,974;0,134623
7,977;0,171306
7,98;0,207333
7,983;0,242529
7,986;0,276724
7,989;0,309749
7,992;0,341444
7,995;0,371653
7,998;0,400225
8,001;0,42702
8,004;0,451905
8,007;0,474753
8,01;0,49545
8,013;0,513891
8,016;0,52998
8,019;0,543634
8,022;0,55478
8,025;0,563358
8,028;0,56932
8,031;0,57263
8,034;0,573263
8,037;0,571211
8,04;0,566474
8,043;0,559069
8,046;0,549023
8,049;0,536378
8,052;0,521186
8,055;0,503513
8,058;0,483438
8,061;0,46105
8,064;0,436449
8,067;0,409748
8,07;0,38107
8,073;0,350546
8,076;0,318317
8,079;0,284533
8,082;0,249353
8,085;0,212942
8,088;0,175469
8,091;0,137114
8,094;0,0980561
8,097;0,058482
8,1;0,0185801
8,103;0,0214591
8,106;0,0614438
8,109;0,101182
8,112;0,140482
8,115;0,179154
8,118;0,217011
8,121;0,253868
8,124;0,289547
8,127;0,323872
8,13;0,356674
8,133;0,387793
8,136;0,417075
8,139;0,444372
8,142;0,469549
8,145;0,49248
8,148;0,513047
8,151;0,531145
8,154;0,546681
8,157;0,559572
8,16;0,56975
8,163;0,577159
8,166;0,581753
8,169;0,583505
8,172;0,582397
8,175;0,578427
8,178;0,571606
8,181;0,561958
8,184;0,549523
8,187;0,534351
8,19;0,516508
8,193;0,496072
8,196;0,473134
8,199;0,447797
8,202;0,420177
8,205;0,390398
8,208;0,358599
8,211;0,324925
8,214;0,289534
8,217;0,252591
8,22;0,214268
8,223;0,174745
8,226;0,13421
8,229;0,0928529
8,232;0,0508709
8,235;0,00846356
8,238;0,0341668
8,241;0,0768162
8,244;0,11928
8,247;0,161354
8,25;0,202834
8,253;0,243521
8,256;0,283217
8,259;0,321727
8,262;0,358865
8,265;0,394449
8,268;0,428302
8,271;0,460257
8,274;0,490157
8,277;0,517851
8,28;0,5432
8,283;0,566077
8,286;0,586364
8,289;0,603958
8,292;0,618765
8,295;0,630707
8,298;0,639719
8,301;0,645749
8,304;0,64876
8,307;0,648729
8,31;0,645648
8,313;0,639522
8,316;0,630374
8,319;0,618237
8,322;0,603163
8,325;0,585215
8,328;0,564471
8,331;0,541024
8,334;0,514977
8,337;0,48645
8,34;0,455571
8,343;0,422482
8,346;0,387337
8,349;0,350298
8,352;0,311537
8,355;0,271236
8,358;0,229583
8,361;0,186776
8,364;0,143016
8,367;0,0985108
8,37;0,0534717
8,373;0,00811335
8,376;0,0373473
8,379;0,0826923
8,382;0,127704
8,385;0,172164
8,388;0,21586
8,391;0,258578
8,394;0,30011
8,397;0,340255
8,4;0,378815
8,403;0,415602
8,406;0,450433
8,409;0,483135
8,412;0,513547
8,415;0,541515
8,418;0,566898
8,421;0,589568
8,424;0,609407
8,427;0,626314
8,43;0,640198
8,433;0,650984
8,436;0,658611
8,439;0,663036
8,442;0,664226
8,445;0,662168
8,448;0,656862
8,451;0,648325
8,454;0,636588
8,457;0,621699
8,46;0,60372
8,463;0,58273
8,466;0,55882
8,469;0,532097
8,472;0,502682
8,475;0,470708
8,478;0,436321
8,481;0,39968
8,484;0,360955
8,487;0,320324
8,49;0,277979
8,493;0,234117
8,496;0,188945
8,499;0,142676
8,502;0,0955288
8,505;0,0477274
8,508;0,000500456
8,511;0,0489246
8,514;0,0973132
8,517;0,145434
8,52;0,193055
8,523;0,239946
8,526;0,28588
8,529;0,330635
8,532;0,373991
8,535;0,415737
8,538;0,455668
8,541;0,493588
8,544;0,529308
8,547;0,562651
8,55;0,59345
8,553;0,621551
8,556;0,64681
8,559;0,669099
8,562;0,688303
8,565;0,70432
8,568;0,717065
8,571;0,726467
8,574;0,732472
8,577;0,735042
8,58;0,734154
8,583;0,729804
8,586;0,722002
8,589;0,710776
8,592;0,696171
8,595;0,678247
8,598;0,65708
8,601;0,632764
8,604;0,605407
8,607;0,57513
8,61;0,542072
8,613;0,506383
8,616;0,468226
8,619;0,42778
8,622;0,38523
8,625;0,340776
8,628;0,294625
8,631;0,246994
8,634;0,198108
8,637;0,148198
8,64;0,0975001
8,643;0,0462561
8,646;0,00528967
8,649;0,0568908
8,652;0,1083
8,655;0,159269
8,658;0,209553
8,661;0,258908
8,664;0,307095
8,667;0,353879
8,67;0,399032
8,673;0,442333
8,676;0,483568
8,679;0,522533
8,682;0,559036
8,685;0,592894
8,688;0,623937
8,691;0,652009
8,694;0,676966
8,697;0,69868
8,7;0,717037
8,703;0,73194
8,706;0,750097
8,709;0,771428
8,712;0,795841
8,715;0,823226
8,718;0,853462
8,721;0,88641
8,724;0,92192
8,727;0,959828
8,73;0,999961
8,733;1,04213
8,736;1,08614
8,739;1,13178
8,742;1,17885
8,745;1,22711
8,748;1,27634
8,751;1,32631
8,754;1,37678
8,757;1,4275
8,76;1,47824
8,763;1,52875
8,766;1,57878
8,769;1,62811
8,772;1,67648
8,775;1,72366
8,778;1,76943
8,781;1,81356
8,784;1,85583
8,787;1,89603
8,79;1,93397
8,793;1,96946
8,796;2,00232
8,799;2,03238
8,802;2,0595
8,805;2,08354
8,808;2,10436
8,811;2,12187
8,814;2,13596
8,817;2,14657
8,82;2,15362
8,823;2,15709
8,826;2,15693
8,829;2,15315
8,832;2,14574
8,835;2,13474
8,838;2,12018
8,841;2,10213
8,844;2,08067
8,847;2,05588
8,85;2,02788
8,853;1,9968
8,856;1,96276
8,859;1,92593
8,862;1,88648
8,865;1,84459
8,868;1,80046
8,871;1,75428
8,874;1,70627
8,877;1,65667
8,88;1,6057
8,883;1,5536
8,886;1,50063
8,889;1,44703
8,892;1,39306
8,895;1,33897
8,898;1,28503
8,901;1,2315
8,904;1,17863
8,907;1,12668
8,91;1,0759
8,913;1,02653
8,916;0,978831
8,919;0,933021
8,922;0,889328
8,925;0,847969
8,928;0,809148
8,931;0,773059
8,934;0,739883
8,937;0,709788
8,94;0,682925
8,943;0,659434
8,946;0,632649
8,949;0,602688
8,952;0,569686
8,955;0,533794
8,958;0,495176
8,961;0,454009
8,964;0,410484
8,967;0,364803
8,97;0,31718
8,973;0,267837
8,976;0,217006
8,979;0,164928
8,982;0,111849
8,985;0,0580209
8,988;0,00369978
8,991;0,0508548
8,994;0,105382
8,997;0,159619
9;0,213306
9,003;0,266183
9,006;0,317993
9,009;0,368487
9,012;0,417416
9,015;0,464542
9,018;0,509635
9,021;0,552471
9,024;0,592838
9,027;0,630537
9,03;0,665378
9,033;0,697187
9,036;0,725802
9,039;0,751077
9,042;0,772881
9,045;0,7911
9,048;0,805636
9,051;0,81641
9,054;0,823358
9,057;0,826438
9,06;0,825623
9,063;0,820906
9,066;0,812299
9,069;0,799833
9,072;0,783557
9,075;0,763537
9,078;0,73986
9,081;0,712629
9,084;0,681965
9,087;0,648005
9,09;0,610904
9,093;0,570829
9,096;0,527967
9,099;0,482513
9,102;0,43468
9,105;0,38469
9,108;0,332777
9,111;0,279186
9,114;0,224167
9,117;0,167983
9,12;0,110898
9,123;0,0531846
9,126;0,00488182
9,129;0,0630238
9,132;0,120962
9,135;0,178419
9,138;0,235116
9,141;0,29078
9,144;0,345141
9,147;0,397933
9,15;0,4489
9,153;0,49779
9,156;0,544365
9,159;0,588393
9,162;0,629657
9,165;0,667951
9,168;0,703081
9,171;0,734872
9,174;0,763161
9,177;0,79459
9,18;0,829018
9,183;0,866287
9,186;0,906228
9,189;0,948655
9,192;0,993371
9,195;1,04017
9,198;1,08883
9,201;1,13913
9,204;1,19082
9,207;1,24367
9,21;1,29742
9,213;1,35181
9,216;1,4066
9,219;1,46151
9,222;1,51628
9,225;1,57066
9,228;1,62437
9,231;1,67716
9,234;1,72877
9,237;1,77896
9,24;1,82746
9,243;1,87406
9,246;1,91852
9,249;1,96062
9,252;2,00015
9,255;2,03691
9,258;2,07072
9,261;2,10142
9,264;2,12884
9,267;2,15284
9,27;2,17329
9,273;2,1901
9,276;2,20317
9,279;2,21242
9,282;2,21781
9,285;2,21929
9,288;2,21684
9,291;2,21047
9,294;2,2002
9,297;2,18607
9,3;2,16812
9,303;2,14644
9,306;2,12113
9,309;2,09228
9,312;2,06004
9,315;2,02454
9,318;1,98595
9,321;1,94445
9,324;1,90021
9,327;1,85346
9,33;1,80441
9,333;1,75328
9,336;1,70032
9,339;1,64577
9,342;1,5899
9,345;1,53296
9,348;1,47522
9,351;1,41697
9,354;1,35848
9,357;1,30003
9,36;1,2419
9,363;1,18438
9,366;1,12773
9,369;1,07223
9,372;1,01815
9,375;0,965766
9,378;0,915319
9,381;0,867063
9,384;0,821234
9,387;0,778059
9,39;0,737753
9,393;0,700518
9,396;0,666541
9,399;0,629205
9,402;0,588681
9,405;0,545155
9,408;0,498826
9,411;0,449909
9,414;0,398632
9,417;0,345235
9,42;0,289967
9,423;0,233089
9,426;0,17487
9,429;0,115584
9,432;0,0555138
9,435;0,0050547
9,438;0,0658321
9,441;0,126527
9,444;0,186849
9,447;0,246506
9,45;0,305211
9,453;0,362678
9,456;0,41863
9,459;0,472792
9,462;0,5249
9,465;0,574698
9,468;0,621941
9,471;0,666394
9,474;0,707837
9,477;0,746061
9,48;0,780876
9,483;0,812103
9,486;0,839583
9,489;0,863174
9,492;0,882751
9,495;0,89821
9,498;0,909464
9,501;0,916447
9,504;0,919115
9,507;0,917443
9,51;0,911425
9,513;0,90108
9,516;0,886444
9,519;0,867575
9,522;0,844554
9,525;0,817477
9,528;0,786465
9,531;0,751654
9,534;0,713201
9,537;0,671281
9,54;0,626085
9,543;0,577822
9,546;0,526713
9,549;0,472996
9,552;0,416922
9,555;0,358754
9,558;0,298764
9,561;0,237236
9,564;0,17446
9,567;0,110735
9,57;0,0463642
9,573;0,0183463
9,576;0,0830862
9,579;0,147545
9,582;0,211412
9,585;0,27438
9,588;0,336144
9,591;0,396403
9,594;0,454864
9,597;0,511243
9,6;0,565261
9,603;0,616654
9,606;0,665167
9,609;0,71056
9,612;0,752605
9,615;0,797881
9,618;0,846177
9,621;0,897272
9,624;0,950928
9,627;1,00689
9,63;1,06491
9,633;1,1247
9,636;1,18598
9,639;1,24847
9,642;1,31186
9,645;1,37586
9,648;1,44016
9,651;1,50445
9,654;1,56842
9,657;1,63177
9,66;1,69419
9,663;1,75537
9,666;1,81503
9,669;1,87286
9,672;1,9286
9,675;1,98195
9,678;2,03267
9,681;2,08049
9,684;2,12519
9,687;2,16654
9,69;2,20432
9,693;2,23836
9,696;2,26847
9,699;2,29451
9,702;2,31632
9,705;2,33381
9,708;2,34686
9,711;2,35542
9,714;2,35941
9,717;2,35882
9,72;2,35362
9,723;2,34384
9,726;2,3295
9,729;2,31067
9,732;2,28742
9,735;2,25985
9,738;2,22808
9,741;2,19225
9,744;2,15252
9,747;2,10907
9,75;2,0621
9,753;2,01183
9,756;1,95848
9,759;1,90231
9,762;1,84357
9,765;1,78255
9,768;1,71952
9,771;1,65479
9,774;1,58865
9,777;1,52143
9,78;1,45345
9,783;1,38502
9,786;1,31648
9,789;1,24815
9,792;1,18036
9,795;1,11345
9,798;1,04772
9,801;0,983506
9,804;0,921116
9,807;0,860855
9,81;0,803018
9,813;0,747888
9,816;0,695739
9,819;0,646829
9,822;0,594614
9,825;0,539335
9,828;0,481248
9,831;0,420625
9,834;0,35775
9,837;0,292918
9,84;0,226435
9,843;0,158615
9,846;0,0897798
9,849;0,0202576
9,852;0,0496201
9,855;0,119519
9,858;0,189103
9,861;0,258039
9,864;0,325992
9,867;0,392634
9,87;0,457643
9,873;0,5207
9,876;0,581497
9,879;0,639738
9,882;0,695135
9,885;0,747413
9,888;0,796314
9,891;0,841594
9,894;0,883024
9,897;0,920395
9,9;0,953517
9,903;0,982218
9,906;1,00635
9,909;1,02578
9,912;1,04041
9,915;1,05014
9,918;1,05493
9,921;1,05473
9,924;1,04953
9,927;1,03934
9,93;1,0242
9,933;1,00416
9,936;0,97931
9,939;0,949754
9,942;0,91562
9,945;0,877059
9,948;0,834244
9,951;0,787368
9,954;0,736645
9,957;0,682308
9,96;0,624607
9,963;0,563811
9,966;0,500201
9,969;0,434076
9,972;0,365746
9,975;0,295533
9,978;0,223768
9,981;0,150791
9,984;0,0769506
9,987;0,00259739
9,99;0,0719129
9,993;0,146223
9,996;0,219976
9,999;0,292815
10,002;0,36439
10,005;0,434352
10,008;0,502361
10,011;0,568086
10,014;0,631205
10,017;0,691406
10,02;0,748394
10,023;0,801886
10,026;0,858403
10,029;0,917682
10,032;0,979448
10,035;1,04341
10,038;1,10927
10,041;1,17671
10,044;1,24541
10,047;1,31506
10,05;1,38531
10,053;1,45584
10,056;1,52629
10,059;1,59635
10,062;1,66566
10,065;1,7339
10,068;1,80073
10,071;1,86582
10,074;1,92887
10,077;1,98956
10,08;2,0476
10,083;2,10269
10,086;2,15457
10,089;2,20298
10,092;2,24767
10,095;2,28842
10,098;2,32503
10,101;2,35731
10,104;2,38508
10,107;2,40821
10,11;2,42657
10,113;2,44006
10,116;2,4486
10,119;2,45213
10,122;2,45063
10,125;2,44408
10,128;2,43251
10,131;2,41596
10,134;2,39449
10,137;2,36818
10,14;2,33717
10,143;2,30157
10,146;2,26154
10,149;2,21728
10,152;2,16897
10,155;2,11684
10,158;2,06113
10,161;2,0021
10,164;1,94001
10,167;1,87516
10,17;1,80786
10,173;1,73841
10,176;1,66715
10,179;1,59441
10,182;1,52054
10,185;1,44589
10,188;1,37081
10,191;1,29567
10,194;1,22082
10,197;1,14663
10,2;1,07345
10,203;1,00164
10,206;0,931545
10,209;0,863505
10,212;0,797855
10,215;0,734916
10,218;0,674998
10,221;0,618397
10,224;0,558605
10,227;0,495901
10,23;0,430577
10,233;0,36294
10,236;0,293308
10,239;0,222009
10,242;0,149382
10,245;0,0757704
10,248;0,00152532
10,251;0,0729986
10,254;0,147444
10,257;0,221454
10,26;0,294673
10,263;0,366745
10,266;0,437322
10,269;0,506062
10,272;0,572628
10,275;0,636696
10,278;0,697951
10,281;0,75609
10,284;0,810827
10,287;0,861889
10,29;0,909021
10,293;0,951984
10,296;0,990562
10,299;1,02456
10,302;1,05379
10,305;1,07812
10,308;1,0974
10,311;1,11153
10,314;1,12043
10,317;1,12403
10,32;1,12232
10,323;1,11528
10,326;1,10293
10,329;1,08531
10,332;1,0625
10,335;1,03459
10,338;1,0017
10,341;0,963971
10,344;0,921574
10,347;0,874698
10,35;0,823556
10,353;0,768381
10,356;0,709427
10,359;0,646966
10,362;0,581289
10,365;0,512702
10,368;0,441525
10,371;0,368093
10,374;0,292752
10,377;0,215858
10,38;0,137777
10,383;0,0588797
10,386;0,0204577
10,389;0,0998553
10,392;0,178932
10,395;0,257308
10,398;0,334605
10,401;0,410448
10,404;0,48447
10,407;0,55631
10,41;0,625618
10,413;0,692052
10,416;0,755288
10,419;0,815011
10,422;0,877714
10,425;0,943104
10,428;1,01088
10,431;1,08071
10,434;1,15227
10,437;1,22523
10,44;1,29924
10,443;1,37394
10,446;1,44899
10,449;1,52401
10,452;1,59865
10,455;1,67255
10,458;1,74535
10,461;1,81671
10,464;1,88627
10,467;1,95369
10,47;2,01865
10,473;2,08083
10,476;2,13992
10,479;2,19562
10,482;2,24767
10,485;2,2958
10,488;2,33977
10,491;2,37935
10,494;2,41435
10,497;2,44459
10,5;2,4699
10,503;2,49015
10,506;2,50522
10,509;2,51504
10,512;2,51954
10,515;2,51868
10,518;2,51246
10,521;2,50088
10,524;2,48399
10,527;2,46186
10,53;2,43457
10,533;2,40224
10,536;2,36501
10,539;2,32306
10,542;2,27656
10,545;2,22573
10,548;2,17079
10,551;2,11201
10,554;2,04965
10,557;1,984
10,56;1,91537
10,563;1,84407
10,566;1,77046
10,569;1,69486
10,572;1,61763
10,575;1,53916
10,578;1,4598
10,581;1,37993
10,584;1,29994
10,587;1,22021
10,59;1,14113
10,593;1,06307
10,596;0,98642
10,599;0,911542
10,602;0,838802
10,605;0,768558
10,608;0,701152
10,611;0,636916
10,614;0,56938
10,617;0,498858
10,62;0,42568
10,623;0,350191
10,626;0,272745
10,629;0,19371
10,632;0,113461
10,635;0,0323779
10,638;0,0491509
10,641;0,130736
10,644;0,211985
10,647;0,292508
10,65;0,371916
10,653;0,449825
10,656;0,525856
10,659;0,59964
10,662;0,670816
10,665;0,739035
10,668;0,803961
10,671;0,865273
10,674;0,922668
10,677;0,975858
10,68;1,02458
10,683;1,06858
10,686;1,10764
10,689;1,14155
10,692;1,17014
10,695;1,19326
10,698;1,21079
10,701;1,22261
10,704;1,22866
10,707;1,22889
10,71;1,22329
10,713;1,21187
10,716;1,19466
10,719;1,17173
10,722;1,14318
10,725;1,10912
10,728;1,06971
10,731;1,02511
10,734;0,975536
10,737;0,921202
10,74;0,862359
10,743;0,799274
10,746;0,732241
10,749;0,661568
10,752;0,587586
10,755;0,51064
10,758;0,431091
10,761;0,349313
10,764;0,265694
10,767;0,180628
10,77;0,0945216
10,773;0,00778354
10,776;0,0791711
10,779;0,165925
10,782;0,252063
10,785;0,337168
10,788;0,420829
10,791;0,50264
10,794;0,582205
10,797;0,659134
10,8;0,733051
10,803;0,803593
10,806;0,877199
10,809;0,953526
10,812;1,03221
10,815;1,11289
10,818;1,19518
10,821;1,27868
10,824;1,36301
10,827;1,44775
10,83;1,53251
10,833;1,61687
10,836;1,70044
10,839;1,78279
10,842;1,86355
10,845;1,94231
10,848;2,0187
10,851;2,09233
10,854;2,16285
10,857;2,22991
10,86;2,29318
10,863;2,35235
10,866;2,40711
10,869;2,4572
10,872;2,50235
10,875;2,54235
10,878;2,57698
10,881;2,60606
10,884;2,62944
10,887;2,64699
10,89;2,65861
10,893;2,66422
10,896;2,66378
10,899;2,65728
10,902;2,64474
10,905;2,62618
10,908;2,6017
10,911;2,57138
10,914;2,53536
10,917;2,49379
10,92;2,44686
10,923;2,39478
10,926;2,33779
10,929;2,27613
10,932;2,21011
10,935;2,14001
10,938;2,06617
10,941;1,98893
10,944;1,90866
10,947;1,82572
10,95;1,74051
10,953;1,65343
10,956;1,56489
10,959;1,47532
10,962;1,38515
10,965;1,29479
10,968;1,2047
10,971;1,11529
10,974;1,027
10,977;0,940264
10,98;0,855494
10,983;0,773105
10,986;0,693498
10,989;0,617065
10,992;0,537392
10,995;0,454853
10,998;0,369836
11,001;0,282742
11,004;0,193983
11,007;0,103981
11,01;0,0131643
11,013;0,0780336
11,016;0,169176
11,019;0,259825
11,022;0,349544
11,025;0,437901
11,028;0,524466
11,031;0,608821
11,034;0,690552
11,037;0,769262
11,04;0,844563
11,043;0,916084
11,046;0,983473
11,049;1,04639
11,052;1,10453
11,055;1,15759
11,058;1,20531
11,061;1,24744
11,064;1,28376
11,067;1,31409
11,07;1,33826
11,073;1,35613
11,076;1,36761
11,079;1,37262
11,082;1,37112
11,085;1,3631
11,088;1,34857
11,091;1,3276
11,094;1,30026
11,097;1,26666
11,1;1,22696
11,103;1,18131
11,106;1,12994
11,109;1,07305
11,112;1,01093
11,115;0,943836
11,118;0,872091
11,121;0,796022
11,124;0,715984
11,127;0,632348
11,13;0,545506
11,133;0,455866
11,136;0,363851
11,139;0,269895
11,142;0,174445
11,145;0,077953
11,148;0,0191193
11,151;0,116308
11,154;0,213147
11,157;0,30917
11,16;0,403915
11,163;0,496922
11,166;0,587741
11,169;0,675929
11,172;0,761057
11,175;0,842706
11,178;0,927263
11,181;1,01433
11,184;1,1035
11,187;1,19434
11,19;1,28643
11,193;1,37933
11,196;1,47259
11,199;1,56577
11,202;1,65842
11,205;1,7501
11,208;1,84035
11,211;1,92875
11,214;2,01486
11,217;2,09826
11,22;2,17856
11,223;2,25534
11,226;2,32824
11,229;2,39689
11,232;2,46095
11,235;2,52011
11,238;2,57406
11,241;2,62253
11,244;2,66527
11,247;2,70206
11,25;2,73271
11,253;2,75705
11,256;2,77495
11,259;2,78631
11,262;2,79105
11,265;2,78913
11,268;2,78054
11,271;2,7653
11,274;2,74348
11,277;2,71515
11,28;2,68043
11,283;2,63947
11,286;2,59245
11,289;2,53958
11,292;2,4811
11,295;2,41727
11,298;2,34838
11,301;2,27476
11,304;2,19673
11,307;2,11466
11,31;2,02894
11,313;1,93996
11,316;1,84815
11,319;1,75394
11,322;1,65776
11,325;1,56009
11,328;1,46137
11,331;1,36209
11,334;1,26272
11,337;1,16373
11,34;1,06561
11,343;0,96882
11,346;0,873833
11,349;0,781111
11,352;0,691104
11,355;0,604253
11,358;0,514194
11,361;0,421352
11,364;0,326163
11,367;0,229079
11,37;0,130559
11,373;0,0310736
11,376;0,0689033
11,379;0,168893
11,382;0,268416
11,385;0,366993
11,388;0,464147
11,391;0,55941
11,394;0,652317
11,397;0,742418
11,4;0,82927
11,403;0,912449
11,406;0,991545
11,409;1,06617
11,412;1,13594
11,415;1,20053
11,418;1,25959
11,421;1,31284
11,424;1,36
11,427;1,40082
11,43;1,43511
11,433;1,46266
11,436;1,48333
11,439;1,497
11,442;1,50359
11,445;1,50305
11,448;1,49535
11,451;1,48051
11,454;1,4586
11,457;1,42968
11,46;1,39388
11,463;1,35136
11,466;1,30229
11,469;1,2469
11,472;1,18544
11,475;1,11817
11,478;1,04541
11,481;0,967496
11,484;0,884782
11,487;0,797653
11,49;0,706514
11,493;0,611793
11,496;0,513934
11,499;0,413398
11,502;0,310659
11,505;0,206205
11,508;0,100533
11,511;0,00585474
11,514;0,112448
11,517;0,218737
11,52;0,324209
11,523;0,428357
11,526;0,530677
11,529;0,630673
11,532;0,727857
11,535;0,821757
11,538;0,918699
11,541;1,01823
11,544;1,11987
11,547;1,22315
11,55;1,32757
11,553;1,43264
11,556;1,53784
11,559;1,64269
11,562;1,74667
11,565;1,84928
11,568;1,95002
11,571;2,04842
11,574;2,14398
11,577;2,23624
11,58;2,32475
11,583;2,40907
11,586;2,48879
11,589;2,56351
11,592;2,63286
11,595;2,6965
11,598;2,75409
11,601;2,80535
11,604;2,85001
11,607;2,88784
11,61;2,91863
11,613;2,94223
11,616;2,9585
11,619;2,96734
11,622;2,96868
11,625;2,96251
11,628;2,94882
11,631;2,92766
11,634;2,89911
11,637;2,86329
11,64;2,82036
11,643;2,77049
11,646;2,71391
11,649;2,65086
11,652;2,58164
11,655;2,50656
11,658;2,42596
11,661;2,34022
11,664;2,24973
11,667;2,15491
11,67;2,0562
11,673;1,95408
11,676;1,84901
11,679;1,7415
11,682;1,63205
11,685;1,52119
11,688;1,40944
11,691;1,29733
11,694;1,18541
11,697;1,07421
11,7;0,96427
11,703;0,856115
11,706;0,750274
11,709;0,647259
11,712;0,547573
11,715;0,444917
11,718;0,339773
11,721;0,232641
11,724;0,124028
11,727;0,0144526
11,73;0,0955629
11,733;0,205491
11,736;0,314805
11,739;0,422977
11,742;0,529486
11,745;0,633814
11,748;0,735457
11,751;0,833917
11,754;0,928714
11,757;1,01938
11,76;1,10547
11,763;1,18657
11,766;1,26225
11,769;1,33215
11,772;1,39592
11,775;1,45323
11,778;1,50379
11,781;1,54734
11,784;1,58364
11,787;1,61251
11,79;1,63378
11,793;1,64733
11,796;1,65308
11,799;1,65097
11,802;1,641
11,805;1,62318
11,808;1,59759
11,811;1,56432
11,814;1,52351
11,817;1,47534
11,82;1,42001
11,823;1,35778
11,826;1,28892
11,829;1,21375
11,832;1,1326
11,835;1,04585
11,838;0,953903
11,841;0,857183
11,844;0,756141
11,847;0,65125
11,85;0,543004
11,853;0,431911
11,856;0,318498
11,859;0,203302
11,862;0,0868711
11,865;0,0302389
11,868;0,147468
11,871;0,264254
11,874;0,380035
11,877;0,494252
11,88;0,606353
11,883;0,715794
11,886;0,822042
11,889;0,931366
11,892;1,04325
11,895;1,15716
11,898;1,27257
11,901;1,38891
11,904;1,50564
11,907;1,62219
11,91;1,738
11,913;1,85253
11,916;1,9652
11,919;2,07548
11,922;2,18284
11,925;2,28674
11,928;2,38668
11,931;2,48216
11,934;2,57273
11,937;2,65792
11,94;2,73732
11,943;2,81053
11,946;2,87718
11,949;2,93693
11,952;2,98947
11,955;3,03453
11,958;3,07188
11,961;3,10132
11,964;3,12267
11,967;3,13582
11,97;3,14068
11,973;3,1372
11,976;3,12538
11,979;3,10525
11,982;3,07688
11,985;3,04039
11,988;2,99592
11,991;2,94368
11,994;2,88388
11,997;2,8168
