0,004;0
0,008;0,000113137
0,012;0,00033911
0,016;0,000676772
0,02;0,00112414
0,024;0,0016784
0,028;0,00233592
0,032;0,00309229
0,036;0,00394235
0,04;0,00488018
0,044;0,00589922
0,048;0,00699223
0,052;0,00815142
0,056;0,00936845
0,06;0,0106345
0,064;0,0119404
0,068;0,0132765
0,072;0,014633
0,076;0,0159999
0,08;0,0173671
0,084;0,0187243
0,088;0,0200613
0,092;0,0213681
0,096;0,0226347
0,1;0,0238516
0,104;0,0250093
0,108;0,0260991
0,112;0,0271123
0,116;0,028041
0,12;0,028878
0,124;0,0296165
0,128;0,0302506
0,132;0,0307749
0,136;0,0311852
0,14;0,0314777
0,144;0,0316497
0,148;0,0316993
0,152;0,0316257
0,156;0,0314286
0,16;0,0311091
0,164;0,030669
0,168;0,0301108
0,172;0,0294383
0,176;0,0286559
0,18;0,0277689
0,184;0,0267835
0,188;0,0257064
0,192;0,0245454
0,196;0,0233087
0,2;0,0220052
0,204;0,0206442
0,208;0,0192357
0,212;0,0177899
0,216;0,0163175
0,22;0,0148293
0,224;0,0133364
0,228;0,0118499
0,232;0,0103809
0,236;0,00894053
0,24;0,00753959
0,244;0,00618877
0,248;0,00489839
0,252;0,00367838
0,256;0,00253818
0,26;0,00148669
0,264;0,0005322
0,268;0,000317713
0,272;0,0010562
0,276;0,0016772
0,28;0,00217553
0,284;0,00254686
0,288;0,00278783
0,292;0,002896
0,296;0,00286992
0,3;0,00270916
0,304;0,00241426
0,308;0,00198678
0,312;0,00142928
0,316;0,000745288
0,32;6,06855e-05
0,324;0,000983212
0,328;0,00201596
0,332;0,00315175
0,336;0,0043826
0,34;0,00569977
0,344;0,00709384
0,348;0,00855477
0,352;0,010072
0,356;0,0116344
0,36;0,0132306
0,364;0,0148488
0,368;0,016477
0,372;0,0181032
0,376;0,0197151
0,38;0,0213007
0,384;0,022848
0,388;0,0243453
0,392;0,0257811
0,396;0,0271444
0,4;0,0284248
0,404;0,0296121
0,408;0,0306973
0,412;0,0316715
0,416;0,0325271
0,42;0,0332571
0,424;0,0338554
0,428;0,0343169
0,432;0,0346375
0,436;0,0348142
0,44;0,0348449
0,444;0,0347287
0,448;0,0344658
0,452;0,0340575
0,456;0,033506
0,46;0,0328148
0,464;0,0319884
0,468;0,0310324
0,472;0,0299532
0,476;0,0287583
0,48;0,027456
0,484;0,0260557
0,488;0,0245672
0,492;0,0230013
0,496;0,0213692
0,5;0,0196829
0,504;0,0179547
0,508;0,0161973
0,512;0,0144236
0,516;0,0126468
0,52;0,0108802
0,524;0,00913707
0,528;0,00743046
0,532;0,00577331
0,536;0,00417824
0,54;0,00265745
0,544;0,00122265
0,548;0,000115022
0,552;0,00134512
0,556;0,00245794
0,56;0,00344462
0,564;0,00429717
0,568;0,00500859
0,572;0,0055729
0,576;0,00598516
0,58;0,00624158
0,584;0,00633948
0,588;0,00627739
0,592;0,00605499
0,596;0,00567317
0,6;0,00513402
0,604;0,00444082
0,608;0,00359799
0,612;0,00261112
0,616;0,00148687
0,62;0,000232988
0,624;0,00114179
0,628;0,00262778
0,632;0,00421441
0,636;0,00589034
0,64;0,00764346
0,644;0,00946106
0,648;0,0113299
0,652;0,0132362
0,656;0,015166
0,66;0,017105
0,664;0,0190386
0,668;0,0209526
0,672;0,0228324
0,676;0,0246639
0,68;0,0264332
0,684;0,0281267
0,688;0,0297315
0,692;0,0312351
0,696;0,0326259
0,7;0,0338928
0,704;0,035026
0,708;0,0360161
0,712;0,0368553
0,716;0,0375364
0,72;0,0380536
0,724;0,0384024
0,728;0,0385792
0,732;0,0385819
0,736;0,0384097
0,74;0,0380631
0,744;0,0375437
0,748;0,0368546
0,752;0,0360001
0,756;0,0349859
0,76;0,0338188
0,764;0,0325066
0,768;0,0310586
0,772;0,0294849
0,776;0,0277966
0,78;0,0260058
0,784;0,0241253
0,788;0,0221688
0,792;0,0201506
0,796;0,0180853
0,8;0,0159882
0,804;0,0138748
0,808;0,0117608
0,812;0,00966202
0,816;0,00759412
0,82;0,00557272
0,824;0,00361316
0,828;0,00173034
0,832;6,12924e-05
0,836;0,00174793
0,84;0,00331648
0,844;0,00475466
0,848;0,0060511
0,852;0,00719544
0,856;0,00817842
0,86;0,00899191
0,864;0,00962903
0,868;0,0100842
0,872;0,0103531
0,876;0,0104328
0,88;0,0103219
0,884;0,0100203
0,888;0,00952921
0,892;0,00885152
0,896;0,00799134
0,9;0,00695423
0,904;0,00574708
0,908;0,00437809
0,912;0,0028567
0,916;0,00119353
0,92;0,000599659
0,924;0,00251012
0,928;0,00452414
0,932;0,00662719
0,936;0,00880399
0,94;0,0110386
0,944;0,0133147
0,948;0,0156155
0,952;0,0179238
0,956;0,0202225
0,96;0,0224944
0,964;0,0247223
0,968;0,0268895
0,972;0,0289795
0,976;0,0309763
0,98;0,0328645
0,984;0,0346295
0,988;0,0362575
0,992;0,0377358
0,996;0,0390525
1;0,0401971
1,004;0,0411602
1,008;0,0419338
1,012;0,042511
1,016;0,0428868
1,02;0,0430573
1,024;0,0430203
1,028;0,0427749
1,032;0,0423222
1,036;0,0416644
1,04;0,0408055
1,044;0,039751
1,048;0,0385077
1,052;0,0370841
1,056;0,0354898
1,06;0,0337361
1,064;0,0318352
1,068;0,0298005
1,072;0,0276468
1,076;0,0253894
1,08;0,0230448
1,084;0,0206299
1,088;0,0181626
1,092;0,015661
1,096;0,0131435
1,1;0,010629
1,104;0,00813613
1,108;0,00568372
1,112;0,00329024
1,116;0,000973832
1,12;0,00124783
1,124;0,00335769
1,128;0,00533948
1,132;0,00717777
1,136;0,00885816
1,14;0,0103673
1,144;0,0116932
1,148;0,012825
1,152;0,0137533
1,156;0,0144703
1,16;0,0149695
1,164;0,0152462
1,168;0,0152972
1,172;0,0151212
1,176;0,0147182
1,18;0,0140903
1,184;0,013241
1,188;0,0121757
1,192;0,0109012
1,196;0,00942601
1,2;0,00776024
1,204;0,0059154
1,208;0,0039044
1,212;0,00174146
1,216;0,000558006
1,22;0,00297748
1,224;0,00549947
1,228;0,00810564
1,232;0,0107769
1,236;0,0134937
1,24;0,0162359
1,244;0,0189832
1,248;0,0217151
1,252;0,0244111
1,256;0,0270509
1,26;0,0296145
1,264;0,0320824
1,268;0,0344358
1,272;0,0366565
1,276;0,0387272
1,28;0,0406319
1,284;0,0423555
1,288;0,0438843
1,292;0,0452058
1,296;0,0463093
1,3;0,0471854
1,304;0,0478266
1,308;0,0482269
1,312;0,0483821
1,316;0,04829
1,32;0,04795
1,324;0,0473635
1,328;0,0465337
1,332;0,0454655
1,336;0,0441659
1,34;0,0426434
1,344;0,0409084
1,348;0,0389727
1,352;0,0368498
1,356;0,0345548
1,36;0,0321039
1,364;0,0295146
1,368;0,0268057
1,372;0,0239967
1,376;0,0211083
1,38;0,0181614
1,384;0,015178
1,388;0,0121801
1,392;0,00918997
1,396;0,00623
1,4;0,00332245
1,404;0,00048927
1,408;0,00224802
1,412;0,00486853
1,416;0,00735214
1,42;0,00967962
1,424;0,0118329
1,428;0,013795
1,432;0,0155503
1,436;0,0170849
1,44;0,0183861
1,444;0,0194432
1,448;0,020247
1,452;0,0207903
1,456;0,0210679
1,46;0,0210764
1,464;0,0208144
1,468;0,0202826
1,472;0,0194836
1,476;0,0184222
1,48;0,0171051
1,484;0,0155407
1,488;0,0137397
1,492;0,0117143
1,496;0,00947855
1,5;0,00704818
1,504;0,00444038
1,508;0,00167377
1,512;0,00123175
1,516;0,00425516
1,52;0,00737445
1,524;0,0105668
1,528;0,0138087
1,532;0,0170762
1,536;0,020345
1,54;0,0235907
1,544;0,026789
1,548;0,0299158
1,552;0,0329473
1,556;0,0358605
1,56;0,0386331
1,564;0,0412437
1,568;0,043672
1,572;0,0458989
1,576;0,0479071
1,58;0,0496802
1,584;0,0512041
1,588;0,0524661
1,592;0,0534556
1,596;0,0541638
1,6;0,0545841
1,604;0,054712
1,608;0,0545451
1,612;0,0540834
1,616;0,0533287
1,62;0,0522853
1,624;0,0509597
1,628;0,0493603
1,632;0,0474979
1,636;0,045385
1,64;0,0430362
1,644;0,0404679
1,648;0,0376983
1,652;0,0347471
1,656;0,0316353
1,66;0,0283856
1,664;0,0250215
1,668;0,0215675
1,672;0,018049
1,676;0,0144921
1,68;0,010923
1,684;0,00736828
1,688;0,00385467
1,692;0,00040855
1,696;0,00294403
1,7;0,00617758
1,704;0,00926738
1,708;0,0121897
1,712;0,0149219
1,716;0,0174426
1,72;0,0197321
1,724;0,0217721
1,728;0,0235461
1,732;0,0250398
1,736;0,0262405
1,74;0,0271379
1,744;0,0277238
1,748;0,0279925
1,752;0,0279402
1,756;0,027566
1,76;0,026871
1,764;0,0258588
1,768;0,0245357
1,772;0,0229098
1,776;0,0209919
1,78;0,0187949
1,784;0,016334
1,788;0,0136261
1,792;0,0106903
1,796;0,00754748
1,8;0,00422009
1,804;0,000732075
1,808;0,00289128
1,812;0,00662358
1,816;0,0104375
1,82;0,0143049
1,824;0,0181972
1,828;0,0220854
1,832;0,0259406
1,836;0,0297337
1,84;0,0334361
1,844;0,0370198
1,848;0,0404574
1,852;0,0437225
1,856;0,04679
1,86;0,049636
1,864;0,0522382
1,868;0,054576
1,872;0,0566306
1,876;0,0583854
1,88;0,0598258
1,884;0,0609395
1,888;0,0617167
1,892;0,06215
1,896;0,0622344
1,9;0,0619677
1,904;0,0613502
1,908;0,0603847
1,912;0,0590769
1,916;0,0574348
1,92;0,0554692
1,924;0,053193
1,928;0,0506219
1,932;0,0477737
1,936;0,0446681
1,94;0,0413273
1,944;0,037775
1,948;0,0340368
1,952;0,0301396
1,956;0,0261118
1,96;0,0219828
1,964;0,017783
1,968;0,0135434
1,972;0,00929544
1,976;0,00507084
1,98;0,00090124
1,984;0,00318197
1,988;0,00714788
1,992;0,0109663
1,996;0,0146081
2;0,0180451
2,004;0,0212507
2,008;0,0241999
2,012;0,0268695
2,016;0,0292381
2,02;0,0312866
2,024;0,0329982
2,028;0,0343585
2,032;0,0353557
2,036;0,0359805
2,04;0,0362265
2,044;0,0360901
2,048;0,0355704
2,052;0,0346695
2,056;0,0333922
2,06;0,0317464
2,064;0,0297424
2,068;0,0273937
2,072;0,024716
2,076;0,0217278
2,08;0,0184498
2,084;0,0149052
2,088;0,0111192
2,092;0,00711884
2,096;0,00293298
2,1;0,001408
2,104;0,00587244
2,108;0,0104276
2,112;0,0150399
2,116;0,0196752
2,12;0,0242989
2,124;0,0288766
2,128;0,0333738
2,132;0,0377564
2,136;0,0419914
2,14;0,0460463
2,144;0,0498899
2,148;0,0534927
2,152;0,0568264
2,156;0,059865
2,16;0,0625844
2,164;0,0649626
2,168;0,0669803
2,172;0,0686207
2,176;0,0698698
2,18;0,0707163
2,184;0,071152
2,188;0,0711716
2,192;0,0707731
2,196;0,0699573
2,2;0,0687284
2,204;0,0670936
2,208;0,0650631
2,212;0,0626502
2,216;0,0598711
2,22;0,0567447
2,224;0,0532928
2,228;0,0495395
2,232;0,0455114
2,236;0,0412373
2,24;0,036748
2,244;0,0320758
2,248;0,0272549
2,252;0,0223204
2,256;0,0173088
2,26;0,0122569
2,264;0,00720248
2,268;0,00218313
2,272;0,00276349
2,276;0,00760007
2,28;0,01229
2,284;0,0167975
2,288;0,0210881
2,292;0,0251287
2,296;0,0288879
2,3;0,0323364
2,304;0,0354468
2,308;0,0381943
2,312;0,0405567
2,316;0,0425145
2,32;0,0440511
2,324;0,045153
2,328;0,04581
2,332;0,0460149
2,336;0,045764
2,34;0,0450572
2,344;0,0438973
2,348;0,042291
2,352;0,0402481
2,356;0,0377817
2,36;0,0349083
2,364;0,0316472
2,368;0,0280211
2,372;0,0240552
2,376;0,0197775
2,38;0,0152185
2,384;0,0104108
2,388;0,00538917
2,392;0,000190059
2,396;0,00514856
2,4;0,0105875
2,404;0,0160866
2,408;0,0216052
2,412;0,027102
2,416;0,032536
2,42;0,0378663
2,424;0,0430526
2,428;0,0480555
2,432;0,0528367
2,436;0,0573595
2,44;0,0615888
2,444;0,0654917
2,448;0,0690375
2,452;0,0721979
2,456;0,0749476
2,46;0,077264
2,464;0,0791278
2,468;0,0805228
2,472;0,0814364
2,476;0,0818595
2,48;0,0817865
2,484;0,0812157
2,488;0,0801488
2,492;0,0785915
2,496;0,076553
2,5;0,0740463
2,504;0,0710879
2,508;0,0676975
2,512;0,0638986
2,516;0,0597175
2,52;0,0551835
2,524;0,0503289
2,528;0,0451883
2,532;0,0397988
2,536;0,0341994
2,54;0,0284308
2,544;0,0225355
2,548;0,0165567
2,552;0,0105387
2,556;0,00452635
2,56;0,00143557
2,564;0,00730225
2,568;0,0130294
2,572;0,0185737
2,576;0,0238927
2,58;0,0289458
2,584;0,0336938
2,588;0,0380999
2,592;0,0421295
2,596;0,0457508
2,6;0,0489347
2,604;0,0516554
2,608;0,0538903
2,612;0,0556204
2,616;0,0568304
2,62;0,0575087
2,624;0,0576477
2,628;0,0572438
2,632;0,0562975
2,636;0,0548131
2,64;0,0527992
2,644;0,0502682
2,648;0,0472366
2,652;0,0437246
2,656;0,0397562
2,66;0,0353587
2,664;0,030563
2,668;0,0254029
2,672;0,0199152
2,676;0,0141393
2,68;0,00811703
2,684;0,00189209
2,688;0,00449
2,692;0,0109823
2,696;0,017537
2,7;0,0241052
2,704;0,0306382
2,708;0,0370869
2,712;0,0434028
2,716;0,049538
2,72;0,055446
2,724;0,0610814
2,728;0,066401
2,732;0,0713634
2,736;0,07593
2,74;0,0800647
2,744;0,0837345
2,748;0,0869099
2,752;0,0895647
2,756;0,0916766
2,76;0,0932273
2,764;0,0942025
2,768;0,0945921
2,772;0,0943905
2,776;0,0935962
2,78;0,0922124
2,784;0,0902466
2,788;0,0877106
2,792;0,0846207
2,796;0,0809973
2,8;0,0768648
2,804;0,0722518
2,808;0,0671902
2,812;0,0617158
2,816;0,0558674
2,82;0,0496869
2,824;0,043219
2,828;0,0365104
2,832;0,0296101
2,836;0,0225688
2,84;0,0154383
2,844;0,00827142
2,848;0,00112152
2,852;0,00595793
2,856;0,0129137
2,86;0,0196934
2,864;0,0262454
2,868;0,0325197
2,872;0,0384682
2,876;0,0440449
2,88;0,0492064
2,884;0,0539121
2,888;0,0581247
2,892;0,0618103
2,896;0,0649391
2,9;0,0674848
2,904;0,0694257
2,908;0,0707444
2,912;0,0714281
2,916;0,0714686
2,92;0,0708625
2,924;0,0696113
2,928;0,0677212
2,932;0,0652032
2,936;0,0620731
2,94;0,0583514
2,944;0,054063
2,948;0,0492372
2,952;0,0439075
2,956;0,0381112
2,96;0,0318894
2,964;0,0252864
2,968;0,0183499
2,972;0,0111299
2,976;0,00367895
2,98;0,00394832
2,984;0,0116959
2,988;0,0195064
2,992;0,0273219
2,996;0,0350841
3;0,0427347
3,004;0,0502161
3,008;0,0574715
3,012;0,0644459
3,016;0,0710856
3,02;0,0773396
3,024;0,0831592
3,028;0,088499
3,032;0,0933168
3,036;0,0975741
3,04;0,101236
3,044;0,104274
3,048;0,10666
3,052;0,108374
3,056;0,109401
3,06;0,109729
3,064;0,109352
3,068;0,10827
3,072;0,106488
3,076;0,104015
3,08;0,100866
3,084;0,0970629
3,088;0,0926297
3,092;0,0875966
3,096;0,0819985
3,1;0,0758744
3,104;0,0692675
3,108;0,0622248
3,112;0,0547969
3,116;0,0470372
3,12;0,0390023
3,124;0,0307507
3,128;0,022343
3,132;0,0138413
3,136;0,0053086
3,14;0,00319159
3,144;0,0115956
3,148;0,0198403
3,152;0,0278632
3,156;0,0356035
3,16;0,0430019
3,164;0,0500017
3,168;0,0565485
3,172;0,0625914
3,176;0,0680829
3,18;0,0729792
3,184;0,0772409
3,188;0,0808333
3,192;0,0837262
3,196;0,0858947
3,2;0,0873191
3,204;0,0879852
3,208;0,0878845
3,212;0,0870139
3,216;0,0853763
3,22;0,0829802
3,224;0,0798399
3,228;0,0759752
3,232;0,0714116
3,236;0,0661797
3,24;0,0603155
3,244;0,0538596
3,248;0,0468574
3,252;0,0393586
3,256;0,0314168
3,26;0,0230891
3,264;0,014436
3,268;0,00552038
3,272;0,00359238
3,276;0,0128352
3,28;0,0221397
3,284;0,0314367
3,288;0,0406567
3,292;0,0497305
3,296;0,0585897
3,3;0,0671671
3,304;0,0753973
3,308;0,0832171
3,312;0,0905663
3,316;0,0973877
3,32;0,103628
3,324;0,109237
3,328;0,114171
3,332;0,118389
3,336;0,121857
3,34;0,124544
3,344;0,126428
3,348;0,12749
3,352;0,127718
3,356;0,127107
3,36;0,125656
3,364;0,123374
3,368;0,120273
3,372;0,116372
3,376;0,111697
3,38;0,106278
3,384;0,100153
3,388;0,0933632
3,392;0,0859574
3,396;0,0779873
3,4;0,0695098
3,404;0,0605858
3,408;0,0512796
3,412;0,0416591
3,416;0,0317944
3,42;0,0217582
3,424;0,0116244
3,428;0,00146834
3,432;0,0086343
3,436;0,0186078
3,44;0,0283771
3,444;0,0378683
3,448;0,0470092
3,452;0,0557298
3,456;0,063963
3,46;0,071645
3,464;0,0787158
3,468;0,0851196
3,472;0,0908055
3,476;0,0957275
3,48;0,0998453
3,484;0,103124
3,488;0,105536
3,492;0,107058
3,496;0,107674
3,5;0,107377
3,504;0,106163
3,508;0,104038
3,512;0,101012
3,516;0,0971047
3,52;0,0923404
3,524;0,0867505
3,528;0,080373
3,532;0,0732515
3,536;0,0654359
3,54;0,0569809
3,544;0,0479468
3,548;0,0383982
3,552;0,0284039
3,556;0,0180365
3,56;0,00737142
3,564;0,003513
3,568;0,0145366
3,572;0,0256177
3,576;0,0366738
3,58;0,0476223
3,584;0,0583809
3,588;0,0688684
3,592;0,0790051
3,596;0,0887138
3,6;0,0979197
3,604;0,106552
3,608;0,114543
3,612;0,12183
3,616;0,128356
3,62;0,134068
3,624;0,13892
3,628;0,14287
3,632;0,145886
3,636;0,14794
3,64;0,149013
3,644;0,149091
3,648;0,14817
3,652;0,146251
3,656;0,143344
3,66;0,139465
3,664;0,13464
3,668;0,1289
3,672;0,122283
3,676;0,114834
3,68;0,106605
3,684;0,0976534
3,688;0,0880431
3,692;0,0778424
3,696;0,0671247
3,7;0,0559674
3,704;0,0444519
3,708;0,0326623
3,712;0,0206854
3,716;0,00860965
3,72;0,00347518
3,724;0,0154789
3,728;0,0273116
3,732;0,038884
3,736;0,0501085
3,74;0,0608995
3,744;0,0711746
3,748;0,0808543
3,752;0,0898637
3,756;0,0981322
3,76;0,105595
3,764;0,112191
3,768;0,117868
3,772;0,12258
3,776;0,126286
3,78;0,128953
3,784;0,130557
3,788;0,131081
3,792;0,130516
3,796;0,12886
3,8;0,126121
3,804;0,122314
3,808;0,117462
3,812;0,111597
3,816;0,104757
3,82;0,0969892
3,824;0,0883467
3,828;0,0788899
3,832;0,0686856
3,836;0,0578062
3,84;0,0463299
3,844;0,0343395
3,848;0,0219219
3,852;0,00916796
3,856;0,00382882
3,86;0,0169725
3,864;0,0301658
3,868;0,0433102
3,872;0,0563075
3,876;0,0690599
3,88;0,081471
3,884;0,0934464
3,888;0,104895
3,892;0,115728
3,896;0,125862
3,9;0,135219
3,904;0,143723
3,908;0,151309
3,912;0,157914
3,916;0,163485
3,92;0,167975
3,924;0,171346
3,928;0,173567
3,932;0,174615
3,936;0,174478
3,94;0,173151
3,944;0,170637
3,948;0,166951
3,952;0,162113
3,956;0,156155
3,96;0,149115
3,964;0,141041
3,968;0,131989
3,972;0,122021
3,976;0,111207
3,98;0,0996237
3,984;0,0873542
3,988;0,0744867
3,992;0,0611145
3,996;0,0473349
4;0,0332488
4,004;0,01896
4,008;0,00457422
4,012;0,00980166
4,016;0,0240602
4,02;0,0380944
4,024;0,0517984
4,028;0,0650683
4,032;0,0778029
4,036;0,0899046
4,04;0,10128
4,044;0,11184
4,048;0,121504
4,052;0,130193
4,056;0,137838
4,06;0,144378
4,064;0,149758
4,068;0,153933
4,072;0,156865
4,076;0,158527
4,08;0,1589
4,084;0,157975
4,088;0,155753
4,092;0,152244
4,096;0,147469
4,1;0,141456
4,104;0,134246
4,108;0,125885
4,112;0,116431
4,116;0,105949
4,12;0,0945122
4,124;0,082202
4,128;0,0691058
4,132;0,0553176
4,136;0,040937
4,14;0,0260686
4,144;0,0108211
4,148;0,0046936
4,152;0,0203608
4,156;0,0360644
4,16;0,0516871
4,164;0,0671121
4,168;0,0822232
4,172;0,0969059
4,176;0,111049
4,18;0,124543
4,184;0,137286
4,188;0,149178
4,192;0,160126
4,196;0,170045
4,2;0,178854
4,204;0,186483
4,208;0,19287
4,212;0,197961
4,216;0,201711
4,22;0,204086
4,224;0,205061
4,228;0,204623
4,232;0,202769
4,236;0,199505
4,24;0,194848
4,244;0,188828
4,248;0,181482
4,252;0,172858
4,256;0,163016
4,26;0,152022
4,264;0,139954
4,268;0,126896
4,272;0,112941
4,276;0,0981885
4,28;0,0827455
4,284;0,0667235
4,288;0,0502397
4,292;0,0334147
4,296;0,0163726
4,3;0,000760463
4,304;0,0178569
4,308;0,034789
4,312;0,0514294
4,316;0,0676525
4,32;0,0833353
4,324;0,0983579
4,328;0,112605
4,332;0,125967
4,336;0,138339
4,34;0,149624
4,344;0,159734
4,348;0,168586
4,352;0,176108
4,356;0,182239
4,36;0,186925
4,364;0,190125
4,368;0,191807
4,372;0,191953
4,376;0,190552
4,38;0,187609
4,384;0,183138
4,388;0,177165
4,392;0,169727
4,396;0,160873
4,4;0,150662
4,404;0,139164
4,408;0,126459
4,412;0,112635
4,416;0,0977909
4,42;0,0820322
4,424;0,0654722
4,428;0,0482307
4,432;0,0304332
4,436;0,0122099
4,44;0,0063052
4,444;0,0249752
4,448;0,0436615
4,452;0,0622246
4,456;0,0805253
4,46;0,0984258
4,464;0,11579
4,468;0,132487
4,472;0,148388
4,476;0,16337
4,48;0,177317
4,484;0,19012
4,488;0,201679
4,492;0,2119
4,496;0,220701
4,5;0,22801
4,504;0,233764
4,508;0,237914
4,512;0,24042
4,516;0,241257
4,52;0,240409
4,524;0,237875
4,528;0,233666
4,532;0,227805
4,536;0,220329
4,54;0,211284
4,544;0,200732
4,548;0,188743
4,552;0,175401
4,556;0,160798
4,56;0,145037
4,564;0,128231
4,568;0,1105
4,572;0,091972
4,576;0,0727814
4,58;0,0530684
4,584;0,0329777
4,588;0,0126575
4,592;0,0077417
4,596;0,0280678
4,6;0,0481688
4,604;0,0678935
4,608;0,0870928
4,612;0,105621
4,616;0,123336
4,62;0,140102
4,624;0,15579
4,628;0,170276
4,632;0,183447
4,636;0,195199
4,64;0,205436
4,644;0,214076
4,648;0,221045
4,652;0,226285
4,656;0,229746
4,66;0,231396
4,664;0,231213
4,668;0,229189
4,672;0,225331
4,676;0,21966
4,68;0,212207
4,684;0,203021
4,688;0,192163
4,692;0,179704
4,696;0,16573
4,7;0,150339
4,704;0,133638
4,708;0,115746
4,712;0,0967904
4,716;0,0769083
4,72;0,0562434
4,724;0,0349462
4,728;0,0131727
4,732;0,00891682
4,736;0,0311589
4,74;0,0533882
4,744;0,0754388
4,748;0,097145
4,752;0,118343
4,756;0,138873
4,76;0,158577
4,764;0,177305
4,768;0,194912
4,772;0,211261
4,776;0,226225
4,78;0,239684
4,784;0,251532
4,788;0,261671
4,792;0,270019
4,796;0,276503
4,8;0,281067
4,804;0,283668
4,808;0,284276
4,812;0,282877
4,816;0,279473
4,82;0,274079
4,824;0,266726
4,828;0,257459
4,832;0,246338
4,836;0,233438
4,84;0,218846
4,844;0,202663
4,848;0,185002
4,852;0,165988
4,856;0,145757
4,86;0,124454
4,864;0,102232
4,868;0,079253
4,872;0,0556853
4,876;0,0317018
4,88;0,00747962
4,884;0,0168015
4,888;0,0409606
4,892;0,0648167
4,896;0,0881902
4,9;0,110904
4,904;0,132786
4,908;0,153668
4,912;0,17339
4,916;0,191799
4,92;0,208751
4,924;0,224113
4,928;0,237762
4,932;0,249588
4,936;0,259493
4,94;0,267396
4,944;0,273227
4,948;0,276933
4,952;0,278476
4,956;0,277833
4,96;0,275
4,964;0,269987
4,968;0,262821
4,972;0,253545
4,976;0,242218
4,98;0,228915
4,984;0,213725
4,988;0,196754
4,992;0,178119
4,996;0,157952
5;0,136395
5,004;0,113604
5,008;0,0897412
5,012;0,064981
5,016;0,0395036
5,02;0,0134958
5,024;0,0128508
5,028;0,039341
5,032;0,0657777
5,036;0,0919633
5,04;0,117701
5,044;0,142797
5,048;0,16706
5,052;0,190305
5,056;0,212354
5,06;0,233036
5,064;0,252191
5,068;0,269668
5,072;0,285328
5,076;0,299047
5,08;0,310711
5,084;0,320224
5,088;0,327506
5,092;0,33249
5,096;0,335128
5,1;0,33539
5,104;0,333262
5,108;0,328749
5,112;0,321872
5,116;0,312673
5,12;0,301207
5,124;0,287551
5,128;0,271795
5,132;0,254048
5,136;0,234431
5,14;0,213083
5,144;0,190155
5,148;0,16581
5,152;0,140223
5,156;0,113579
5,16;0,0860731
5,164;0,0579051
5,168;0,0292828
5,172;0,00041756
5,176;0,0284762
5,18;0,0571829
5,184;0,0854873
5,188;0,113176
5,192;0,14004
5,196;0,165873
5,2;0,190479
5,204;0,213668
5,208;0,23526
5,212;0,255085
5,216;0,272988
5,22;0,288825
5,224;0,302469
5,228;0,313807
5,232;0,322742
5,236;0,329198
5,24;0,333114
5,244;0,334448
5,248;0,333178
5,252;0,329301
5,256;0,322833
5,26;0,313811
5,264;0,302289
5,268;0,288342
5,272;0,272062
5,276;0,253559
5,28;0,232961
5,284;0,210411
5,288;0,186069
5,292;0,160108
5,296;0,132713
5,3;0,104083
5,304;0,0744252
5,308;0,0439562
5,312;0,0128996
5,316;0,0185156
5,32;0,0500564
5,324;0,081488
5,328;0,112575
5,332;0,143084
5,336;0,172784
5,34;0,20145
5,344;0,228862
5,348;0,254811
5,352;0,279094
5,356;0,301523
5,36;0,321922
5,364;0,340128
5,368;0,355994
5,372;0,369392
5,376;0,38021
5,38;0,388353
5,384;0,393749
5,388;0,396344
5,392;0,396106
5,396;0,393021
5,4;0,387101
5,404;0,378375
5,408;0,366894
5,412;0,352733
5,416;0,335983
5,42;0,316757
5,424;0,295186
5,428;0,271421
5,432;0,245629
5,436;0,217992
5,44;0,188708
5,444;0,157987
5,448;0,126053
5,452;0,0931365
5,456;0,0594803
5,46;0,0253315
5,464;0,00905723
5,468;0,0434303
5,472;0,0775308
5,476;0,111103
5,48;0,143894
5,484;0,175654
5,488;0,206143
5,492;0,235125
5,496;0,262378
5,5;0,287689
5,504;0,31086
5,508;0,331709
5,512;0,350068
5,516;0,365788
5,52;0,378739
5,524;0,388811
5,528;0,395915
5,532;0,399984
5,536;0,400973
5,54;0,398859
5,544;0,393644
5,548;0,385352
5,552;0,374029
5,556;0,359747
5,56;0,342596
5,564;0,322692
5,568;0,30017
5,572;0,275185
5,576;0,247912
5,58;0,218545
5,584;0,187291
5,588;0,154376
5,592;0,120037
5,596;0,0845242
5,6;0,0480963
5,604;0,0110213
5,608;0,026427
5,612;0,063971
5,616;0,101331
5,62;0,138226
5,624;0,17438
5,628;0,209518
5,632;0,243374
5,636;0,275688
5,64;0,306212
5,644;0,334709
5,648;0,360957
5,652;0,384749
5,656;0,405895
5,66;0,424226
5,664;0,43959
5,668;0,451858
5,672;0,460925
5,676;0,466707
5,68;0,469145
5,684;0,468205
5,688;0,463877
5,692;0,456179
5,696;0,44515
5,7;0,430858
5,704;0,413393
5,708;0,392871
5,712;0,36943
5,716;0,343231
5,72;0,314457
5,724;0,28331
5,728;0,250011
5,732;0,214799
5,736;0,177927
5,74;0,139663
5,744;0,100285
5,748;0,0600829
5,752;0,0193521
5,756;0,0216056
5,76;0,0624854
5,764;0,102982
5,768;0,14279
5,772;0,181611
5,776;0,219148
5,78;0,255117
5,784;0,28924
5,788;0,321254
5,792;0,35091
5,796;0,377974
5,8;0,402234
5,804;0,423493
5,808;0,44158
5,812;0,456342
5,816;0,467656
5,82;0,475418
5,824;0,479555
5,828;0,480018
5,832;0,476786
5,836;0,469865
5,84;0,459289
5,844;0,445121
5,848;0,427447
5,852;0,406384
5,856;0,382072
5,86;0,354678
5,864;0,324391
5,868;0,291423
5,872;0,256008
5,876;0,218398
5,88;0,178864
5,884;0,137692
5,888;0,0951801
5,892;0,0516408
5,896;0,00739378
5,9;0,037234
5,904;0,0819111
5,908;0,126304
5,912;0,17008
5,916;0,21291
5,92;0,254468
5,924;0,29444
5,928;0,332517
5,932;0,368408
5,936;0,401833
5,94;0,432532
5,944;0,460262
5,948;0,484801
5,952;0,505951
5,956;0,523538
5,96;0,537414
5,964;0,547456
5,968;0,553573
5,972;0,555698
5,976;0,553798
5,98;0,547866
5,984;0,537929
5,988;0,52404
5,992;0,506285
5,996;0,484778
6;0,459661
6,004;0,431104
6,008;0,399305
6,012;0,364484
6,016;0,326888
6,02;0,286784
6,024;0,24446
6,028;0,20022
6,032;0,154386
6,036;0,107292
6,04;0,0592838
6,044;0,010716
6,048;0,0380518
6,052;0,0866564
6,056;0,134734
6,06;0,181924
6,064;0,227868
6,068;0,272218
6,072;0,314636
6,076;0,354795
6,08;0,392384
6,084;0,427111
6,088;0,458702
6,092;0,486907
6,096;0,511498
6,1;0,532275
6,104;0,549064
6,108;0,561722
6,112;0,570132
6,116;0,574213
6,12;0,573913
6,124;0,569213
6,128;0,560127
6,132;0,546702
6,136;0,529018
6,14;0,507185
6,144;0,481348
6,148;0,451679
6,152;0,418383
6,156;0,381689
6,16;0,341856
6,164;0,299167
6,168;0,253925
6,172;0,206457
6,176;0,157107
6,18;0,106234
6,184;0,0542099
6,188;0,0014184
6,192;0,0517502
6,196;0,104901
6,2;0,157636
6,204;0,209561
6,208;0,260284
6,212;0,309419
6,216;0,356594
6,22;0,401445
6,224;0,443627
6,228;0,482813
6,232;0,518694
6,236;0,550989
6,24;0,579437
6,244;0,603808
6,248;0,623901
6,252;0,639546
6,256;0,650603
6,26;0,656969
6,264;0,658573
6,268;0,65538
6,272;0,647392
6,276;0,634644
6,28;0,61721
6,284;0,595197
6,288;0,568747
6,292;0,538037
6,296;0,503275
6,3;0,464702
6,304;0,422587
6,308;0,377227
6,312;0,328947
6,316;0,278091
6,32;0,225028
6,324;0,170144
6,328;0,113838
6,332;0,056526
6,336;0,00137047
6,34;0,0594215
6,344;0,117194
6,348;0,174256
6,352;0,230178
6,356;0,284536
6,36;0,336918
6,364;0,386922
6,368;0,434164
6,372;0,478278
6,376;0,518919
6,38;0,555768
6,384;0,58853
6,388;0,616943
6,392;0,640772
6,396;0,659818
6,4;0,673915
6,404;0,682936
6,408;0,686787
6,412;0,685415
6,416;0,678806
6,42;0,666984
6,424;0,650012
6,428;0,627992
6,432;0,601063
6,436;0,569405
6,44;0,53323
6,444;0,492786
6,448;0,448356
6,452;0,400252
6,456;0,348815
6,46;0,294414
6,464;0,23744
6,468;0,178307
6,472;0,117445
6,476;0,055301
6,48;0,00766728
6,484;0,0709937
6,488;0,134207
6,492;0,196835
6,496;0,258407
6,5;0,318458
6,504;0,376533
6,508;0,432188
6,512;0,484997
6,516;0,53455
6,52;0,580464
6,524;0,622377
6,528;0,659957
6,532;0,692903
6,536;0,720946
6,54;0,743855
6,544;0,761432
6,548;0,773521
6,552;0,780006
6,556;0,780811
6,56;0,775903
6,564;0,765291
6,568;0,749028
6,572;0,727206
6,576;0,699964
6,58;0,667477
6,584;0,629963
6,588;0,587679
6,592;0,540917
6,596;0,490005
6,6;0,435303
6,604;0,377201
6,608;0,316117
6,612;0,252493
6,616;0,186791
6,62;0,119492
6,624;0,0510913
6,628;0,0179063
6,632;0,0869883
6,636;0,155639
6,64;0,223344
6,644;0,289594
6,648;0,353886
6,652;0,415731
6,656;0,474655
6,66;0,530206
6,664;0,581951
6,668;0,629486
6,672;0,672435
6,676;0,710457
6,68;0,743244
6,684;0,781085
6,688;0,823721
6,692;0,870858
6,696;0,922166
6,7;0,97728
6,704;1,03581
6,708;1,09733
6,712;1,1614
6,716;1,22755
6,72;1,2953
6,724;1,36415
6,728;1,43359
6,732;1,50311
6,736;1,57218
6,74;1,64029
6,744;1,70693
6,748;1,77159
6,752;1,83378
6,756;1,89302
6,76;1,94886
6,764;2,00086
6,768;2,04861
6,772;2,09175
6,776;2,12992
6,78;2,16281
6,784;2,19016
6,788;2,21174
6,792;2,22735
6,796;2,23685
6,8;2,24014
6,804;2,23717
6,808;2,22793
6,812;2,21245
6,816;2,19082
6,82;2,16318
6,824;2,1297
6,828;2,09061
6,832;2,04616
6,836;1,99667
6,84;1,94248
6,844;1,88397
6,848;1,82156
6,852;1,75569
6,856;1,68685
6,86;1,61553
6,864;1,54225
6,868;1,46754
6,872;1,39197
6,876;1,31609
6,88;1,24046
6,884;1,16566
6,888;1,09223
6,892;1,02075
6,896;0,95175
6,9;0,885756
6,904;0,823279
6,908;0,764801
6,912;0,710779
6,916;0,661636
6,92;0,617763
6,924;0,568954
6,928;0,515549
6,932;0,457926
6,936;0,396493
6,94;0,331692
6,944;0,263991
6,948;0,19388
6,952;0,121871
6,956;0,0484942
6,96;0,0257103
6,964;0,100192
6,968;0,174397
6,972;0,247768
6,976;0,319755
6,98;0,389813
6,984;0,45741
6,988;0,522029
6,992;0,583174
6,996;0,640371
7;0,693174
7,004;0,741168
7,008;0,783971
7,012;0,82124
7,016;0,852668
7,02;0,877994
7,024;0,896999
7,028;0,909511
7,032;0,915405
7,036;0,914605
7,04;0,907086
7,044;0,89287
7,048;0,872033
7,052;0,844698
7,056;0,811038
7,06;0,771273
7,064;0,725672
7,068;0,674547
7,072;0,618253
7,076;0,557185
7,08;0,491777
7,084;0,422497
7,088;0,349842
7,092;0,27434
7,096;0,19654
7,1;0,117012
7,104;0,0363418
7,108;0,0448737
7,112;0,126031
7,116;0,206523
7,12;0,285747
7,124;0,363105
7,128;0,438009
7,132;0,509889
7,136;0,578194
7,14;0,642397
7,144;0,701998
7,148;0,75653
7,152;0,805562
7,156;0,859261
7,16;0,917248
7,164;0,979112
7,168;1,04441
7,172;1,11266
7,176;1,18339
7,18;1,25606
7,184;1,33015
7,188;1,40511
7,192;1,48039
7,196;1,55541
7,2;1,62963
7,204;1,70249
7,208;1,77343
7,212;1,84192
7,216;1,90742
7,22;1,96945
7,224;2,02751
7,228;2,08117
7,232;2,12998
7,236;2,17357
7,24;2,21159
7,244;2,24373
7,248;2,26971
7,252;2,28931
7,256;2,30237
7,26;2,30874
7,264;2,30834
7,268;2,30116
7,272;2,28721
7,276;2,26656
7,28;2,23933
7,284;2,2057
7,288;2,16588
7,292;2,12015
7,296;2,06881
7,3;2,01223
7,304;1,95079
7,308;1,88494
7,312;1,81515
7,316;1,74192
7,32;1,66577
7,324;1,58727
7,328;1,50698
7,332;1,42551
7,336;1,34344
7,34;1,2614
7,344;1,17999
7,348;1,09983
7,352;1,02151
7,356;0,94564
7,36;0,872789
7,364;0,803519
7,368;0,738363
7,372;0,677827
7,376;0,622386
7,38;0,561918
7,384;0,496851
7,388;0,42765
7,392;0,354809
7,396;0,278857
7,4;0,200345
7,404;0,119847
7,408;0,0379543
7,412;0,0447277
7,416;0,127586
7,42;0,210002
7,424;0,291359
7,428;0,371044
7,432;0,448455
7,436;0,523001
7,44;0,594114
7,444;0,661245
7,448;0,723874
7,452;0,781512
7,456;0,833704
7,46;0,880035
7,464;0,920131
7,468;0,953661
7,472;0,980346
7,476;0,999951
7,48;1,0123
7,484;1,01726
7,488;1,01476
7,492;1,00479
7,496;0,987375
7,5;0,962622
7,504;0,930674
7,508;0,891738
7,512;0,84607
7,516;0,793978
7,52;0,735821
7,524;0,672004
7,528;0,602976
7,532;0,529227
7,536;0,451286
7,54;0,369715
7,544;0,285105
7,548;0,198072
7,552;0,109257
7,556;0,019312
7,56;0,0710955
7,564;0,161293
7,568;0,250606
7,572;0,338363
7,576;0,423902
7,58;0,506573
7,584;0,585746
7,588;0,660812
7,592;0,731191
7,596;0,796335
7,6;0,866292
7,604;0,940563
7,608;1,01861
7,612;1,09988
7,616;1,18377
7,62;1,26967
7,624;1,35695
7,628;1,44496
7,632;1,53305
7,636;1,62057
7,64;1,70685
7,644;1,79124
7,648;1,87312
7,652;1,95184
7,656;2,02682
7,66;2,09747
7,664;2,16325
7,668;2,22363
7,672;2,27815
7,676;2,32636
7,68;2,36788
7,684;2,40237
7,688;2,42953
7,692;2,44913
7,696;2,46098
7,7;2,46496
7,704;2,461
7,708;2,44909
7,712;2,42929
7,716;2,40169
7,72;2,36648
7,724;2,32388
7,728;2,27416
7,732;2,21768
7,736;2,15481
7,74;2,08599
7,744;2,01172
7,748;1,93251
7,752;1,84894
7,756;1,76161
7,76;1,67116
7,764;1,57824
7,768;1,48353
7,772;1,38774
7,776;1,29158
7,78;1,19575
7,784;1,10099
7,788;1,00799
7,792;0,917469
7,796;0,830108
7,8;0,746576
7,804;0,667515
7,808;0,593537
7,812;0,514659
7,816;0,431446
7,82;0,344499
7,824;0,25445
7,828;0,161955
7,832;0,0676937
7,836;0,0276386
7,84;0,123335
7,844;0,218683
7,848;0,312969
7,852;0,405484
7,856;0,495529
7,86;0,582419
7,864;0,665491
7,868;0,744105
7,872;0,817654
7,876;0,885564
7,88;0,9473
7,884;1,00237
7,888;1,05034
7,892;1,09081
7,896;1,12344
7,9;1,14795
7,904;1,16412
7,908;1,17179
7,912;1,17086
7,916;1,16129
7,92;1,14313
7,924;1,11645
7,928;1,08142
7,932;1,03826
7,936;0,987259
7,94;0,928752
7,944;0,863142
7,948;0,790886
7,952;0,71249
7,956;0,628512
7,96;0,539551
7,964;0,446247
7,968;0,349277
7,972;0,249346
7,976;0,147187
7,98;0,0435521
7,984;0,0607926
7,988;0,165071
7,992;0,268504
7,996;0,370316
8;0,469739
8,004;0,566018
8,008;0,65842
8,012;0,746236
8,016;0,828788
8,02;0,915995
8,024;1,00723
8,028;1,10182
8,032;1,19909
8,036;1,29832
8,04;1,39878
8,044;1,49972
8,048;1,6004
8,052;1,70005
8,056;1,79794
8,06;1,89332
8,064;1,98546
8,068;2,07367
8,072;2,15726
8,076;2,2356
8,08;2,30806
8,084;2,37409
8,088;2,43315
8,092;2,48478
8,096;2,52854
8,1;2,56408
8,104;2,5911
8,108;2,60934
8,112;2,61864
8,116;2,61887
8,12;2,60999
8,124;2,59204
8,128;2,56508
8,132;2,52929
8,136;2,4849
8,14;2,43218
8,144;2,37149
8,148;2,30325
8,152;2,22793
8,156;2,14607
8,16;2,05823
8,164;1,96505
8,168;1,86719
8,172;1,76537
8,176;1,66033
8,18;1,55283
8,184;1,44366
8,188;1,33364
8,192;1,22358
8,196;1,11431
8,2;1,00663
8,204;0,901367
8,208;0,799315
8,212;0,701251
8,216;0,607927
8,22;0,509502
8,224;0,406688
8,228;0,30023
8,232;0,190907
8,236;0,0795201
8,24;0,0331083
8,244;0,146143
8,248;0,258743
8,252;0,370064
8,256;0,479269
8,26;0,585533
8,264;0,688049
8,268;0,786032
8,272;0,878729
8,276;0,965424
8,28;1,04544
8,284;1,11815
8,288;1,18297
8,292;1,23938
8,296;1,28692
8,3;1,32519
8,304;1,35387
8,308;1,37268
8,312;1,38146
8,316;1,38007
8,32;1,36848
8,324;1,34674
8,328;1,31494
8,332;1,27329
8,336;1,22205
8,34;1,16154
8,344;1,09219
8,348;1,01446
8,352;0,928901
8,356;0,836106
8,36;0,736735
8,364;0,6315
8,368;0,521157
8,372;0,406507
8,376;0,288384
8,38;0,167654
8,384;0,0452054
8,388;0,078055
8,392;0,201211
8,396;0,323343
8,4;0,443533
8,404;0,560876
8,408;0,674481
8,412;0,783482
8,416;0,887042
8,42;0,994924
8,424;1,10634
8,428;1,22048
8,432;1,3365
8,436;1,45354
8,44;1,57073
8,444;1,68721
8,448;1,8021
8,452;1,91453
8,456;2,02364
8,46;2,12862
8,464;2,22866
8,468;2,32298
8,472;2,41086
8,476;2,4916
8,48;2,56457
8,484;2,62919
8,488;2,68494
8,492;2,73135
8,496;2,76803
8,5;2,79467
8,504;2,81102
8,508;2,81691
8,512;2,81223
8,516;2,79699
8,52;2,77123
8,524;2,7351
8,528;2,68882
8,532;2,63269
8,536;2,56708
8,54;2,49243
8,544;2,40927
8,548;2,31815
8,552;2,21974
8,556;2,11473
8,56;2,00387
8,564;1,88797
8,568;1,76785
8,572;1,64441
8,576;1,51854
8,58;1,39118
8,584;1,26326
8,588;1,13575
8,592;1,00958
8,596;0,885722
8,6;0,7651
8,604;0,648633
8,608;0,53721
8,612;0,421127
8,616;0,30123
8,62;0,178395
8,624;0,0535256
8,628;0,0724562
8,632;0,198615
8,636;0,324009
8,64;0,447699
8,644;0,568754
8,648;0,686255
8,652;0,79931
8,656;0,907052
8,66;1,00865
8,664;1,10332
8,668;1,19032
8,672;1,26896
8,676;1,33862
8,68;1,39873
8,684;1,4488
8,688;1,4884
8,692;1,5172
8,696;1,53491
8,7;1,54137
8,704;1,53646
8,708;1,52016
8,712;1,49255
8,716;1,45378
8,72;1,40408
8,724;1,34377
8,728;1,27325
8,732;1,193
8,736;1,10357
8,74;1,00558
8,744;0,899725
8,748;0,786759
8,752;0,667489
8,756;0,542776
8,76;0,413524
8,764;0,280678
8,768;0,145211
8,772;0,00812359
8,776;0,12957
8,78;0,266844
8,784;0,402671
8,788;0,53603
8,792;0,665914
8,796;0,791336
8,8;0,911339
8,804;1,03556
8,808;1,16309
8,812;1,29299
8,816;1,42431
8,82;1,55608
8,824;1,6873
8,828;1,817
8,832;1,9442
8,836;2,06794
8,84;2,18728
8,844;2,30131
8,848;2,40915
8,852;2,50997
8,856;2,60297
8,86;2,68743
8,864;2,76268
8,868;2,8281
8,872;2,88318
8,876;2,92743
8,88;2,96048
8,884;2,98204
8,888;2,99187
8,892;2,98987
8,896;2,97597
8,9;2,95023
8,904;2,91279
8,908;2,86387
8,912;2,80377
8,916;2,7329
8,92;2,65173
8,924;2,56081
8,928;2,46078
8,932;2,35235
8,936;2,23628
8,94;2,1134
8,944;1,98459
8,948;1,8508
8,952;1,71299
8,956;1,57217
8,96;1,42939
8,964;1,28569
8,968;1,14215
8,972;0,999844
8,976;0,859832
8,98;0,723175
8,984;0,590908
8,988;0,46404
8,992;0,332986
8,996;0,198703
9;0,0621781
9,004;0,075579
9,008;0,213546
9,012;0,350694
9,016;0,485995
9,02;0,61843
9,024;0,746996
9,028;0,870715
9,032;0,988639
9,036;1,09986
9,04;1,20352
9,044;1,2988
9,048;1,38495
9,052;1,46129
9,056;1,5272
9,06;1,58213
9,064;1,62563
9,068;1,65731
9,072;1,67689
9,076;1,68414
9,08;1,67898
9,084;1,66136
9,088;1,63137
9,092;1,58916
9,096;1,535
9,1;1,46924
9,104;1,3923
9,108;1,3047
9,112;1,20706
9,116;1,10005
9,12;0,984428
9,124;0,861011
9,128;0,730687
9,132;0,594394
9,136;0,453123
9,14;0,307903
9,144;0,159799
9,148;0,0099055
9,152;0,140669
9,156;0,290802
9,16;0,439372
9,164;0,585261
9,168;0,727368
9,172;0,864612
9,176;1,00651
9,18;1,15201
9,184;1,30006
9,188;1,44956
9,192;1,5994
9,196;1,74846
9,2;1,89563
9,204;2,0398
9,208;2,17987
9,212;2,31479
9,216;2,44352
9,22;2,56507
9,224;2,67849
9,228;2,78291
9,232;2,87749
9,236;2,96149
9,24;3,03423
9,244;3,09511
9,248;3,14361
9,252;3,17932
9,256;3,20191
9,26;3,21115
9,264;3,2069
9,268;3,18914
9,272;3,15792
9,276;3,11342
9,28;3,0559
9,284;2,98574
9,288;2,90339
9,292;2,80942
9,296;2,70446
9,3;2,58926
9,304;2,46461
9,308;2,33141
9,312;2,19061
9,316;2,04322
9,32;1,89032
9,324;1,73301
9,328;1,57246
9,332;1,40984
9,336;1,24635
9,34;1,08323
9,344;0,921677
9,348;0,762915
9,352;0,608141
9,356;0,458529
9,36;0,304663
9,364;0,14767
9,368;0,0112919
9,372;0,171046
9,376;0,330403
9,38;0,488171
9,384;0,643164
9,388;0,794212
9,392;0,940168
9,396;1,07992
9,4;1,21239
9,404;1,33656
9,408;1,45145
9,412;1,55618
9,416;1,6499
9,42;1,73186
9,424;1,8014
9,428;1,85793
9,432;1,90098
9,436;1,93015
9,44;1,94517
9,444;1,94585
9,448;1,93211
9,452;1,90399
9,456;1,86164
9,46;1,80529
9,464;1,73531
9,468;1,65215
9,472;1,55637
9,476;1,44862
9,48;1,32965
9,484;1,20029
9,488;1,06146
9,492;0,914156
9,496;0,75943
9,5;0,598405
9,504;0,432252
9,508;0,262186
9,512;0,0894602
9,516;0,0846498
9,52;0,25885
9,524;0,431841
9,528;0,602325
9,532;0,769016
9,536;0,930653
9,54;1,09656
9,544;1,26553
9,548;1,4363
9,552;1,60761
9,556;1,77819
9,56;1,94676
9,564;2,11205
9,568;2,27281
9,572;2,42781
9,576;2,57588
9,58;2,71587
9,584;2,8467
9,588;2,96735
9,592;3,07687
9,596;3,17439
9,6;3,25912
9,604;3,33036
9,608;3,38753
9,612;3,43013
9,616;3,45776
9,62;3,47016
9,624;3,46715
9,628;3,44869
9,632;3,41483
9,636;3,36576
9,64;3,30177
9,644;3,22327
9,648;3,13076
9,652;3,02489
9,656;2,90636
9,66;2,77602
9,664;2,63476
9,668;2,4836
9,672;2,32362
9,676;2,15597
9,68;1,98186
9,684;1,80256
9,688;1,61939
9,692;1,43369
9,696;1,24685
9,7;1,06024
9,704;0,875273
9,708;0,693325
9,712;0,515773
9,716;0,333404
9,72;0,147558
9,724;0,0403954
9,728;0,229062
9,732;0,417038
9,736;0,602915
9,74;0,785295
9,744;0,962801
9,748;1,13408
9,752;1,29783
9,756;1,45279
9,76;1,59776
9,764;1,7316
9,768;1,85328
9,772;1,96181
9,776;2,05633
9,78;2,13606
9,784;2,20034
9,788;2,24861
9,792;2,28043
9,796;2,29549
9,8;2,2936
9,804;2,27469
9,808;2,23882
9,812;2,18617
9,816;2,11706
9,82;2,03192
9,824;1,93131
9,828;1,81592
9,832;1,68652
9,836;1,54403
9,84;1,38943
9,844;1,22383
9,848;1,04841
9,852;0,864438
9,856;0,673238
9,86;0,476206
9,864;0,274786
9,868;0,0704611
9,872;0,135258
9,876;0,340841
9,88;0,544753
9,884;0,745463
9,888;0,941458
9,892;1,14181
9,896;1,34504
9,9;1,54966
9,904;1,75413
9,908;1,95693
9,912;2,15654
9,916;2,35145
9,92;2,54019
9,924;2,72131
9,928;2,89343
9,932;3,05521
9,936;3,20541
9,94;3,34284
9,944;3,46642
9,948;3,57515
9,952;3,66816
9,956;3,74467
9,96;3,80403
9,964;3,84573
9,968;3,86935
9,972;3,87464
9,976;3,86148
9,98;3,82986
9,984;3,77994
9,988;3,71201
9,992;3,62648
9,996;3,52391
10;3,40498
10,004;3,2705
10,008;3,1214
10,012;2,95873
10,016;2,78363
10,02;2,59735
10,024;2,40123
10,028;2,19669
10,032;1,98521
10,036;1,76833
10,04;1,54766
10,044;1,32482
10,048;1,10147
10,052;0,879264
10,056;0,659874
10,06;0,444949
10,064;0,225558
10,068;0,00331618
10,072;0,22013
10,076;0,443119
10,08;0,663982
10,084;0,881061
10,088;1,09272
10,092;1,29734
10,096;1,49338
10,1;1,67931
10,104;1,85372
10,108;2,01523
10,112;2,16259
10,116;2,29461
10,12;2,41026
10,124;2,50857
10,128;2,58874
10,132;2,65007
10,136;2,69203
10,14;2,7142
10,144;2,71633
10,148;2,69829
10,152;2,66014
10,156;2,60205
10,16;2,52437
10,164;2,42758
10,168;2,31231
10,172;2,17934
10,176;2,02957
10,18;1,86404
10,184;1,68391
10,188;1,49045
10,192;1,28506
10,196;1,06919
10,2;0,844417
10,204;0,612374
10,208;0,374757
10,212;0,133315
10,216;0,110168
10,22;0,353884
10,224;0,596015
10,228;0,834744
10,232;1,06827
10,236;1,30539
10,24;1,54435
10,244;1,78337
10,248;2,02067
10,252;2,25447
10,256;2,483
10,26;2,70453
10,264;2,91738
10,268;3,11992
10,272;3,31057
10,276;3,48787
10,28;3,65043
10,284;3,79695
10,288;3,92628
10,292;4,03735
10,296;4,12926
10,3;4,20123
10,304;4,25262
10,308;4,28294
10,312;4,29188
10,316;4,27927
10,32;4,24508
10,324;4,18949
10,328;4,11279
10,332;4,01546
10,336;3,89812
10,34;3,76157
10,344;3,60672
10,348;3,43464
10,352;3,24654
10,356;3,04373
10,36;2,82768
10,364;2,59992
10,368;2,3621
10,372;2,11595
10,376;1,86327
10,38;1,60591
10,384;1,34576
10,388;1,08477
10,392;0,824868
10,396;0,568007
10,4;0,316119
10,404;0,0605484
10,408;0,196814
10,412;0,454056
10,416;0,709255
10,42;0,960497
10,424;1,20589
10,428;1,44356
10,432;1,67171
10,436;1,88859
10,44;2,09252
10,444;2,28192
10,448;2,4553
10,452;2,61129
10,456;2,74865
10,46;2,86626
10,464;2,96315
10,468;3,03848
10,472;3,09161
10,476;3,12202
10,48;3,12937
10,484;3,11351
10,488;3,07444
10,492;3,01234
10,496;2,92756
10,5;2,82063
10,504;2,69224
10,508;2,54324
10,512;2,37465
10,516;2,18764
10,52;1,9835
10,524;1,76369
10,528;1,52977
10,532;1,28341
10,536;1,02641
10,54;0,760616
10,544;0,487983
10,548;0,210512
10,552;0,0697509
10,556;0,350725
10,56;0,630315
10,564;0,906428
10,568;1,17699
10,572;1,4505
10,576;1,72494
10,58;1,99827
10,584;2,26843
10,588;2,53341
10,592;2,79118
10,596;3,03979
10,6;3,27735
10,604;3,50202
10,608;3,71207
10,612;3,90586
10,616;4,08186
10,62;4,23868
10,624;4,37504
10,628;4,48984
10,632;4,58211
10,636;4,65106
10,64;4,69605
10,644;4,71665
10,648;4,71257
10,652;4,68373
10,656;4,63023
10,66;4,55234
10,664;4,45054
10,668;4,32547
10,672;4,17794
10,676;4,00895
10,68;3,81967
10,684;3,61141
10,688;3,38562
10,692;3,14392
10,696;2,88804
10,7;2,6198
10,704;2,34116
10,708;2,05416
10,712;1,76088
10,716;1,46349
10,72;1,16419
10,724;0,865216
10,728;0,568789
10,732;0,277138
10,736;0,0180959
10,74;0,314724
10,744;0,61054
10,748;0,90333
10,752;1,19089
10,756;1,47106
10,76;1,7417
10,764;2,00074
10,768;2,24621
10,772;2,47619
10,776;2,6889
10,78;2,88267
10,784;3,05596
10,788;3,20738
10,792;3,33568
10,796;3,43981
10,8;3,51887
10,804;3,57215
10,808;3,59912
10,812;3,59947
10,816;3,57305
10,82;3,51994
10,824;3,4404
10,828;3,33491
10,832;3,20412
10,836;3,0489
10,84;2,87028
10,844;2,66948
10,848;2,4479
10,852;2,20709
10,856;1,94876
10,86;1,67476
10,864;1,38704
10,868;1,0877
10,872;0,778916
10,876;0,462947
10,88;0,142117
10,884;0,181201
10,888;0,504604
10,892;0,825679
10,896;1,14202
10,9;1,46179
10,904;1,78264
10,908;2,10215
10,912;2,41796
10,916;2,72767
10,92;3,02894
10,924;3,3195
10,928;3,5971
10,932;3,85963
10,936;4,10505
10,94;4,33144
10,944;4,53702
10,948;4,72016
10,952;4,87938
10,956;5,01338
10,96;5,12103
10,964;5,20141
10,968;5,25379
10,972;5,27763
10,976;5,27263
10,98;5,23868
10,984;5,1759
10,988;5,08462
10,992;4,96538
10,996;4,81894
11;4,64626
11,004;4,44851
11,008;4,22704
11,012;3,98339
11,016;3,71928
11,02;3,43657
11,024;3,13729
11,028;2,8236
11,032;2,49776
11,036;2,16216
11,04;1,81925
11,044;1,47156
11,048;1,12165
11,052;0,772137
11,056;0,425628
11,06;0,0847227
11,064;0,258564
11,068;0,601682
11,072;0,942066
11,076;1,27716
11,08;1,60445
11,084;1,92143
11,088;2,22571
11,092;2,51494
11,096;2,78689
11,1;3,03946
11,104;3,27065
11,108;3,47865
11,112;3,66178
11,116;3,81857
11,12;3,9477
11,124;4,0481
11,128;4,11886
11,132;4,15933
11,136;4,16904
11,14;4,14779
11,144;4,09557
11,148;4,01264
11,152;3,89946
11,156;3,75674
11,16;3,58539
11,164;3,38657
11,168;3,16161
11,172;2,91208
11,176;2,63973
11,18;2,34647
11,184;2,0344
11,188;1,70575
11,192;1,3629
11,196;1,00834
11,2;0,644661
11,204;0,274538
11,208;0,0992978
11,212;0,474073
11,216;0,846995
11,22;1,21527
11,224;1,58668
11,228;1,95848
11,232;2,32788
11,236;2,69213
11,24;3,04846
11,244;3,39419
11,248;3,72668
11,252;4,04339
11,256;4,34188
11,26;4,61982
11,264;4,87505
11,268;5,10555
11,272;5,30949
11,276;5,4852
11,28;5,63125
11,284;5,7464
11,288;5,82964
11,292;5,8802
11,296;5,89754
11,3;5,88137
11,304;5,83167
11,308;5,74862
11,312;5,6327
11,316;5,48461
11,32;5,30531
11,324;5,09598
11,328;4,85804
11,332;4,59313
11,336;4,3031
11,34;3,99
11,344;3,65605
11,348;3,30364
11,352;2,93532
11,356;2,55376
11,36;2,16175
11,364;1,76216
11,368;1,35794
11,372;0,952087
11,376;0,547625
11,38;0,147579
11,384;0,255602
11,388;0,658923
11,392;1,05937
11,396;1,45395
11,4;1,83968
11,404;2,21363
11,408;2,57297
11,412;2,91493
11,416;3,23688
11,42;3,53632
11,424;3,8109
11,428;4,05847
11,432;4,27703
11,436;4,46482
11,44;4,62028
11,444;4,74211
11,448;4,82923
11,452;4,88082
11,456;4,89632
11,46;4,87546
11,464;4,8182
11,468;4,72481
11,472;4,59581
11,476;4,43198
11,48;4,23439
11,484;4,00434
11,488;3,74341
11,492;3,45338
11,496;3,13629
11,5;2,79438
11,504;2,43007
11,508;2,04598
11,512;1,64488
11,516;1,22969
11,52;0,803441
11,524;0,369258
11,528;0,0696534
11,532;0,510038
11,536;0,948615
11,54;1,3821
11,544;1,8178
11,548;2,25245
11,552;2,68283
11,556;3,10568
11,56;3,51782
11,564;3,91612
11,568;4,29753
11,572;4,65914
11,576;4,99814
11,58;5,31189
11,584;5,59793
11,588;5,854
11,592;6,07803
11,596;6,2682
11,6;6,42292
11,604;6,54088
11,608;6,62101
11,612;6,66254
11,616;6,66496
11,62;6,62808
11,624;6,55197
11,628;6,43703
11,632;6,28391
11,636;6,09359
11,64;5,86731
11,644;5,60657
11,648;5,31317
11,652;4,98913
11,656;4,63673
11,66;4,25846
11,664;3,85703
11,668;3,43532
11,672;2,99638
11,676;2,54341
11,68;2,07972
11,684;1,60872
11,688;1,1339
11,692;0,658772
11,696;0,186894
11,7;0,288757
11,704;0,764649
11,708;1,23723
11,712;1,70295
11,716;2,15831
11,72;2,59985
11,724;3,02421
11,728;3,42814
11,732;3,80852
11,736;4,16241
11,74;4,48703
11,744;4,77982
11,748;5,03843
11,752;5,26078
11,756;5,44503
11,76;5,58963
11,764;5,69329
11,768;5,75505
11,772;5,77426
11,776;5,75055
11,78;5,68391
11,784;5,57461
11,788;5,42329
11,792;5,23085
11,796;4,99855
11,8;4,72793
11,804;4,42081
11,808;4,07933
11,812;3,70586
11,816;3,30305
11,82;2,87374
11,824;2,42104
11,828;1,9482
11,832;1,45865
11,836;0,955976
11,84;0,443865
11,844;0,0739057
11,848;0,593497
11,852;1,11104
11,856;1,62265
11,86;2,13505
11,864;2,64442
11,868;3,14693
11,872;3,63881
11,876;4,11632
11,88;4,57583
11,884;5,01383
11,888;5,42695
11,892;5,81197
11,896;6,16588
11,9;6,48591
11,904;6,76949
11,908;7,01433
11,912;7,21842
11,916;7,38004
11,92;7,49777
11,924;7,57054
11,928;7,59757
11,932;7,57845
11,936;7,5131
11,94;7,40178
11,944;7,24511
11,948;7,04404
11,952;6,79985
11,956;6,51417
11,96;6,18892
11,964;5,82634
11,968;5,42897
11,972;4,9996
11,976;4,54128
11,98;4,05731
11,984;3,55116
11,988;3,02651
11,992;2,4872
11,996;1,93717
12;1,38048
