0,003;0
0,006;6,36396e-05
0,009;0,000190792
0,012;0,000380871
0,015;0,000632835
0,018;0,000945194
0,021;0,00131601
0,024;0,00174292
0,027;0,00222314
0,03;0,00275349
0,033;0,00333041
0,036;0,00394999
0,039;0,004608
0,042;0,00529989
0,045;0,00602085
0,048;0,00676586
0,051;0,00752966
0,054;0,00830686
0,057;0,00909194
0,06;0,00987927
0,063;0,0106632
0,066;0,0114381
0,069;0,0121983
0,072;0,0129382
0,075;0,0136525
0,078;0,0143359
0,081;0,0149832
0,084;0,0155896
0,087;0,0161506
0,09;0,0166619
0,093;0,0171195
0,096;0,0175199
0,099;0,0178598
0,102;0,0181365
0,105;0,0183478
0,108;0,0184917
0,111;0,0185668
0,114;0,0185723
0,117;0,0185077
0,12;0,0183732
0,123;0,0181693
0,126;0,0178972
0,129;0,0175585
0,132;0,0171552
0,135;0,0166899
0,138;0,0161657
0,141;0,015586
0,144;0,0149547
0,147;0,0142761
0,15;0,0135548
0,153;0,0127959
0,156;0,0120044
0,159;0,0111861
0,162;0,0103466
0,165;0,00949192
0,168;0,00862807
0,171;0,00776124
0,174;0,00689766
0,177;0,00604357
0,18;0,00520517
0,183;0,00438856
0,186;0,00359975
0,189;0,00284457
0,192;0,00212861
0,195;0,00145724
0,198;0,000835535
0,201;0,000268217
0,204;0,000240343
0,207;0,000686178
0,21;0,00106575
0,213;0,00137598
0,216;0,00161428
0,219;0,00177856
0,222;0,00186725
0,225;0,00187931
0,228;0,00181427
0,231;0,00167218
0,234;0,00145368
0,237;0,00115993
0,24;0,000792666
0,243;0,000354145
0,246;0,000152846
0,249;0,000725012
0,252;0,00135857
0,255;0,00204929
0,258;0,00279248
0,261;0,00358306
0,264;0,00441561
0,267;0,00528432
0,27;0,00618315
0,273;0,00710577
0,276;0,00804567
0,279;0,00899617
0,282;0,00995047
0,285;0,0109017
0,288;0,0118431
0,291;0,0127677
0,294;0,0136689
0,297;0,0145399
0,3;0,0153744
0,303;0,0161663
0,306;0,0169094
0,309;0,0175984
0,312;0,0182278
0,315;0,0187929
0,318;0,0192893
0,321;0,0197131
0,324;0,0200607
0,327;0,0203293
0,33;0,0205166
0,333;0,0206209
0,336;0,0206408
0,339;0,0205758
0,342;0,020426
0,345;0,020192
0,348;0,019875
0,351;0,019477
0,354;0,0190002
0,357;0,0184479
0,36;0,0178234
0,363;0,017131
0,366;0,0163754
0,369;0,0155615
0,372;0,014695
0,375;0,0137818
0,378;0,0128283
0,381;0,0118411
0,384;0,0108272
0,387;0,00979363
0,39;0,00874785
0,393;0,00769729
0,396;0,00664948
0,399;0,00561198
0,402;0,00459233
0,405;0,00359794
0,408;0,00263612
0,411;0,00171396
0,414;0,000838302
0,417;1,5695e-05
0,42;0,000747663
0,423;0,00144597
0,426;0,00207385
0,429;0,00262643
0,432;0,00309934
0,435;0,00348874
0,438;0,00379142
0,441;0,00400473
0,444;0,00412667
0,447;0,0041559
0,45;0,00409172
0,453;0,0039341
0,456;0,0036837
0,459;0,00334183
0,462;0,00291049
0,465;0,00239231
0,468;0,00179057
0,471;0,00110917
0,474;0,000352596
0,477;0,000474087
0,48;0,00136529
0,483;0,00231495
0,486;0,00331651
0,489;0,00436304
0,492;0,00544724
0,495;0,00656149
0,498;0,00769794
0,501;0,00884851
0,504;0,010005
0,507;0,0111591
0,51;0,0123025
0,513;0,0134269
0,516;0,0145241
0,519;0,0155861
0,522;0,016605
0,525;0,0175733
0,528;0,0184838
0,531;0,0193296
0,534;0,0201042
0,537;0,0208017
0,54;0,0214167
0,543;0,0219444
0,546;0,0223804
0,549;0,0227213
0,552;0,0229639
0,555;0,0231061
0,558;0,0231463
0,561;0,0230837
0,564;0,0229182
0,567;0,0226505
0,57;0,022282
0,573;0,0218147
0,576;0,0212516
0,579;0,0205962
0,582;0,0198527
0,585;0,0190261
0,588;0,0181218
0,591;0,0171459
0,594;0,0161052
0,597;0,0150068
0,6;0,0138582
0,603;0,0126676
0,606;0,0114431
0,609;0,0101936
0,612;0,00892777
0,615;0,00765474
0,618;0,00638362
0,621;0,00512357
0,624;0,00388372
0,627;0,00267309
0,63;0,00150057
0,633;0,00037478
0,636;0,000695921
0,639;0,00170354
0,642;0,00264049
0,645;0,00349967
0,648;0,00427447
0,651;0,00495889
0,654;0,00554752
0,657;0,00603563
0,66;0,00641919
0,663;0,00669488
0,666;0,00686016
0,669;0,00691327
0,672;0,00685324
0,675;0,00667991
0,678;0,00639395
0,681;0,00599682
0,684;0,00549082
0,687;0,004879
0,69;0,00416524
0,693;0,00335414
0,696;0,00245103
0,699;0,00146194
0,702;0,000393537
0,705;0,000746894
0,708;0,00195152
0,711;0,00321199
0,714;0,00451953
0,717;0,00586498
0,72;0,00723882
0,723;0,00863134
0,726;0,0100326
0,729;0,0114325
0,732;0,0128211
0,735;0,0141882
0,738;0,0155239
0,741;0,0168184
0,744;0,0180621
0,747;0,019246
0,75;0,020361
0,753;0,0213989
0,756;0,0223518
0,759;0,0232123
0,762;0,0239738
0,765;0,0246303
0,768;0,0251766
0,771;0,025608
0,774;0,0259209
0,777;0,0261125
0,78;0,0261807
0,783;0,0261244
0,786;0,0259433
0,789;0,0256381
0,792;0,0252104
0,795;0,0246627
0,798;0,0239981
0,801;0,0232209
0,804;0,0223361
0,807;0,0213496
0,81;0,0202678
0,813;0,0190981
0,816;0,0178485
0,819;0,0165275
0,822;0,0151443
0,825;0,0137085
0,828;0,0122301
0,831;0,0107197
0,834;0,00918786
0,837;0,00764554
0,84;0,0061038
0,843;0,00457372
0,846;0,0030664
0,849;0,00159281
0,852;0,000163721
0,855;0,00121034
0,858;0,00251919
0,861;0,00375306
0,864;0,0049027
0,867;0,00595937
0,87;0,00691498
0,873;0,00776214
0,876;0,00849418
0,879;0,00910523
0,882;0,00959026
0,885;0,00994512
0,888;0,0101666
0,891;0,0102524
0,894;0,0102011
0,897;0,0100125
0,9;0,00968722
0,903;0,00922684
0,906;0,00863399
0,909;0,00791226
0,912;0,00706616
0,915;0,00610115
0,918;0,00502356
0,921;0,00384055
0,924;0,00256009
0,927;0,00119091
0,93;0,000257609
0,933;0,00177544
0,936;0,00335203
0,939;0,00497632
0,942;0,00663686
0,945;0,00832189
0,948;0,0100194
0,951;0,0117173
0,954;0,0134032
0,957;0,0150651
0,96;0,0166907
0,963;0,0182683
0,966;0,0197862
0,969;0,0212332
0,972;0,0225984
0,975;0,0238717
0,978;0,0250434
0,981;0,0261045
0,984;0,0270467
0,987;0,0278628
0,99;0,0285462
0,993;0,0290912
0,996;0,0294933
0,999;0,0297487
1,002;0,0298549
1,005;0,0298103
1,008;0,0296145
1,011;0,0292682
1,014;0,0287729
1,017;0,0281315
1,02;0,0273479
1,023;0,0264269
1,026;0,0253745
1,029;0,0241976
1,032;0,0229039
1,035;0,0215023
1,038;0,0200022
1,041;0,018414
1,044;0,0167485
1,047;0,0150174
1,05;0,0132329
1,053;0,0114074
1,056;0,00955395
1,059;0,0076857
1,062;0,00581604
1,065;0,00395842
1,068;0,00212628
1,071;0,000332939
1,074;0,00140848
1,077;0,00308518
1,08;0,00468474
1,083;0,00619525
1,086;0,00760536
1,089;0,00890442
1,092;0,0100825
1,095;0,0111304
1,098;0,01204
1,101;0,0128041
1,104;0,0134162
1,107;0,0138713
1,11;0,0141653
1,113;0,0142952
1,116;0,0142591
1,119;0,0140566
1,122;0,0136882
1,125;0,0131557
1,128;0,012462
1,131;0,0116114
1,134;0,0106091
1,137;0,00946156
1,14;0,0081763
1,143;0,00676184
1,146;0,00522771
1,149;0,00358431
1,152;0,00184293
1,155;1,55789e-05
1,158;0,00188502
1,161;0,00384558
1,164;0,00585228
1,167;0,00789091
1,17;0,00994698
1,173;0,0120058
1,176;0,0140524
1,179;0,0160722
1,182;0,0180504
1,185;0,0199726
1,188;0,0218246
1,191;0,0235927
1,194;0,0252638
1,197;0,0268254
1,2;0,0282655
1,203;0,0295733
1,206;0,0307386
1,209;0,0317522
1,212;0,0326062
1,215;0,0332934
1,218;0,0338082
1,221;0,0341459
1,224;0,0343031
1,227;0,0342778
1,23;0,0340692
1,233;0,0336778
1,236;0,0331056
1,239;0,0323557
1,242;0,0314325
1,245;0,0303419
1,248;0,0290908
1,251;0,0276874
1,254;0,026141
1,257;0,0244619
1,26;0,0226616
1,263;0,0207525
1,266;0,0187476
1,269;0,016661
1,272;0,0145072
1,275;0,0123014
1,278;0,0100592
1,281;0,00779649
1,284;0,00552957
1,287;0,00327469
1,29;0,00104815
1,293;0,00113388
1,296;0,00325545
1,299;0,00530098
1,302;0,00725534
1,305;0,00910398
1,308;0,010833
1,311;0,0124295
1,314;0,013881
1,317;0,0151766
1,32;0,016306
1,323;0,0172602
1,326;0,0180315
1,329;0,0186133
1,332;0,0190004
1,335;0,0191892
1,338;0,0191771
1,341;0,0189632
1,344;0,0185481
1,347;0,0179336
1,35;0,0171232
1,353;0,0161216
1,356;0,0149351
1,359;0,0135712
1,362;0,0120389
1,365;0,0103484
1,368;0,00851084
1,371;0,00653885
1,374;0,00444588
1,377;0,00224638
1,38;4,43677e-05
1,383;0,00241035
1,386;0,00483492
1,389;0,00730093
1,392;0,00979083
1,395;0,0122868
1,398;0,014771
1,401;0,0172253
1,404;0,0196321
1,407;0,0219736
1,41;0,0242328
1,413;0,0263928
1,416;0,0284377
1,419;0,0303521
1,422;0,0321216
1,425;0,0337327
1,428;0,0351728
1,431;0,0364309
1,434;0,0374969
1,437;0,038362
1,44;0,0390191
1,443;0,0394623
1,446;0,0396873
1,449;0,0396914
1,452;0,0394734
1,455;0,0390337
1,458;0,0383742
1,461;0,0374987
1,464;0,0364123
1,467;0,0351217
1,47;0,0336352
1,473;0,0319624
1,476;0,0301144
1,479;0,0281036
1,482;0,0259436
1,485;0,0236493
1,488;0,0212364
1,491;0,0187217
1,494;0,0161228
1,497;0,0134579
1,5;0,0107458
1,503;0,008006
1,506;0,0052579
1,509;0,00252129
1,512;0,00018406
1,515;0,00283851
1,518;0,00542269
1,521;0,00791763
1,524;0,0103049
1,527;0,0125667
1,53;0,0146862
1,533;0,0166473
1,536;0,0184352
1,539;0,0200359
1,542;0,0214371
1,545;0,0226275
1,548;0,0235976
1,551;0,0243392
1,554;0,0248458
1,557;0,0251125
1,56;0,0251361
1,563;0,0249153
1,566;0,0244502
1,569;0,023743
1,572;0,0227976
1,575;0,0216195
1,578;0,020216
1,581;0,0185959
1,584;0,0167699
1,587;0,0147501
1,59;0,0125498
1,593;0,0101842
1,596;0,00766927
1,599;0,00502241
1,602;0,00226199
1,605;0,000592716
1,608;0,00352163
1,611;0,00650407
1,614;0,00951882
1,617;0,0125444
1,62;0,0155589
1,623;0,0185408
1,626;0,0214683
1,629;0,0243202
1,632;0,0270753
1,635;0,0297136
1,638;0,0322152
1,641;0,0345615
1,644;0,0367348
1,647;0,0387186
1,65;0,0404976
1,653;0,0420578
1,656;0,043387
1,659;0,0444744
1,662;0,0453108
1,665;0,045889
1,668;0,0462035
1,671;0,0462505
1,674;0,0460284
1,677;0,0455375
1,68;0,0447797
1,683;0,0437592
1,686;0,042482
1,689;0,0409559
1,692;0,0391906
1,695;0,0371976
1,698;0,0349901
1,701;0,0325828
1,704;0,029992
1,707;0,0272355
1,71;0,0243321
1,713;0,0213021
1,716;0,0181667
1,719;0,0149477
1,722;0,0116681
1,725;0,00835097
1,728;0,00502014
1,731;0,00169949
1,734;0,00158703
1,737;0,00481557
1,74;0,00796259
1,743;0,011005
1,746;0,0139204
1,749;0,016687
1,752;0,0192843
1,755;0,0216925
1,758;0,0238935
1,761;0,0258702
1,764;0,0276073
1,767;0,0290911
1,77;0,0303094
1,773;0,0312523
1,776;0,0319113
1,779;0,0322804
1,782;0,0323554
1,785;0,0321341
1,788;0,0316167
1,791;0,0308053
1,794;0,0297043
1,797;0,02832
1,8;0,026661
1,803;0,0247378
1,806;0,0225628
1,809;0,0201504
1,812;0,0175167
1,815;0,0146796
1,818;0,0116584
1,821;0,00847391
1,824;0,00514821
1,827;0,0017045
1,83;0,00183302
1,833;0,00543938
1,836;0,00908897
1,839;0,0127557
1,842;0,0164134
1,845;0,0200355
1,848;0,0235958
1,851;0,0270684
1,854;0,0304278
1,857;0,0336492
1,86;0,0367088
1,863;0,0395836
1,866;0,042252
1,869;0,0446936
1,872;0,0468899
1,875;0,0488235
1,878;0,0504794
1,881;0,051844
1,884;0,0529061
1,887;0,0536565
1,89;0,054088
1,893;0,054196
1,896;0,053978
1,899;0,0534339
1,902;0,0525658
1,905;0,0513784
1,908;0,0498785
1,911;0,0480754
1,914;0,0459803
1,917;0,043607
1,92;0,040971
1,923;0,0380899
1,926;0,0349832
1,929;0,0316722
1,932;0,0281795
1,935;0,0245294
1,938;0,0207474
1,941;0,0168599
1,944;0,0128945
1,947;0,00887927
1,95;0,00484287
1,953;0,000814238
1,956;0,00317756
1,959;0,0071036
1,962;0,0109353
1,965;0,0146445
1,968;0,0182039
1,971;0,0215871
1,974;0,0247689
1,977;0,0277252
1,98;0,0304337
1,983;0,0328734
1,986;0,0350255
1,989;0,036873
1,992;0,038401
1,995;0,0395968
1,998;0,04045
2,001;0,0409529
2,004;0,0410998
2,007;0,0408879
2,01;0,0403169
2,013;0,0393891
2,016;0,0381091
2,019;0,0364845
2,022;0,0345251
2,025;0,0322433
2,028;0,0296538
2,031;0,0267737
2,034;0,0236222
2,037;0,0202207
2,04;0,0165922
2,043;0,0127617
2,046;0,0087558
2,049;0,00460239
2,052;0,000330592
2,055;0,00402944
2,058;0,00844676
2,061;0,0128899
2,064;0,0173269
2,067;0,021726
2,07;0,0260551
2,073;0,0302827
2,076;0,034378
2,079;0,0383106
2,082;0,0420515
2,085;0,0455728
2,088;0,0488478
2,091;0,0518518
2,094;0,0545618
2,097;0,0569566
2,1;0,0590175
2,103;0,0607278
2,106;0,0620733
2,109;0,0630426
2,112;0,0636266
2,115;0,0638193
2,118;0,063617
2,121;0,0630193
2,124;0,0620284
2,127;0,0606494
2,13;0,0588902
2,133;0,0567614
2,136;0,0542765
2,139;0,0514516
2,142;0,0483052
2,145;0,0448582
2,148;0,041134
2,151;0,0371579
2,154;0,0329572
2,157;0,028561
2,16;0,024
2,163;0,0193061
2,166;0,0145124
2,169;0,00965293
2,172;0,00476234
2,175;0,000124337
2,178;0,00497189
2,181;0,00974521
2,184;0,0144095
2,187;0,0189308
2,19;0,0232755
2,193;0,0274117
2,196;0,0313083
2,199;0,0349362
2,202;0,0382677
2,205;0,0412774
2,208;0,0439419
2,211;0,0462402
2,214;0,048154
2,217;0,0496673
2,22;0,0507672
2,223;0,0514437
2,226;0,0516897
2,229;0,0515012
2,232;0,0508772
2,235;0,0498201
2,238;0,0483351
2,241;0,0464307
2,244;0,0441184
2,247;0,0414129
2,25;0,0383315
2,253;0,0348944
2,256;0,0311246
2,259;0,0270474
2,262;0,0226907
2,265;0,0180843
2,268;0,0132601
2,271;0,00825164
2,274;0,00309414
2,277;0,00217611
2,28;0,00752173
2,283;0,0129046
2,286;0,0182862
2,289;0,0236278
2,292;0,0288907
2,295;0,0340366
2,298;0,0390278
2,301;0,0438276
2,304;0,0484004
2,307;0,0527122
2,31;0,0567305
2,313;0,0604249
2,316;0,063767
2,319;0,0667311
2,322;0,0692938
2,325;0,0714345
2,328;0,0731356
2,331;0,0743827
2,334;0,0751643
2,337;0,0754725
2,34;0,0753025
2,343;0,074653
2,346;0,0735264
2,349;0,0719281
2,352;0,0698672
2,355;0,0673563
2,358;0,064411
2,361;0,0610502
2,364;0,057296
2,367;0,0531734
2,37;0,0487102
2,373;0,0439367
2,376;0,0388857
2,379;0,033592
2,382;0,0280926
2,385;0,022426
2,388;0,0166321
2,391;0,0107519
2,394;0,00482745
2,397;0,00109898
2,4;0,00698467
2,403;0,012787
2,406;0,0184639
2,409;0,0239736
2,412;0,0292758
2,415;0,0343311
2,418;0,0391019
2,421;0,0435523
2,424;0,0476487
2,427;0,0513596
2,43;0,0546564
2,433;0,0575132
2,436;0,0599071
2,439;0,0618185
2,442;0,0632311
2,445;0,0641321
2,448;0,0645124
2,451;0,0643666
2,454;0,0636929
2,457;0,0624935
2,46;0,0607743
2,463;0,0585449
2,466;0,0558188
2,469;0,0526129
2,472;0,048948
2,475;0,0448479
2,478;0,0403399
2,481;0,0354544
2,484;0,0302246
2,487;0,0246863
2,49;0,0188779
2,493;0,0128397
2,496;0,00661403
2,499;0,000244709
2,502;0,00622313
2,505;0,0127434
2,508;0,0192695
2,511;0,0257545
2,514;0,0321513
2,517;0,0384136
2,52;0,0444955
2,523;0,0503523
2,526;0,0559407
2,529;0,061219
2,532;0,0661475
2,535;0,0706891
2,538;0,074809
2,541;0,0784754
2,544;0,0816594
2,547;0,0843357
2,55;0,0864823
2,553;0,088081
2,556;0,0891175
2,559;0,0895814
2,562;0,0894663
2,565;0,0887702
2,568;0,0874949
2,571;0,0856466
2,574;0,0832358
2,577;0,0802767
2,58;0,0767879
2,583;0,0727917
2,586;0,0683143
2,589;0,0633854
2,592;0,0580381
2,595;0,0523087
2,598;0,0462366
2,601;0,0398637
2,604;0,0332342
2,607;0,0263946
2,61;0,0193931
2,613;0,0122791
2,616;0,00510339
2,619;0,00208274
2,622;0,0092276
2,625;0,0162795
2,628;0,0231873
2,631;0,0299004
2,634;0,0363695
2,637;0,0425467
2,64;0,048386
2,643;0,0538438
2,646;0,0588785
2,649;0,0634519
2,652;0,0675286
2,655;0,0710766
2,658;0,0740677
2,661;0,0764774
2,664;0,0782854
2,667;0,0794755
2,67;0,0800359
2,673;0,0799593
2,676;0,079243
2,679;0,0778887
2,682;0,075903
2,685;0,0732968
2,688;0,0700857
2,691;0,0662896
2,694;0,0619329
2,697;0,0570439
2,7;0,0516552
2,703;0,0458029
2,706;0,0395267
2,709;0,0328697
2,712;0,0258778
2,715;0,0185995
2,718;0,0110858
2,721;0,00338965
2,724;0,0044346
2,727;0,0123313
2,73;0,0202438
2,733;0,0281154
2,736;0,0358892
2,739;0,0435086
2,742;0,050918
2,745;0,0580629
2,748;0,0648906
2,751;0,0713503
2,754;0,0773934
2,757;0,0829744
2,76;0,0880506
2,763;0,0925829
2,766;0,0965358
2,769;0,0998778
2,772;0,102582
2,775;0,104625
2,778;0,105989
2,781;0,10666
2,784;0,106631
2,787;0,105898
2,79;0,104462
2,793;0,10233
2,796;0,0995134
2,799;0,0960296
2,802;0,0918999
2,805;0,0871508
2,808;0,0818131
2,811;0,0759222
2,814;0,0695176
2,817;0,0626429
2,82;0,0553451
2,823;0,0476745
2,826;0,0396843
2,829;0,0314305
2,832;0,0229712
2,835;0,0143661
2,838;0,00567642
2,841;0,00303564
2,844;0,0117075
2,847;0,0202765
2,85;0,0286805
2,853;0,036858
2,856;0,044749
2,859;0,0522953
2,862;0,0594406
2,865;0,0661314
2,868;0,0723172
2,871;0,0779509
2,874;0,082989
2,877;0,0873922
2,88;0,0911253
2,883;0,0941582
2,886;0,0964652
2,889;0,0980261
2,892;0,0988256
2,895;0,0988541
2,898;0,0981074
2,901;0,0965867
2,904;0,0942991
2,907;0,091257
2,91;0,0874784
2,913;0,0829867
2,916;0,0778105
2,919;0,0719834
2,922;0,0655442
2,925;0,0585359
2,928;0,0510061
2,931;0,0430062
2,934;0,0345914
2,937;0,0258202
2,94;0,0167539
2,943;0,0074561
2,946;0,00200735
2,949;0,0115692
2,952;0,0211611
2,955;0,0307142
2,958;0,0401594
2,961;0,0494283
2,964;0,0584531
2,967;0,0671676
2,97;0,0755074
2,973;0,0834106
2,976;0,090818
2,979;0,0976737
2,982;0,103925
2,985;0,109525
2,988;0,114429
2,991;0,118598
2,994;0,121998
2,997;0,124602
3;0,126385
3,003;0,127331
3,006;0,127429
3,009;0,126674
3,012;0,125067
3,015;0,122614
3,018;0,119329
3,021;0,115232
3,024;0,110347
3,027;0,104706
3,03;0,0983458
3,033;0,0913078
3,036;0,0836395
3,039;0,0753927
3,042;0,0666238
3,045;0,0573932
3,048;0,0477651
3,051;0,0378066
3,054;0,0275878
3,057;0,0171809
3,06;0,00665975
3,063;0,0039004
3,066;0,0144237
3,069;0,0248343
3,072;0,0350566
3,075;0,0450159
3,078;0,0546393
3,081;0,0638557
3,084;0,0725966
3,087;0,0807967
3,09;0,088394
3,093;0,0953307
3,096;0,101553
3,099;0,107014
3,102;0,111668
3,105;0,11548
3,108;0,118415
3,111;0,12045
3,114;0,121565
3,117;0,121746
3,12;0,120989
3,123;0,119292
3,126;0,116664
3,129;0,113119
3,132;0,108677
3,135;0,103366
3,138;0,0972201
3,141;0,0902781
3,144;0,0825864
3,147;0,0741964
3,15;0,065165
3,153;0,0555538
3,156;0,0454289
3,159;0,0348607
3,162;0,0239229
3,165;0,0126923
3,168;0,00124832
3,171;0,0103278
3,174;0,0219534
3,177;0,0335451
3,18;0,0450191
3,183;0,0562923
3,186;0,0672824
3,189;0,0779089
3,192;0,0880934
3,195;0,0977602
3,198;0,106837
3,201;0,115255
3,204;0,122951
3,207;0,129866
3,21;0,135945
3,213;0,14114
3,216;0,14541
3,219;0,148719
3,222;0,151038
3,225;0,152345
3,228;0,152625
3,231;0,151872
3,234;0,150085
3,237;0,147272
3,24;0,143447
3,243;0,138634
3,246;0,132861
3,249;0,126164
3,252;0,118589
3,255;0,110183
3,258;0,101005
3,261;0,0911146
3,264;0,0805808
3,267;0,0694756
3,27;0,0578761
3,273;0,0458632
3,276;0,0335213
3,279;0,0209375
3,282;0,00820112
3,285;0,00459688
3,288;0,0173647
3,291;0,0300102
3,294;0,0424418
3,297;0,0545688
3,3;0,0663024
3,303;0,0775559
3,306;0,0882459
3,309;0,0982925
3,312;0,10762
3,315;0,116157
3,318;0,123839
3,321;0,130606
3,324;0,136404
3,327;0,141186
3,33;0,144913
3,333;0,147552
3,336;0,149079
3,339;0,149477
3,342;0,148737
3,345;0,146858
3,348;0,143849
3,351;0,139725
3,354;0,13451
3,357;0,128235
3,36;0,120941
3,363;0,112675
3,366;0,103491
3,369;0,09345
3,372;0,0826205
3,375;0,0710762
3,378;0,0588965
3,381;0,0461657
3,384;0,0329728
3,387;0,0194101
3,39;0,00557357
3,393;0,0084387
3,396;0,0225267
3,399;0,0365894
3,402;0,0505255
3,405;0,0642338
3,408;0,0776146
3,411;0,0905698
3,414;0,103004
3,417;0,114825
3,42;0,125944
3,423;0,136278
3,426;0,145748
3,429;0,154281
3,432;0,161812
3,435;0,16828
3,438;0,173634
3,441;0,17783
3,444;0,18083
3,447;0,182608
3,45;0,183144
3,453;0,182427
3,456;0,180457
3,459;0,177242
3,462;0,172797
3,465;0,167148
3,468;0,16033
3,471;0,152386
3,474;0,143367
3,477;0,133333
3,48;0,12235
3,483;0,110493
3,486;0,0978417
3,489;0,0844842
3,492;0,0705126
3,495;0,0560243
3,498;0,0411209
3,501;0,0259076
3,504;0,0104923
3,507;0,00501506
3,51;0,0205033
3,513;0,0358608
3,516;0,0509764
3,519;0,0657399
3,522;0,0800432
3,525;0,0937809
3,528;0,106851
3,531;0,119156
3,534;0,130604
3,537;0,141107
3,54;0,150586
3,543;0,158965
3,546;0,16618
3,549;0,172173
3,552;0,176893
3,555;0,180301
3,558;0,182364
3,561;0,183062
3,564;0,182381
3,567;0,180321
3,57;0,176887
3,573;0,172099
3,576;0,165982
3,579;0,158576
3,582;0,149925
3,585;0,140086
3,588;0,129124
3,591;0,117112
3,594;0,10413
3,597;0,0902674
3,6;0,0756191
3,603;0,0602865
3,606;0,0443765
3,609;0,0280006
3,612;0,0112743
3,615;0,00568373
3,618;0,0227527
3,621;0,0398102
3,624;0,0567335
3,627;0,0733999
3,63;0,0896881
3,633;0,105479
3,636;0,120656
3,639;0,135107
3,642;0,148724
3,645;0,161405
3,648;0,173053
3,651;0,183579
3,654;0,192902
3,657;0,200948
3,66;0,207653
3,663;0,212961
3,666;0,216827
3,669;0,219216
3,672;0,220102
3,675;0,219472
3,678;0,217322
3,681;0,21366
3,684;0,208504
3,687;0,201884
3,69;0,193839
3,693;0,184421
3,696;0,173689
3,699;0,161715
3,702;0,148577
3,705;0,134365
3,708;0,119176
3,711;0,103113
3,714;0,0862878
3,717;0,0688174
3,72;0,0508244
3,723;0,0324355
3,726;0,0137811
3,729;0,00500591
3,732;0,0237909
3,735;0,0424387
3,738;0,0608142
3,741;0,0787838
3,744;0,0962159
3,747;0,112982
3,75;0,128959
3,753;0,144026
3,756;0,158071
3,759;0,170988
3,762;0,182676
3,765;0,193047
3,768;0,202018
3,771;0,209518
3,774;0,215484
3,777;0,219866
3,78;0,222625
3,783;0,223731
3,786;0,223168
3,789;0,220932
3,792;0,21703
3,795;0,211482
3,798;0,204318
3,801;0,195583
3,804;0,18533
3,807;0,173625
3,81;0,160547
3,813;0,14618
3,816;0,130623
3,819;0,113981
3,822;0,0963675
3,825;0,0779054
3,828;0,0587226
3,831;0,0389537
3,834;0,0187378
3,837;0,00178172
3,84;0,0224588
3,843;0,0431452
3,846;0,0636923
3,849;0,0839513
3,852;0,103775
3,855;0,123018
3,858;0,141539
3,861;0,159201
3,864;0,175872
3,867;0,191427
3,87;0,205748
3,873;0,218727
3,876;0,230261
3,879;0,240261
3,882;0,248647
3,885;0,25535
3,888;0,260313
3,891;0,263491
3,894;0,264852
3,897;0,264377
3,9;0,26206
3,903;0,257907
3,906;0,251939
3,909;0,24419
3,912;0,234707
3,915;0,223547
3,918;0,210784
3,921;0,196501
3,924;0,180792
3,927;0,163763
3,93;0,14553
3,933;0,126218
3,936;0,105961
3,939;0,0848988
3,942;0,0631797
3,945;0,0409564
3,948;0,0183863
3,951;0,00436991
3,954;0,0271494
3,957;0,0497881
3,96;0,0721225
3,963;0,0939901
3,966;0,115231
3,969;0,135689
3,972;0,155213
3,975;0,173657
3,978;0,190883
3,981;0,206761
3,984;0,221169
3,987;0,233996
3,99;0,245141
3,993;0,254516
3,996;0,262043
3,999;0,267659
4,002;0,271313
4,005;0,272969
4,008;0,272605
4,011;0,270212
4,014;0,265798
4,017;0,259384
4,02;0,251004
4,023;0,240711
4,026;0,228567
4,029;0,214651
4,032;0,199053
4,035;0,181878
4,038;0,16324
4,041;0,143265
4,044;0,122092
4,047;0,0998666
4,05;0,0767426
4,053;0,052882
4,056;0,0284531
4,059;0,00362854
4,062;0,0214148
4,065;0,0464979
4,068;0,0714402
4,071;0,0960615
4,074;0,120183
4,077;0,143628
4,08;0,166224
4,083;0,187805
4,086;0,20821
4,089;0,227285
4,092;0,244886
4,095;0,26088
4,098;0,275142
4,101;0,287561
4,104;0,298037
4,107;0,306486
4,11;0,312836
4,113;0,31703
4,116;0,319026
4,119;0,3188
4,122;0,316341
4,125;0,311655
4,128;0,304764
4,131;0,295707
4,134;0,284538
4,137;0,271325
4,14;0,256154
4,143;0,239123
4,146;0,220345
4,149;0,199947
4,152;0,178067
4,155;0,154855
4,158;0,130471
4,161;0,105084
4,164;0,078872
4,167;0,0520197
4,17;0,0247168
4,173;0,0028424
4,176;0,0304608
4,179;0,0579398
4,182;0,0850809
4,185;0,111687
4,188;0,137564
4,191;0,162521
4,194;0,186374
4,197;0,208945
4,2;0,230066
4,203;0,249577
4,206;0,267328
4,209;0,283184
4,212;0,297019
4,215;0,308724
4,218;0,318203
4,221;0,325377
4,224;0,330182
4,227;0,332571
4,23;0,332514
4,233;0,33
4,236;0,325032
4,239;0,317635
4,242;0,307849
4,245;0,295732
4,248;0,281358
4,251;0,264821
4,254;0,246227
4,257;0,2257
4,26;0,203378
4,263;0,179412
4,266;0,153965
4,269;0,127214
4,272;0,0993449
4,275;0,0705515
4,278;0,0410367
4,281;0,0110094
4,284;0,019317
4,287;0,0497256
4,29;0,079998
4,293;0,109915
4,296;0,139261
4,299;0,16782
4,302;0,195382
4,305;0,221745
4,308;0,246712
4,311;0,270096
4,314;0,291721
4,317;0,311421
4,32;0,329046
4,323;0,344456
4,326;0,35753
4,329;0,368162
4,332;0,376261
4,335;0,381758
4,338;0,384598
4,341;0,384747
4,344;0,38219
4,347;0,376932
4,35;0,368997
4,353;0,358427
4,356;0,345285
4,359;0,329652
4,362;0,311628
4,365;0,291331
4,368;0,268893
4,371;0,244467
4,374;0,218217
4,377;0,190324
4,38;0,160978
4,383;0,130385
4,386;0,0987568
4,389;0,0663172
4,392;0,033295
4,395;7,4953e-05
4,398;0,0335543
4,401;0,0669024
4,404;0,0998787
4,407;0,132244
4,41;0,163761
4,413;0,1942
4,416;0,223335
4,419;0,25095
4,422;0,276838
4,425;0,300803
4,428;0,322664
4,431;0,342252
4,434;0,359414
4,437;0,374014
4,44;0,385933
4,443;0,395071
4,446;0,401349
4,449;0,404707
4,452;0,405104
4,455;0,402523
4,458;0,396966
4,461;0,388459
4,464;0,377048
4,467;0,362798
4,47;0,345799
4,473;0,326157
4,476;0,304002
4,479;0,279479
4,482;0,252753
4,485;0,224004
4,488;0,193429
4,491;0,161239
4,494;0,127657
4,497;0,0929177
4,5;0,057265
4,503;0,0209509
4,506;0,0157665
4,509;0,0526249
4,512;0,0893598
4,515;0,125706
4,518;0,1614
4,521;0,19618
4,524;0,229793
4,527;0,26199
4,53;0,292531
4,533;0,321189
4,536;0,347747
4,539;0,372003
4,542;0,39377
4,545;0,412879
4,548;0,429178
4,551;0,442535
4,554;0,452839
4,557;0,46
4,56;0,46395
4,563;0,464644
4,566;0,462059
4,569;0,456198
4,572;0,447086
4,575;0,43477
4,578;0,419324
4,581;0,400842
4,584;0,379442
4,587;0,355261
4,59;0,328461
4,593;0,299221
4,596;0,267737
4,599;0,234226
4,602;0,198917
4,605;0,162057
4,608;0,123901
4,611;0,0847192
4,614;0,0447869
4,617;0,00438809
4,62;0,0361887
4,623;0,0766524
4,626;0,116711
4,629;0,156074
4,632;0,194454
4,635;0,23157
4,638;0,267148
4,641;0,300924
4,644;0,332645
4,647;0,362073
4,65;0,388983
4,653;0,413169
4,656;0,434442
4,659;0,452634
4,662;0,467598
4,665;0,479209
4,668;0,487367
4,671;0,491995
4,674;0,49304
4,677;0,490478
4,68;0,484307
4,683;0,474554
4,686;0,461269
4,689;0,44453
4,692;0,424441
4,695;0,401127
4,698;0,37474
4,701;0,345454
4,704;0,313465
4,707;0,278989
4,71;0,242261
4,713;0,203535
4,716;0,163078
4,719;0,121172
4,722;0,0781132
4,725;0,034204
4,728;0,0102433
4,731;0,0549117
4,734;0,0994807
4,737;0,143629
4,74;0,187036
4,743;0,229386
4,746;0,270368
4,749;0,30968
4,752;0,347031
4,755;0,382141
4,758;0,414745
4,761;0,444597
4,764;0,471466
4,767;0,495145
4,77;0,515444
4,773;0,532202
4,776;0,545279
4,779;0,554562
4,782;0,559963
4,785;0,561425
4,788;0,558915
4,791;0,552432
4,794;0,542002
4,797;0,527678
4,8;0,509544
4,803;0,487711
4,806;0,462317
4,809;0,433525
4,812;0,401526
4,815;0,366533
4,818;0,328783
4,821;0,288533
4,824;0,246059
4,827;0,201657
4,83;0,155636
4,833;0,108319
4,836;0,0600388
4,839;0,0111393
4,842;0,038031
4,845;0,0871196
4,848;0,135772
4,851;0,183637
4,854;0,230365
4,857;0,275614
4,86;0,319049
4,863;0,36035
4,866;0,399207
4,869;0,435329
4,872;0,46844
4,875;0,498288
4,878;0,524639
4,881;0,547286
4,884;0,566046
4,887;0,580765
4,89;0,591316
4,893;0,5976
4,896;0,59955
4,899;0,597131
4,902;0,590335
4,905;0,579191
4,908;0,563754
4,911;0,544115
4,914;0,520392
4,917;0,492736
4,92;0,461324
4,923;0,426363
4,926;0,388088
4,929;0,346756
4,932;0,302648
4,935;0,256068
4,938;0,207339
4,941;0,1568
4,944;0,104805
4,947;0,0517222
4,95;0,00207299
4,953;0,0561966
4,956;0,110261
4,959;0,163876
4,962;0,216653
4,965;0,268209
4,968;0,318165
4,971;0,366154
4,974;0,41182
4,977;0,454822
4,98;0,494836
4,983;0,53156
4,986;0,56471
4,989;0,594031
4,992;0,619291
4,995;0,640287
4,998;0,656845
5,001;0,668825
5,004;0,676114
5,007;0,678637
5,01;0,676351
5,013;0,669246
5,016;0,65735
5,019;0,640723
5,022;0,619459
5,025;0,593689
5,028;0,563574
5,031;0,529308
5,034;0,491116
5,037;0,449253
5,04;0,404002
5,043;0,35567
5,046;0,30459
5,049;0,251115
5,052;0,195617
5,055;0,138486
5,058;0,0801242
5,061;0,0209457
5,064;0,0386276
5,067;0,0981689
5,07;0,157249
5,073;0,215441
5,076;0,272321
5,079;0,327472
5,082;0,380488
5,085;0,430977
5,088;0,478562
5,091;0,522885
5,094;0,56361
5,097;0,600425
5,1;0,633045
5,103;0,661213
5,106;0,684703
5,109;0,703322
5,112;0,71691
5,115;0,725343
5,118;0,738717
5,121;0,756959
5,124;0,779966
5,127;0,807595
5,13;0,839671
5,133;0,875987
5,136;0,916304
5,139;0,960352
5,142;1,00783
5,145;1,05842
5,148;1,11177
5,151;1,16752
5,154;1,22526
5,157;1,2846
5,16;1,34512
5,163;1,40639
5,166;1,46797
5,169;1,52942
5,172;1,5903
5,175;1,65016
5,178;1,70857
5,181;1,7651
5,184;1,81934
5,187;1,87087
5,19;1,91932
5,193;1,96433
5,196;2,00554
5,199;2,04265
5,202;2,07536
5,205;2,10342
5,208;2,12659
5,211;2,1447
5,214;2,15758
5,217;2,1651
5,22;2,1672
5,223;2,16382
5,226;2,15497
5,229;2,14067
5,232;2,121
5,235;2,09608
5,238;2,06605
5,241;2,03111
5,244;1,99149
5,247;1,94744
5,25;1,89925
5,253;1,84726
5,256;1,79182
5,259;1,73331
5,262;1,67213
5,265;1,60872
5,268;1,54351
5,271;1,47696
5,274;1,40956
5,277;1,34177
5,28;1,27409
5,283;1,207
5,286;1,14099
5,289;1,07655
5,292;1,01413
5,295;0,95421
5,298;0,897224
5,301;0,843601
5,304;0,793743
5,307;0,74803
5,31;0,706812
5,313;0,67041
5,316;0,628927
5,319;0,582637
5,322;0,531848
5,325;0,476901
5,328;0,418172
5,331;0,356063
5,334;0,291003
5,337;0,223446
5,34;0,153866
5,343;0,0827519
5,346;0,0106088
5,349;0,0620494
5,352;0,134702
5,355;0,206827
5,358;0,277901
5,361;0,347407
5,364;0,414837
5,367;0,479695
5,37;0,5415
5,373;0,599791
5,376;0,65413
5,379;0,704105
5,382;0,749335
5,385;0,789468
5,388;0,824189
5,391;0,853221
5,394;0,876324
5,397;0,893301
5,4;0,903998
5,403;0,908306
5,406;0,906159
5,409;0,897541
5,412;0,88248
5,415;0,86105
5,418;0,833373
5,421;0,799615
5,424;0,759988
5,427;0,714747
5,43;0,664187
5,433;0,608647
5,436;0,548499
5,439;0,484153
5,442;0,416049
5,445;0,34466
5,448;0,270482
5,451;0,194034
5,454;0,115855
5,457;0,0364992
5,46;0,0434685
5,463;0,123475
5,466;0,202946
5,469;0,281304
5,472;0,357981
5,475;0,432416
5,478;0,504061
5,481;0,572385
5,484;0,63688
5,487;0,697061
5,49;0,752473
5,493;0,802691
5,496;0,85751
5,499;0,916558
5,502;0,979433
5,505;1,0457
5,508;1,1149
5,511;1,18656
5,514;1,26016
5,517;1,33519
5,52;1,41112
5,523;1,4874
5,526;1,56348
5,529;1,63883
5,532;1,71288
5,535;1,7851
5,538;1,85497
5,541;1,92196
5,544;1,98558
5,547;2,04536
5,55;2,10084
5,553;2,1516
5,556;2,19725
5,559;2,23743
5,562;2,27184
5,565;2,30018
5,568;2,32223
5,571;2,33779
5,574;2,34672
5,577;2,34892
5,58;2,34434
5,583;2,33297
5,586;2,31486
5,589;2,29012
5,592;2,25887
5,595;2,22132
5,598;2,17769
5,601;2,12828
5,604;2,07341
5,607;2,01344
5,61;1,94878
5,613;1,87987
5,616;1,80719
5,619;1,73123
5,622;1,65254
5,625;1,57166
5,628;1,48916
5,631;1,40562
5,634;1,32165
5,637;1,23785
5,64;1,15482
5,643;1,07316
5,646;0,993463
5,649;0,916321
5,652;0,842299
5,655;0,771947
5,658;0,705789
5,661;0,644324
5,664;0,577837
5,667;0,50678
5,67;0,431641
5,673;0,35294
5,676;0,271225
5,679;0,187068
5,682;0,101064
5,685;0,0138204
5,688;0,0740396
5,691;0,161887
5,694;0,249089
5,697;0,335015
5,7;0,41904
5,703;0,500547
5,706;0,578939
5,709;0,653633
5,712;0,724073
5,715;0,78973
5,718;0,850105
5,721;0,904738
5,724;0,953204
5,727;0,995123
5,73;1,03016
5,733;1,05802
5,736;1,07848
5,739;1,09134
5,742;1,09647
5,745;1,0938
5,748;1,0833
5,751;1,06501
5,754;1,03903
5,757;1,00549
5,76;0,964597
5,763;0,916612
5,766;0,861843
5,769;0,800647
5,772;0,733431
5,775;0,660649
5,778;0,582796
5,781;0,500405
5,784;0,414047
5,787;0,324322
5,79;0,231859
5,793;0,137309
5,796;0,0413428
5,799;0,0553565
5,802;0,152096
5,805;0,248181
5,808;0,342914
5,811;0,435607
5,814;0,525583
5,817;0,612178
5,82;0,694753
5,823;0,77269
5,826;0,845407
5,829;0,922533
5,832;1,00354
5,835;1,08785
5,838;1,1749
5,841;1,26405
5,844;1,35469
5,847;1,44616
5,85;1,53781
5,853;1,62899
5,856;1,71903
5,859;1,80728
5,862;1,8931
5,865;1,97585
5,868;2,05492
5,871;2,12973
5,874;2,19971
5,877;2,26434
5,88;2,32312
5,883;2,37559
5,886;2,42136
5,889;2,46004
5,892;2,49134
5,895;2,51497
5,898;2,53075
5,901;2,5385
5,904;2,53813
5,907;2,5296
5,91;2,51294
5,913;2,48821
5,916;2,45556
5,919;2,41518
5,922;2,36732
5,925;2,31228
5,928;2,25043
5,931;2,18217
5,934;2,10797
5,937;2,02831
5,94;1,94376
5,943;1,8549
5,946;1,76233
5,949;1,66671
5,952;1,56872
5,955;1,46904
5,958;1,36838
5,961;1,26746
5,964;1,16702
5,967;1,06776
5,97;0,970426
5,973;0,875713
5,976;0,784322
5,979;0,696926
5,982;0,614177
5,985;0,526512
5,988;0,434536
5,991;0,33889
5,994;0,240243
5,997;0,13929
6;0,0367451
6,003;0,0666613
6,006;0,170189
6,009;0,273093
6,012;0,37463
6,015;0,474061
6,018;0,57066
6,021;0,663716
6,024;0,75254
6,027;0,836472
6,03;0,914881
6,033;0,987175
6,036;1,0528
6,039;1,11125
6,042;1,16207
6,045;1,20484
6,048;1,23923
6,051;1,26494
6,054;1,28174
6,057;1,28946
6,06;1,288
6,063;1,27733
6,066;1,25746
6,069;1,2285
6,072;1,19061
6,075;1,14401
6,078;1,089
6,081;1,02593
6,084;0,9552
6,087;0,877291
6,09;0,792725
6,093;0,702075
6,096;0,605963
6,099;0,505051
6,102;0,400042
6,105;0,29167
6,108;0,180698
6,111;0,0679123
6,114;0,0458857
6,117;0,159881
6,12;0,273255
6,123;0,385187
6,126;0,494865
6,129;0,601485
6,132;0,704266
6,135;0,802448
6,138;0,895298
6,141;0,992304
6,144;1,09279
6,147;1,19605
6,15;1,30135
6,153;1,40795
6,156;1,51508
6,159;1,62198
6,162;1,72788
6,165;1,832
6,168;1,9336
6,171;2,03192
6,174;2,12624
6,177;2,21586
6,18;2,30011
6,183;2,37836
6,186;2,45001
6,189;2,51451
6,192;2,57136
6,195;2,62011
6,198;2,66037
6,201;2,6918
6,204;2,71413
6,207;2,72716
6,21;2,73074
6,213;2,72479
6,216;2,70931
6,219;2,68436
6,222;2,65008
6,225;2,60665
6,228;2,55435
6,231;2,49351
6,234;2,42451
6,237;2,34782
6,24;2,26394
6,243;2,17344
6,246;2,07695
6,249;1,97512
6,252;1,86865
6,255;1,7583
6,258;1,64483
6,261;1,52905
6,264;1,41177
6,267;1,29384
6,27;1,1761
6,273;1,0594
6,276;0,944577
6,279;0,83248
6,282;0,723924
6,285;0,61971
6,288;0,520611
6,291;0,417184
6,294;0,310153
6,297;0,200268
6,3;0,0883059
6,303;0,0249376
6,306;0,138654
6,309;0,252027
6,312;0,364239
6,315;0,474475
6,318;0,581932
6,321;0,685822
6,324;0,785377
6,327;0,879859
6,33;0,968561
6,333;1,05081
6,336;1,12599
6,339;1,19352
6,342;1,25287
6,345;1,30357
6,348;1,34521
6,351;1,37744
6,354;1,39999
6,357;1,41264
6,36;1,41525
6,363;1,40775
6,366;1,39013
6,369;1,36248
6,372;1,32494
6,375;1,27772
6,378;1,22113
6,381;1,15551
6,384;1,0813
6,387;0,998974
6,39;0,909095
6,393;0,812266
6,396;0,709149
6,399;0,600454
6,402;0,486934
6,405;0,369381
6,408;0,248621
6,411;0,125507
6,414;0,000912501
6,417;0,124273
6,42;0,249151
6,423;0,37282
6,426;0,494385
6,429;0,612959
6,432;0,727672
6,435;0,837679
6,438;0,952346
6,441;1,07087
6,444;1,19242
6,447;1,31613
6,45;1,44113
6,453;1,56653
6,456;1,69141
6,459;1,81489
6,462;1,93606
6,465;2,05403
6,468;2,16795
6,471;2,27698
6,474;2,38029
6,477;2,47712
6,48;2,56674
6,483;2,64846
6,486;2,72166
6,489;2,78576
6,492;2,84026
6,495;2,8847
6,498;2,91873
6,501;2,94204
6,504;2,95441
6,507;2,95568
6,51;2,9458
6,513;2,92478
6,516;2,89271
6,519;2,84977
6,522;2,7962
6,525;2,73234
6,528;2,65859
6,531;2,57544
6,534;2,48342
6,537;2,38317
6,54;2,27536
6,543;2,16072
6,546;2,04005
6,549;1,91418
6,552;1,78399
6,555;1,6504
6,558;1,51436
6,561;1,37681
6,564;1,23876
6,567;1,1012
6,57;0,965101
6,573;0,831469
6,576;0,701275
6,579;0,575473
6,582;0,444809
6,585;0,3102
6,588;0,172594
6,591;0,0329662
6,594;0,107689
6,597;0,248364
6,6;0,388045
6,603;0,525723
6,606;0,660395
6,609;0,791076
6,612;0,916805
6,615;1,03665
6,618;1,14972
6,621;1,25516
6,624;1,35218
6,627;1,44002
6,63;1,51803
6,633;1,58557
6,636;1,64211
6,639;1,68718
6,642;1,7204
6,645;1,74148
6,648;1,75019
6,651;1,7464
6,654;1,73009
6,657;1,7013
6,66;1,66017
6,663;1,60694
6,666;1,54192
6,669;1,46553
6,672;1,37826
6,675;1,28067
6,678;1,17341
6,681;1,05722
6,684;0,932867
6,687;0,801219
6,69;0,66318
6,693;0,519712
6,696;0,37182
6,699;0,220546
6,702;0,0669607
6,705;0,0878417
6,708;0,242753
6,711;0,396658
6,714;0,548445
6,717;0,697008
6,72;0,841261
6,723;0,980144
6,726;1,12281
6,729;1,26825
6,732;1,41544
6,735;1,56332
6,738;1,71083
6,741;1,85691
6,744;2,0005
6,747;2,14055
6,75;2,27603
6,753;2,40595
6,756;2,52934
6,759;2,64528
6,762;2,7529
6,765;2,85137
6,768;2,93995
6,771;3,01793
6,774;3,08472
6,777;3,13975
6,78;3,18259
6,783;3,21285
6,786;3,23026
6,789;3,23462
6,792;3,22583
6,795;3,20388
6,798;3,16888
6,801;3,12099
6,804;3,0605
6,807;2,98778
6,81;2,90329
6,813;2,80758
6,816;2,70127
6,819;2,58508
6,822;2,45979
6,825;2,32626
6,828;2,1854
6,831;2,03819
6,834;1,88567
6,837;1,72889
6,84;1,56896
6,843;1,40703
6,846;1,24424
6,849;1,08177
6,852;0,920782
6,855;0,762445
6,858;0,607915
6,861;0,458322
6,864;0,304588
6,867;0,147798
6,87;0,0109349
6,873;0,170478
6,876;0,329688
6,879;0,487415
6,882;0,642516
6,885;0,793861
6,888;0,940342
6,891;1,08088
6,894;1,21442
6,897;1,33999
6,9;1,45662
6,903;1,56343
6,906;1,6596
6,909;1,74439
6,912;1,81713
6,915;1,87722
6,918;1,92417
6,921;1,95758
6,924;1,97713
6,927;1,98261
6,93;1,97391
6,933;1,95101
6,936;1,91401
6,939;1,8631
6,942;1,79858
6,945;1,72083
6,948;1,63036
6,951;1,52773
6,954;1,41364
6,957;1,28884
6,96;1,15418
6,963;1,01057
6,966;0,858995
6,969;0,700515
6,972;0,536231
6,975;0,367296
6,978;0,194901
6,981;0,0202698
6,984;0,155352
6,987;0,330704
6,99;0,504524
6,993;0,675551
6,996;0,84254
6,999;1,00427
7,002;1,16972
7,005;1,33774
7,008;1,50711
7,011;1,67663
7,014;1,84508
7,017;2,01124
7,02;2,17391
7,023;2,33188
7,026;2,48401
7,029;2,62916
7,032;2,76625
7,035;2,89426
7,038;3,01222
7,041;3,11921
7,044;3,21443
7,047;3,29711
7,05;3,36661
7,053;3,42234
7,056;3,46385
7,059;3,49074
7,062;3,50277
7,065;3,49975
7,068;3,48164
7,071;3,44848
7,074;3,40045
7,077;3,3378
7,08;3,2609
7,083;3,17025
7,086;3,06643
7,089;2,9501
7,092;2,82204
7,095;2,68312
7,098;2,53428
7,101;2,37653
7,104;2,21097
7,107;2,03875
7,11;1,86108
7,113;1,6792
7,116;1,4944
7,119;1,308
7,122;1,12133
7,125;0,935741
7,128;0,752564
7,131;0,573135
7,134;0,398765
7,137;0,220553
7,14;0,0397634
7,143;0,142316
7,146;0,324382
7,149;0,505123
7,152;0,68323
7,155;0,857407
7,158;1,02638
7,161;1,18891
7,164;1,34378
7,167;1,48985
7,17;1,62602
7,173;1,75124
7,176;1,86458
7,179;1,96514
7,182;2,05214
7,185;2,12488
7,188;2,18277
7,191;2,2253
7,194;2,2521
7,197;2,26288
7,2;2,25749
7,203;2,23588
7,206;2,19813
7,209;2,14441
7,212;2,07504
7,215;1,99043
7,218;1,89112
7,221;1,77774
7,224;1,65103
7,227;1,51183
7,23;1,3611
7,233;1,19984
7,236;1,02917
7,239;0,850264
7,242;0,66437
7,245;0,47279
7,248;0,276874
7,251;0,0780086
7,254;0,122389
7,257;0,322883
7,26;0,522032
7,263;0,718394
7,266;0,910541
7,269;1,10725
7,272;1,30713
7,275;1,50875
7,278;1,71068
7,281;1,91146
7,284;2,10965
7,287;2,30379
7,29;2,49247
7,293;2,6743
7,296;2,84795
7,299;3,01211
7,302;3,16556
7,305;3,30713
7,308;3,43575
7,311;3,55041
7,314;3,65023
7,317;3,7344
7,32;3,80224
7,323;3,85318
7,326;3,88676
7,329;3,90265
7,332;3,90063
7,335;3,88065
7,338;3,84273
7,341;3,78707
7,344;3,71398
7,347;3,62388
7,35;3,51734
7,353;3,39504
7,356;3,25777
7,359;3,10646
7,362;2,94211
7,365;2,76584
7,368;2,57886
7,371;2,38246
7,374;2,17801
7,377;1,96692
7,38;1,7507
7,383;1,53087
7,386;1,30898
7,389;1,08664
7,392;0,86544
7,395;0,646975
7,398;0,432835
7,401;0,2144
7,404;0,0067772
7,407;0,22912
7,41;0,451032
7,413;0,670915
7,416;0,887174
7,419;1,09823
7,422;1,30255
7,425;1,49861
7,428;1,68496
7,431;1,86022
7,434;2,02306
7,437;2,17224
7,44;2,30662
7,443;2,42515
7,446;2,52691
7,449;2,61106
7,452;2,67691
7,455;2,7239
7,458;2,75158
7,461;2,75966
7,464;2,74798
7,467;2,71651
7,47;2,66539
7,473;2,59487
7,476;2,50536
7,479;2,39742
7,482;2,27171
7,485;2,12906
7,488;1,9704
7,491;1,79679
7,494;1,60941
7,497;1,40953
7,5;1,19852
7,503;0,977856
7,506;0,749063
7,509;0,513751
7,512;0,27358
7,515;0,0302532
7,518;0,214493
7,521;0,458903
7,524;0,701217
7,527;0,939678
7,53;1,17255
7,533;1,40831
7,536;1,64527
7,539;1,88174
7,542;2,11601
7,545;2,34638
7,548;2,57118
7,551;2,78874
7,554;2,99748
7,557;3,19584
7,56;3,38235
7,563;3,55558
7,566;3,71424
7,569;3,8571
7,572;3,98305
7,575;4,09109
7,578;4,18036
7,581;4,25011
7,584;4,29975
7,587;4,3288
7,59;4,33695
7,593;4,32404
7,596;4,29005
7,599;4,23511
7,602;4,15951
7,605;4,06369
7,608;3,94823
7,611;3,81387
7,614;3,66146
7,617;3,49201
7,62;3,30666
7,623;3,10666
7,626;2,89337
7,629;2,66826
7,632;2,43288
7,635;2,18888
7,638;1,93797
7,641;1,68192
7,644;1,42255
7,647;1,1617
7,65;0,901259
7,653;0,643088
7,656;0,389063
7,659;0,130853
7,662;0,129706
7,665;0,39075
7,668;0,650401
7,671;0,906783
7,674;1,15803
7,677;1,40232
7,68;1,63784
7,683;1,86285
7,686;2,07569
7,689;2,27475
7,692;2,45853
7,695;2,62563
7,698;2,77476
7,701;2,90475
7,704;3,01457
7,707;3,10331
7,71;3,17024
7,713;3,21475
7,716;3,23641
7,719;3,23495
7,722;3,21025
7,725;3,16237
7,728;3,09153
7,731;2,99814
7,734;2,88273
7,737;2,74603
7,74;2,58891
7,743;2,4124
7,746;2,21767
7,749;2,00602
7,752;1,77889
7,755;1,53783
7,758;1,28452
7,761;1,0207
7,764;0,74822
7,767;0,469002
7,77;0,185019
7,773;0,101709
7,776;0,389132
7,779;0,675185
7,782;0,957799
7,785;1,23492
7,788;1,51472
7,791;1,79518
7,794;2,07429
7,797;2,35004
7,8;2,62042
7,803;2,88346
7,806;3,13722
7,809;3,37983
7,812;3,60949
7,815;3,82447
7,818;4,02316
7,821;4,20403
7,824;4,36569
7,827;4,50687
7,83;4,62646
7,833;4,72348
7,836;4,79711
7,839;4,84671
7,842;4,87179
7,845;4,87203
7,848;4,84732
7,851;4,7977
7,854;4,7234
7,857;4,62482
7,86;4,50255
7,863;4,35734
7,866;4,19012
7,869;4,00198
7,872;3,79417
7,875;3,56808
7,878;3,32524
7,881;3,06732
7,884;2,79609
7,887;2,51343
7,89;2,22133
7,893;1,92184
7,896;1,61706
7,899;1,30918
7,902;1,00039
7,905;0,692914
7,908;0,388966
7,911;0,0805724
7,914;0,230068
7,917;0,540731
7,92;0,84918
7,923;1,15318
7,926;1,45053
7,929;1,73904
7,932;2,01659
7,935;2,28113
7,938;2,53068
7,941;2,76338
7,944;2,97745
7,947;3,17127
7,95;3,34332
7,953;3,49225
7,956;3,61688
7,959;3,71619
7,962;3,78931
7,965;3,8356
7,968;3,85457
7,971;3,84595
7,974;3,80966
7,977;3,74582
7,98;3,65474
7,983;3,53693
7,986;3,39311
7,989;3,22417
7,992;3,03121
7,995;2,81548
7,998;2,57842
8,001;2,32163
8,004;2,04685
8,007;1,75597
8,01;1,45099
8,013;1,13405
8,016;0,807357
8,019;0,473215
8,022;0,133993
8,025;0,207895
8,028;0,549999
8,031;0,889859
8,034;1,22502
8,037;1,56321
8,04;1,90203
8,043;2,23904
8,046;2,5718
8,049;2,89789
8,052;3,21492
8,055;3,52058
8,058;3,8126
8,061;4,0888
8,064;4,34712
8,067;4,58561
8,07;4,80243
8,073;4,99592
8,076;5,16457
8,079;5,30703
8,082;5,42214
8,085;5,50892
8,088;5,56661
8,091;5,59464
8,094;5,59266
8,097;5,56051
8,1;5,49828
8,103;5,40626
8,106;5,28495
8,109;5,13508
8,112;4,95758
8,115;4,75357
8,118;4,5244
8,121;4,27158
8,124;3,99681
8,127;3,70195
8,13;3,38903
8,133;3,06019
8,136;2,71773
8,139;2,36404
8,142;2,00161
8,145;1,633
8,148;1,26083
8,151;0,887773
8,154;0,516499
8,157;0,149696
8,16;0,220157
8,163;0,590412
8,166;0,958404
8,169;1,32147
8,172;1,67698
8,175;2,02232
8,178;2,35497
8,181;2,67245
8,184;2,9724
8,187;3,25258
8,19;3,51085
8,193;3,74526
8,196;3,95398
8,199;4,13538
8,202;4,28802
8,205;4,41064
8,208;4,5022
8,211;4,56189
8,214;4,58911
8,217;4,58348
8,22;4,5449
8,223;4,47345
8,226;4,36949
8,229;4,23358
8,232;4,06656
8,235;3,86945
8,238;3,64352
8,241;3,39024
8,244;3,1113
8,247;2,80857
8,25;2,48411
8,253;2,14014
8,256;1,77904
8,259;1,40331
8,262;1,01559
8,265;0,618608
8,268;0,215168
8,271;0,191855
8,274;0,59955
8,277;1,00498
8,28;1,40523
8,283;1,80755
8,286;2,20907
8,289;2,6069
8,292;2,99814
8,295;3,37995
8,298;3,74952
8,301;4,10414
8,304;4,44117
8,307;4,7581
8,31;5,05254
8,313;5,32225
8,316;5,56515
8,319;5,77937
8,322;5,96322
8,325;6,1152
8,328;6,23406
8,331;6,31877
8,334;6,36855
8,337;6,38285
8,34;6,36139
8,343;6,30413
8,346;6,2113
8,349;6,08339
8,352;5,92113
8,355;5,72552
8,358;5,49778
8,361;5,23939
8,364;4,95206
8,367;4,63769
8,37;4,29842
8,373;3,93655
8,376;3,55458
8,379;3,15514
8,382;2,74103
8,385;2,31515
8,388;1,88051
8,391;1,44018
8,394;0,997314
8,397;0,555083
8,4;0,116674
8,403;0,324918
8,406;0,766531
8,409;1,20498
8,412;1,63711
8,415;2,05975
8,418;2,46983
8,421;2,86432
8,424;3,2403
8,427;3,59497
8,43;3,92566
8,433;4,22987
8,436;4,50528
8,439;4,74974
8,442;4,96133
8,445;5,13837
8,448;5,2794
8,451;5,38321
8,454;5,44887
8,457;5,4757
8,46;5,46331
8,463;5,41158
8,466;5,32069
8,469;5,19107
8,472;5,02347
8,475;4,81889
8,478;4,57862
8,481;4,30419
8,484;3,99741
8,487;3,66032
8,49;3,29519
8,493;2,90449
8,496;2,49091
8,499;2,05731
8,502;1,60671
8,505;1,14226
8,508;0,667238
8,511;0,185002
8,514;0,30101
8,517;0,787319
8,52;1,27042
8,523;1,75701
8,526;2,2436
8,529;2,72668
8,532;3,20276
8,535;3,66838
8,538;4,12012
8,541;4,55467
8,544;4,9688
8,547;5,35942
8,55;5,72361
8,553;6,05861
8,556;6,36184
8,559;6,63096
8,562;6,86385
8,565;7,05866
8,568;7,21377
8,571;7,32788
8,574;7,39993
8,577;7,4292
8,58;7,41524
8,583;7,35795
8,586;7,25749
8,589;7,11438
8,592;6,92942
8,595;6,70373
8,598;6,43871
8,601;6,13608
8,604;5,79781
8,607;5,42616
8,61;5,02362
8,613;4,59294
8,616;4,13707
8,619;3,65916
8,622;3,16254
8,625;2,65069
8,628;2,1272
8,631;1,5958
8,634;1,06026
8,637;0,524426
8,64;0,00785433
8,643;0,54291
8,646;1,0769
8,649;1,60598
8,652;2,12631
8,655;2,6341
8,658;3,12563
8,661;3,59728
8,664;4,04554
8,667;4,46706
8,67;4,85868
8,673;5,21742
8,676;5,54052
8,679;5,82547
8,682;6,07003
8,685;6,27222
8,688;6,43036
8,691;6,54308
8,694;6,60935
8,697;6,62844
8,7;6,59997
8,703;6,52389
8,706;6,40051
8,709;6,23047
8,712;6,01475
8,715;5,75466
8,718;5,45185
8,721;5,10828
8,724;4,7262
8,727;4,30817
8,73;3,85701
8,733;3,3758
8,736;2,86785
8,739;2,33667
8,742;1,78597
8,745;1,21961
8,748;0,641581
8,751;0,0559946
8,754;0,532976
8,757;1,12111
8,76;1,70416
8,763;2,2881
8,766;2,86871
8,769;3,44181
8,772;4,00323
8,775;4,54886
8,778;5,0747
8,781;5,57685
8,784;6,05158
8,787;6,49532
8,79;6,90473
8,793;7,27666
8,796;7,60826
8,799;7,89692
8,802;8,14035
8,805;8,33654
8,808;8,48386
8,811;8,58097
8,814;8,62693
8,817;8,62113
8,82;8,56334
8,823;8,45372
8,826;8,29278
8,829;8,08141
8,832;7,82088
8,835;7,5128
8,838;7,15914
8,841;6,76222
8,844;6,32466
8,847;5,84942
8,85;5,3397
8,853;4,799
8,856;4,23106
8,859;3,63982
8,862;3,02942
8,865;2,40415
8,868;1,76844
8,871;1,12681
8,874;0,483849
8,877;0,155821
8,88;0,797759
8,883;1,43736
8,886;2,06999
8,889;2,69108
8,892;3,29608
8,895;3,88056
8,898;4,44021
8,901;4,97086
8,904;5,46854
8,907;5,9295
8,91;6,35023
8,913;6,72748
8,916;7,05833
8,919;7,34014
8,922;7,57063
8,925;7,74787
8,928;7,87031
8,931;7,93679
8,934;7,94653
8,937;7,89918
8,94;7,79476
8,943;7,63374
8,946;7,41699
8,949;7,14577
8,952;6,82176
8,955;6,447
8,958;6,02395
8,961;5,55538
8,964;5,04444
8,967;4,49459
8,97;3,90958
8,973;3,29345
8,976;2,65046
8,979;1,98511
8,982;1,30207
8,985;0,606169
8,988;0,0976533
8,991;0,804369
8,994;1,5089
8,997;2,21636
9;2,92165
9,003;3,61969
9,006;4,30542
9,009;4,97384
9,012;5,62004
9,015;6,23925
9,018;6,82688
9,021;7,37853
9,024;7,89004
9,027;8,35752
9,03;8,77738
9,033;9,14634
9,036;9,46149
9,039;9,72027
9,042;9,92053
9,045;10,0605
9,048;10,1389
9,051;10,1549
9,054;10,1079
9,057;9,99798
9,06;9,82565
9,063;9,59181
9,066;9,2978
9,069;8,94544
9,072;8,53696
9,075;8,07501
9,078;7,56263
9,081;7,00326
9,084;6,40067
9,087;5,75899
9,09;5,08262
9,093;4,37626
9,096;3,64483
9,099;2,89348
9,102;2,1275
9,105;1,35235
9,108;0,573542
9,111;0,203324
9,114;0,982829
9,117;1,75938
9,12;2,52736
9,123;3,2812
9,126;4,0154
9,129;4,72457
9,132;5,40347
9,135;6,04706
9,138;6,65053
9,141;7,20931
9,144;7,71916
9,147;8,17614
9,15;8,57669
9,153;8,91764
9,156;9,19622
9,159;9,4101
9,162;9,5574
9,165;9,63671
9,168;9,64712
9,171;9,58819
9,174;9,45998
9,177;9,26305
9,18;8,99847
9,183;8,66779
9,186;8,27304
9,189;7,81674
9,192;7,30185
9,195;6,73178
9,198;6,11033
9,201;5,44172
9,204;4,73052
9,207;3,98162
9,21;3,20023
9,213;2,39179
9,216;1,56199
9,219;0,716698
9,222;0,138089
9,225;0,996263
9,228;1,85166
9,231;2,7083
9,234;3,56001
9,237;4,40063
9,24;5,22406
9,243;6,02428
9,246;6,7954
9,249;7,53172
9,252;8,22776
9,255;8,8783
9,258;9,47842
9,261;10,0235
9,264;10,5094
9,267;10,9323
9,27;11,2888
9,273;11,576
9,276;11,7914
9,279;11,9332
9,282;11,9999
9,285;11,9907
9,288;11,9052
9,291;11,7437
9,294;11,5069
9,297;11,1961
9,3;10,8132
9,303;10,3606
9,306;9,84121
9,309;9,25834
9,312;8,6159
9,315;7,91821
9,318;7,16999
9,321;6,37637
9,324;5,54284
9,327;4,67519
9,33;3,77948
9,333;2,86202
9,336;1,9293
9,339;0,987955
9,342;0,0447231
9,345;0,893617
9,348;1,83047
9,351;2,75907
9,354;3,6727
9,357;4,56471
9,36;5,42854
9,363;6,25785
9,366;7,04648
9,369;7,78854
9,372;8,47844
9,375;9,11095
9,378;9,68122
9,381;10,1848
9,384;10,6177
9,387;10,9766
9,39;11,2583
9,393;11,4604
9,396;11,5812
9,399;11,6193
9,402;11,574
9,405;11,4451
9,408;11,2333
9,411;10,9396
9,414;10,5656
9,417;10,1137
9,42;9,58662
9,423;8,98788
9,426;8,32138
9,429;7,59156
9,432;6,80336
9,435;5,96213
9,438;5,07367
9,441;4,14412
9,444;3,17996
9,447;2,18795
9,45;1,1751
9,453;0,148587
9,456;0,884273
9,459;1,91607
9,462;2,94956
9,465;3,97731
9,468;4,99188
9,471;5,9859
9,474;6,95212
9,477;7,88342
9,48;8,77292
9,483;9,614
9,486;10,4004
9,489;11,126
9,492;11,7855
9,495;12,3736
9,498;12,8859
9,501;13,3181
9,504;13,6669
9,507;13,9291
9,51;14,1026
9,513;14,1855
9,516;14,1768
9,519;14,0762
9,522;13,8838
9,525;13,6005
9,528;13,228
9,531;12,7684
9,534;12,2246
9,537;11,6001
9,54;10,8989
9,543;10,1257
9,546;9,28573
9,549;8,38465
9,552;7,42862
9,555;6,42426
9,558;5,37855
9,561;4,29878
9,564;3,19257
9,567;2,06774
9,57;0,932293
9,573;0,205654
9,576;1,33792
9,579;2,4665
9,582;3,58326
9,585;4,68009
9,588;5,74898
9,591;6,78211
9,594;7,77184
9,597;8,71083
9,6;9,59204
9,603;10,4088
9,606;11,155
9,609;11,8248
9,612;12,413
9,615;12,9149
9,618;13,3266
9,621;13,6445
9,624;13,8658
9,627;13,9886
9,63;14,0113
9,633;13,9333
9,636;13,7547
9,639;13,4762
9,642;13,0992
9,645;12,6261
9,648;12,0596
9,651;11,4034
9,654;10,6618
9,657;9,83963
9,66;8,94239
9,663;7,97617
9,666;6,94755
9,669;5,86363
9,672;4,73191
9,675;3,56031
9,678;2,35704
9,681;1,13061
9,684;0,110278
9,687;1,35676
9,69;2,59989
9,693;3,84088
9,696;5,0708
9,699;6,28071
9,702;7,46182
9,705;8,60546
9,708;9,70321
9,711;10,7469
9,714;11,7288
9,717;12,6415
9,72;13,478
9,723;14,2319
9,726;14,8974
9,729;15,4692
9,732;15,9427
9,735;16,3141
9,738;16,58
9,741;16,738
9,744;16,7865
9,747;16,7244
9,75;16,5518
9,753;16,2692
9,756;15,8781
9,759;15,3808
9,762;14,7803
9,765;14,0803
9,768;13,2854
9,771;12,4009
9,774;11,4326
9,777;10,3871
9,78;9,27148
9,783;8,09341
9,786;6,86107
9,789;5,58303
9,792;4,26827
9,795;2,92606
9,798;1,56592
9,801;0,197557
9,804;1,16923
9,807;2,53477
9,81;3,88922
9,813;5,22278
9,816;6,52573
9,819;7,78853
9,822;9,00189
9,825;10,1568
9,828;11,2447
9,831;12,2573
9,834;13,187
9,837;14,0266
9,84;14,7697
9,843;15,4104
9,846;15,9435
9,849;16,3646
9,852;16,6702
9,855;16,8574
9,858;16,9243
9,861;16,8697
9,864;16,6935
9,867;16,3962
9,87;15,9793
9,873;15,4453
9,876;14,7974
9,879;14,0397
9,882;13,177
9,885;12,2149
9,888;11,16
9,891;10,0194
9,894;8,80068
9,897;7,51235
9,9;6,16331
9,903;4,76293
9,906;3,32105
9,909;1,84782
9,912;0,353687
9,915;1,1507
9,918;2,65456
9,921;4,15724
9,924;5,64793
9,927;7,11582
9,93;8,55022
9,933;9,94065
9,936;11,2768
9,939;12,5489
9,942;13,7474
9,945;14,8632
9,948;15,8879
9,951;16,8137
9,954;17,6334
9,957;18,3405
9,96;18,9293
9,963;19,395
9,966;19,7336
9,969;19,942
9,972;20,018
9,975;19,9605
9,978;19,769
9,981;19,4443
9,984;18,988
9,987;18,4028
9,99;17,6921
9,993;16,8605
9,996;15,9133
9,999;14,8567
10,002;13,6977
10,005;12,4442
10,008;11,1048
10,011;9,6885
10,014;8,20522
10,017;6,66527
10,02;5,07944
10,023;3,45891
10,026;1,81516
10,029;0,159925
10,032;1,49495
10,035;3,14774
10,038;4,78652
10,041;6,39942
10,044;7,9747
10,047;9,50081
10,05;10,9665
10,053;12,361
10,056;13,6737
10,059;14,8949
10,062;16,0153
10,065;17,0262
10,068;17,9199
10,071;18,6892
10,074;19,3281
10,077;19,8312
10,08;20,1941
10,083;20,4137
10,086;20,4874
10,089;20,4141
10,092;20,1935
10,095;19,8265
10,098;19,3148
10,101;18,6614
10,104;17,8704
10,107;16,9467
10,11;15,8962
10,113;14,7258
10,116;13,4434
10,119;12,0576
10,122;10,5778
10,125;9,01427
10,128;7,37775
10,131;5,67966
10,134;3,93192
10,137;2,14683
10,14;0,337077
10,143;1,48445
10,146;3,30471
10,149;5,12075
10,152;6,91948
10,155;8,68787
10,158;10,413
10,161;12,0823
10,164;13,6834
10,167;15,2043
10,17;16,6339
10,173;17,9612
10,176;19,1763
10,179;20,2697
10,182;21,233
10,185;22,0585
10,188;22,7396
10,191;23,2706
10,194;23,647
10,197;23,8652
10,2;23,9228
10,203;23,8186
10,206;23,5525
10,209;23,1255
10,212;22,54
10,215;21,7992
10,218;20,9077
10,221;19,8712
10,224;18,6963
10,227;17,3908
10,23;15,9635
10,233;14,4239
10,236;12,7825
10,239;11,0507
10,242;9,2405
10,245;7,36443
10,248;5,43571
10,251;3,46793
10,254;1,47508
10,257;0,528645
10,26;2,52886
10,263;4,52133
10,266;6,49168
10,269;8,42559
10,272;10,309
10,275;12,128
10,278;13,8692
10,281;15,5196
10,284;17,067
10,287;18,4996
10,29;19,8065
10,293;20,9777
10,296;22,0039
10,299;22,8772
10,302;23,5903
10,305;24,1374
10,308;24,5136
10,311;24,7153
10,314;24,7401
10,317;24,5871
10,32;24,2562
10,323;23,7491
10,326;23,0684
10,329;22,2181
10,332;21,2035
10,335;20,0311
10,338;18,7083
10,341;17,2441
10,344;15,6481
10,347;13,9313
10,35;12,1053
10,353;10,1826
10,356;8,17678
10,359;6,10168
10,362;3,97191
10,365;1,80254
10,368;0,391024
10,371;2,59312
10,374;4,78793
10,377;6,9698
10,38;9,12295
10,383;11,2317
10,386;13,2807
10,389;15,2549
10,392;17,1396
10,395;18,9208
10,398;20,5851
10,401;22,1201
10,404;23,5138
10,407;24,7557
10,41;25,8358
10,413;26,7457
10,416;27,4779
10,419;28,0261
10,422;28,3855
10,425;28,5526
10,428;28,525
10,431;28,3021
10,434;27,8843
10,437;27,2737
10,44;26,4737
10,443;25,489
10,446;24,3258
10,449;22,9915
10,452;21,4949
10,455;19,8459
10,458;18,0555
10,461;16,1359
10,464;14,1002
10,467;11,9626
10,47;9,73786
10,473;7,44155
10,476;5,08983
10,479;2,69936
10,482;0,287141
10,485;2,12957
10,488;4,54358
10,491;6,93749
10,494;9,29396
10,497;11,5958
10,5;13,8263
10,503;15,9688
10,506;18,0075
10,509;19,9273
10,512;21,7137
10,515;23,353
10,518;24,8328
10,521;26,1416
10,524;27,269
10,527;28,206
10,53;28,9448
10,533;29,4792
10,536;29,8042
10,539;29,9163
10,542;29,8136
10,545;29,4959
10,548;28,9641
10,551;28,2212
10,554;27,2712
10,557;26,12
10,56;24,7749
10,563;23,2444
10,566;21,5386
10,569;19,669
10,572;17,6481
10,575;15,4897
10,578;13,2086
10,581;10,8206
10,584;8,34235
10,587;5,7912
10,59;3,18516
10,593;0,54269
10,596;2,11736
10,599;4,77594
10,602;7,42407
10,605;10,0426
10,608;12,6126
10,611;15,1153
10,614;17,5323
10,617;19,8457
10,62;22,0384
10,623;24,0939
10,626;25,9968
10,629;27,7325
10,632;29,2876
10,635;30,6501
10,638;31,8092
10,641;32,7553
10,644;33,4806
10,647;33,9788
10,65;34,2451
10,653;34,2762
10,656;34,0709
10,659;33,6293
10,662;32,9534
10,665;32,0468
10,668;30,9149
10,671;29,5647
10,674;28,0047
10,677;26,245
10,68;24,2974
10,683;22,1748
10,686;19,8916
10,689;17,4635
10,692;14,9071
10,695;12,2402
10,698;9,48145
10,701;6,65018
10,704;3,76643
10,707;0,850689
10,71;2,07622
10,713;4,99329
10,716;7,88963
10,719;10,7443
10,722;13,5365
10,725;16,2458
10,728;18,8524
10,731;21,3368
10,734;23,6805
10,737;25,866
10,74;27,8767
10,743;29,6972
10,746;31,3134
10,749;32,7127
10,752;33,8837
10,755;34,8169
10,758;35,5044
10,761;35,9399
10,764;36,1189
10,767;36,0388
10,77;35,699
10,773;35,1004
10,776;34,246
10,779;33,1407
10,782;31,7911
10,785;30,2056
10,788;28,3945
10,791;26,3695
10,794;24,1443
10,797;21,7337
10,8;19,1541
10,803;16,4233
10,806;13,5601
10,809;10,5845
10,812;7,51719
10,815;4,37991
10,818;1,19484
10,821;2,01533
10,824;5,22762
10,827;8,42909
10,83;11,5966
10,833;14,7073
10,836;17,7383
10,839;20,6675
10,842;23,4733
10,845;26,1348
10,848;28,632
10,851;30,9462
10,854;33,0597
10,857;34,9563
10,86;36,6213
10,863;38,0413
10,866;39,2049
10,869;40,1024
10,872;40,726
10,875;41,0697
10,878;41,1296
10,881;40,9038
10,884;40,3924
10,887;39,5977
10,89;38,5238
10,893;37,1771
10,896;35,5659
10,899;33,7003
10,902;31,5925
10,905;29,2564
10,908;26,7076
10,911;23,9634
10,914;21,0425
10,917;17,965
10,92;14,7523
10,923;11,4268
10,926;8,01184
10,929;4,53155
10,932;1,01066
10,935;2,5257
10,938;6,05214
10,941;9,55341
10,944;13,0042
10,947;16,3793
10,95;19,6541
10,953;22,8045
10,956;25,8072
10,959;28,6397
10,962;31,2808
10,965;33,7105
10,968;35,9101
10,971;37,8628
10,974;39,553
10,977;40,9673
10,98;42,094
10,983;42,9236
10,986;43,4485
10,989;43,6634
10,992;43,5651
10,995;43,1526
10,998;42,4274
11,001;41,393
11,004;40,0553
11,007;38,4223
11,01;36,5042
11,013;34,3133
11,016;31,8641
11,019;29,1728
11,022;26,2575
11,025;23,138
11,028;19,8358
11,031;16,3737
11,034;12,7758
11,037;9,06719
11,04;5,2741
11,043;1,42338
11,046;2,45755
11,049;6,3409
11,052;10,2089
11,055;14,0337
11,058;17,7874
11,061;21,4426
11,064;24,9726
11,067;28,3513
11,07;31,5536
11,073;34,5554
11,076;37,3342
11,079;39,8687
11,082;42,1394
11,085;44,1287
11,088;45,8207
11,091;47,2018
11,094;48,2602
11,097;48,9869
11,1;49,3747
11,103;49,4191
11,106;49,1181
11,109;48,472
11,112;47,4837
11,115;46,1584
11,118;44,504
11,121;42,5308
11,124;40,2511
11,127;37,6799
11,13;34,8342
11,133;31,733
11,136;28,3973
11,139;24,8499
11,142;21,1153
11,145;17,2193
11,148;13,1892
11,151;9,0533
11,154;4,84084
11,157;0,581742
11,16;3,69358
11,163;7,9646
11,166;12,2005
11,169;16,3707
11,172;20,4448
11,175;24,3929
11,178;28,186
11,181;31,7959
11,184;35,1958
11,187;38,36
11,19;41,2645
11,193;43,887
11,196;46,2073
11,199;48,207
11,202;49,8701
11,205;51,1828
11,208;52,1339
11,211;52,7147
11,214;52,9189
11,217;52,7433
11,22;52,1871
11,223;51,2523
11,226;49,9438
11,229;48,2688
11,232;46,2377
11,235;43,8632
11,238;41,1606
11,241;38,1476
11,244;34,8444
11,247;31,2731
11,25;27,4582
11,253;23,4259
11,256;19,2039
11,259;14,8218
11,262;10,3103
11,265;5,70109
11,268;1,02697
11,271;3,6788
11,274;8,38248
11,277;13,0604
11,28;17,6787
11,283;22,2039
11,286;26,6028
11,289;30,8432
11,292;34,8937
11,295;38,7241
11,298;42,3058
11,301;45,6116
11,304;48,6163
11,307;51,2967
11,31;53,6319
11,313;55,6031
11,316;57,1944
11,319;58,3923
11,322;59,186
11,325;59,5679
11,328;59,5331
11,331;59,0795
11,334;58,2083
11,337;56,9236
11,34;55,2325
11,343;53,145
11,346;50,6741
11,349;47,8357
11,352;44,6482
11,355;41,1328
11,358;37,3131
11,361;33,2149
11,364;28,8665
11,367;24,2977
11,37;19,5403
11,373;14,6276
11,376;9,59415
11,379;4,47558
11,382;0,691718
11,385;5,87078
11,388;11,0346
11,391;16,1458
11,394;21,1675
11,397;26,0629
11,4;30,7962
11,403;35,3324
11,406;39,6379
11,409;43,6804
11,412;47,4296
11,415;50,8568
11,418;53,9357
11,421;56,6424
11,424;58,9553
11,427;60,8559
11,43;62,3283
11,433;63,3596
11,436;63,9401
11,439;64,0634
11,442;63,7261
11,445;62,9283
11,448;61,6734
11,451;59,9679
11,454;57,8218
11,457;55,2484
11,46;52,2638
11,463;48,8875
11,466;45,1417
11,469;41,0514
11,472;36,6444
11,475;31,9507
11,478;27,0026
11,481;21,8344
11,484;16,4822
11,487;10,9835
11,49;5,37728
11,493;0,296778
11,496;5,99814
11,499;11,6859
11,502;17,3292
11,505;22,8872
11,508;28,3195
11,511;33,5862
11,514;38,6486
11,517;43,4692
11,52;48,0119
11,523;52,2428
11,526;56,1296
11,529;59,6426
11,532;62,7545
11,535;65,441
11,538;67,6803
11,541;69,4541
11,544;70,7472
11,547;71,5477
11,55;71,8474
11,553;71,6415
11,556;70,9287
11,559;69,7118
11,562;67,9966
11,565;65,7931
11,568;63,1146
11,571;59,9778
11,574;56,403
11,577;52,4136
11,58;48,0362
11,583;43,3003
11,586;38,2381
11,589;32,8845
11,592;27,2763
11,595;21,4527
11,598;15,4544
11,601;9,32387
11,604;3,1044
11,607;3,15964
11,61;9,42339
11,613;15,6519
11,616;21,8002
11,619;27,8236
11,622;33,678
11,625;39,3204
11,628;44,7092
11,631;49,8041
11,634;54,567
11,637;58,9618
11,64;62,9551
11,643;66,5158
11,646;69,6163
11,649;72,2317
11,652;74,3407
11,655;75,9254
11,658;76,9719
11,661;77,4696
11,664;77,4122
11,667;76,7971
11,67;75,6261
11,673;73,9044
11,676;71,6418
11,679;68,8517
11,682;65,5513
11,685;61,7619
11,688;57,5082
11,691;52,8184
11,694;47,724
11,697;42,2595
11,7;36,4624
11,703;30,3726
11,706;24,0326
11,709;17,4867
11,712;10,7809
11,715;3,96261
11,718;2,91956
11,721;9,81644
11,724;16,6886
11,727;23,4865
11,73;30,1607
11,733;36,6627
11,736;42,9445
11,739;48,96
11,742;54,6643
11,745;60,0148
11,748;64,9712
11,751;69,4957
11,754;73,5534
11,757;77,1128
11,76;80,1456
11,763;82,6272
11,766;84,537
11,769;85,8581
11,772;86,5781
11,775;86,6885
11,778;86,1855
11,781;85,0694
11,784;83,3452
11,787;81,022
11,79;78,1135
11,793;74,6376
11,796;70,6163
11,799;66,0758
11,802;61,0461
11,805;55,5608
11,808;49,657
11,811;43,3752
11,814;36,7585
11,817;29,8528
11,82;22,7065
11,823;15,3695
11,826;7,89394
11,829;0,332739
11,832;7,26005
11,835;14,8401
11,838;22,3528
11,841;29,7437
11,844;36,9589
11,847;43,9456
11,85;50,6523
11,853;57,0293
11,856;63,0288
11,859;68,6058
11,862;73,7179
11,865;78,3259
11,868;82,3939
11,871;85,89
11,874;88,7859
11,877;91,0576
11,88;92,6856
11,883;93,6548
11,886;93,9548
11,889;93,5799
11,892;92,5294
11,895;90,8072
11,898;88,4224
11,901;85,3886
11,904;81,7242
11,907;77,4525
11,91;72,601
11,913;67,2015
11,916;61,2902
11,919;54,907
11,922;48,0952
11,925;40,9019
11,928;33,3767
11,931;25,5721
11,934;17,5429
11,937;9,34564
11,94;1,03857
11,943;7,31911
11,946;15,6675
11,949;23,9566
11,952;32,1264
11,955;40,1176
11,958;47,8715
11,961;55,3312
11,964;62,4415
11,967;69,1492
11,97;75,4041
11,973;81,1587
11,976;86,3691
11,979;90,9947
11,982;94,9994
11,985;98,351
11,988;101,022
