0,004;0
0,008;0,000113137
0,012;0,00033911
0,016;0,000675806
0,02;0,00111932
0,024;0,00166397
0,028;0,0023024
0,032;0,00302563
0,036;0,00382324
0,04;0,00468345
0,044;0,00559333
0,048;0,00653899
0,052;0,00750576
0,056;0,00847848
0,06;0,00944164
0,064;0,0103797
0,068;0,0112774
0,072;0,0121197
0,076;0,0128924
0,08;0,0135824
0,084;0,0141773
0,088;0,0146665
0,092;0,0150407
0,096;0,0152923
0,1;0,0154158
0,104;0,0154074
0,108;0,0152655
0,112;0,0149906
0,116;0,0145853
0,12;0,0140544
0,124;0,0134047
0,128;0,012645
0,132;0,0117859
0,136;0,01084
0,14;0,00982116
0,144;0,00874473
0,148;0,00762717
0,152;0,00648582
0,156;0,00533861
0,16;0,00420382
0,164;0,00309978
0,168;0,00204456
0,172;0,00105569
0,176;0,000149887
0,18;0,000657257
0,184;0,00135151
0,188;0,00192026
0,192;0,00235273
0,196;0,00264019
0,2;0,00277609
0,204;0,00275626
0,208;0,00257892
0,212;0,00224482
0,216;0,00175722
0,22;0,00112185
0,224;0,000346932
0,228;0,000557009
0,232;0,00157723
0,236;0,00269895
0,24;0,00390558
0,244;0,00517895
0,248;0,00649958
0,252;0,00784695
0,256;0,00919987
0,26;0,0105368
0,264;0,0118361
0,268;0,0130764
0,272;0,0142372
0,276;0,0152989
0,28;0,016243
0,284;0,017053
0,288;0,0177141
0,292;0,0182136
0,296;0,0185416
0,3;0,0186904
0,304;0,0186553
0,308;0,0184344
0,312;0,0180287
0,316;0,0174423
0,32;0,0166821
0,324;0,0157581
0,328;0,0146827
0,332;0,0134711
0,336;0,0121411
0,34;0,0107121
0,344;0,0092059
0,348;0,00764541
0,352;0,00605494
0,356;0,00445951
0,36;0,0028846
0,364;0,00135567
0,368;0,000102198
0,372;0,00146473
0,376;0,00270886
0,38;0,0038131
0,384;0,00475791
0,388;0,00552606
0,392;0,00610289
0,396;0,00647664
0,4;0,0066386
0,404;0,00658337
0,408;0,00630893
0,412;0,00581675
0,416;0,00511181
0,42;0,00420254
0,424;0,00310076
0,428;0,00182155
0,432;0,000383002
0,436;0,00119399
0,44;0,00288605
0,444;0,00466763
0,448;0,00651141
0,452;0,00838874
0,456;0,01027
0,46;0,0121252
0,464;0,0139242
0,468;0,0156376
0,472;0,0172368
0,476;0,0186946
0,48;0,0199859
0,484;0,0210878
0,488;0,0219801
0,492;0,0226457
0,496;0,023071
0,5;0,023246
0,504;0,0231646
0,508;0,0228245
0,512;0,0222279
0,516;0,0213808
0,52;0,0202935
0,524;0,01898
0,528;0,0174586
0,532;0,0157506
0,536;0,013881
0,54;0,0118776
0,544;0,00977046
0,548;0,00759208
0,552;0,00537631
0,556;0,00315812
0,56;0,000972962
0,564;0,00114376
0,568;0,00315728
0,572;0,00503398
0,576;0,00674203
0,58;0,00825184
0,584;0,00953662
0,588;0,0105728
0,592;0,0113405
0,596;0,0118238
0,6;0,0120113
0,604;0,011896
0,608;0,0114756
0,612;0,0107529
0,616;0,00973539
0,62;0,00843539
0,624;0,00686996
0,628;0,0050606
0,632;0,003033
0,636;0,000816709
0,64;0,00155534
0,644;0,00404727
0,648;0,0066208
0,652;0,00923585
0,656;0,0118511
0,66;0,0144248
0,664;0,0169151
0,668;0,0192812
0,672;0,0214834
0,676;0,0234844
0,68;0,0252494
0,684;0,0267471
0,688;0,02795
0,692;0,0288349
0,696;0,0293833
0,7;0,029582
0,704;0,0294233
0,708;0,0289047
0,712;0,02803
0,716;0,0268082
0,72;0,0252543
0,724;0,0233888
0,728;0,0212373
0,732;0,0188305
0,736;0,0162034
0,74;0,0133952
0,744;0,0104484
0,748;0,00740819
0,752;0,00432209
0,756;0,00123883
0,76;0,00179223
0,764;0,00472188
0,768;0,00750191
0,772;0,0100858
0,776;0,0124297
0,78;0,0144928
0,784;0,0162384
0,788;0,0176343
0,792;0,0186536
0,796;0,0192748
0,8;0,0194828
0,804;0,0192687
0,808;0,0186303
0,812;0,0175722
0,816;0,0161057
0,82;0,0142488
0,824;0,012026
0,828;0,00946802
0,832;0,00661132
0,836;0,0034976
0,84;0,000173277
0,844;0,00331128
0,848;0,00690246
0,852;0,0105442
0,856;0,014179
0,86;0,0177485
0,864;0,0211947
0,868;0,0244609
0,872;0,0274924
0,876;0,0302376
0,88;0,0326488
0,884;0,0346828
0,888;0,0363022
0,892;0,0374754
0,896;0,0381779
0,9;0,038392
0,904;0,0381078
0,908;0,0373233
0,912;0,0360442
0,916;0,0342845
0,92;0,032066
0,924;0,0294179
0,928;0,026377
0,932;0,0229867
0,936;0,0192965
0,94;0,0153614
0,944;0,0112413
0,948;0,00699953
0,952;0,00270233
0,956;0,00158227
0,96;0,00578553
0,964;0,00983914
0,968;0,0136762
0,972;0,0172325
0,976;0,0204474
0,98;0,0232648
0,984;0,0256344
0,988;0,0275123
0,992;0,028862
0,996;0,0296547
1;0,0298703
1,004;0,0294978
1,008;0,0285352
1,012;0,02699
1,016;0,0248793
1,02;0,0222293
1,024;0,0190751
1,028;0,0154605
1,032;0,0114372
1,036;0,00706408
1,04;0,00240653
1,044;0,00246476
1,048;0,0074747
1,052;0,012545
1,056;0,0175953
1,06;0,0225445
1,064;0,0273122
1,068;0,0318196
1,072;0,0359911
1,076;0,0397555
1,08;0,0430471
1,084;0,045807
1,088;0,047984
1,092;0,0495353
1,096;0,0504279
1,1;0,0506387
1,104;0,0501553
1,108;0,048976
1,112;0,0471105
1,116;0,0445796
1,12;0,0414147
1,124;0,0376582
1,128;0,0333621
1,132;0,0285882
1,136;0,0234063
1,14;0,0178939
1,144;0,0121349
1,148;0,00621811
1,152;0,000236045
1,156;0,00571642
1,16;0,0115436
1,164;0,0171507
1,168;0,022445
1,172;0,0273377
1,176;0,031745
1,18;0,0355901
1,184;0,0388038
1,188;0,0413264
1,192;0,0431082
1,196;0,044111
1,2;0,0443082
1,204;0,0436859
1,208;0,0422433
1,212;0,0399924
1,216;0,0369584
1,22;0,0331796
1,224;0,0287063
1,228;0,023601
1,232;0,0179368
1,236;0,011797
1,24;0,00527345
1,244;0,0015346
1,248;0,00852202
1,252;0,0155794
1,256;0,0225947
1,26;0,0294552
1,264;0,036049
1,268;0,0422671
1,272;0,048005
1,276;0,0531644
1,28;0,0576551
1,284;0,0613964
1,288;0,0643183
1,292;0,0663632
1,296;0,0674867
1,3;0,0676586
1,304;0,0668633
1,308;0,0651008
1,312;0,0623863
1,316;0,0587505
1,32;0,0542395
1,324;0,0489135
1,328;0,0428471
1,332;0,0361274
1,336;0,0288531
1,34;0,0211334
1,344;0,0130857
1,348;0,00483454
1,352;0,00349089
1,356;0,0117583
1,36;0,0198347
1,364;0,0275883
1,368;0,0348908
1,372;0,0416192
1,376;0,0476582
1,38;0,0529022
1,384;0,0572564
1,388;0,0606395
1,392;0,0629843
1,396;0,0642395
1,4;0,0643705
1,404;0,0633602
1,408;0,0612094
1,412;0,0579376
1,416;0,0535819
1,42;0,0481977
1,424;0,0418575
1,428;0,0346498
1,432;0,0266785
1,436;0,018061
1,44;0,0089264
1,444;0,00058594
1,448;0,0103289
1,452;0,0201496
1,456;0,029892
1,46;0,0393991
1,464;0,0485158
1,468;0,0570909
1,472;0,0649801
1,476;0,0720478
1,48;0,0781702
1,484;0,0832366
1,488;0,087152
1,492;0,0898382
1,496;0,091236
1,5;0,0913058
1,504;0,0900287
1,508;0,0874073
1,512;0,0834656
1,516;0,078249
1,52;0,071824
1,524;0,0642773
1,528;0,0557147
1,532;0,0462596
1,536;0,0360514
1,54;0,0252434
1,544;0,0140006
1,548;0,00249697
1,552;0,00908684
1,556;0,0205666
1,56;0,0317572
1,564;0,0424757
1,568;0,0525445
1,572;0,0617936
1,576;0,0700642
1,58;0,0772109
1,584;0,0831044
1,588;0,0876337
1,592;0,0907081
1,596;0,092259
1,6;0,0922413
1,604;0,0906344
1,608;0,0874427
1,612;0,0826963
1,616;0,0764503
1,62;0,0687847
1,624;0,0598032
1,628;0,049632
1,632;0,0384179
1,636;0,0263264
1,64;0,0135394
1,644;0,000252108
1,648;0,0133295
1,652;0,0269921
1,656;0,0405181
1,66;0,0536893
1,664;0,0662902
1,668;0,0781117
1,672;0,0889541
1,676;0,0986309
1,68;0,106972
1,684;0,113826
1,688;0,119063
1,692;0,122578
1,696;0,124291
1,7;0,124152
1,704;0,122138
1,708;0,118256
1,712;0,112544
1,716;0,105067
1,72;0,095923
1,724;0,0852353
1,728;0,0731546
1,732;0,0598554
1,736;0,0455343
1,74;0,0304069
1,744;0,0147044
1,748;0,00132954
1,752;0,0174429
1,756;0,0333789
1,76;0,0488802
1,764;0,0636929
1,768;0,0775709
1,772;0,0902797
1,776;0,1016
1,78;0,111333
1,784;0,119301
1,788;0,125354
1,792;0,129368
1,796;0,131253
1,8;0,13095
1,804;0,128434
1,808;0,123717
1,812;0,116844
1,816;0,107897
1,82;0,0969911
1,824;0,0842749
1,828;0,0699276
1,832;0,0541571
1,836;0,0371966
1,84;0,0193017
1,844;0,000746221
1,848;0,0181817
1,852;0,0371843
1,856;0,0559584
1,86;0,0742006
1,864;0,091612
1,868;0,107903
1,872;0,122798
1,876;0,136039
1,88;0,147394
1,884;0,156655
1,888;0,163647
1,892;0,168226
1,896;0,170287
1,9;0,169765
1,904;0,166633
1,908;0,160906
1,912;0,152641
1,916;0,141937
1,92;0,128933
1,924;0,113805
1,928;0,0967675
1,932;0,0780679
1,936;0,057983
1,94;0,0368158
1,944;0,0148904
1,948;0,0074524
1,952;0,0298608
1,956;0,051977
1,96;0,0734433
1,964;0,0939077
1,968;0,113029
1,972;0,130484
1,976;0,145971
1,98;0,159215
1,984;0,169976
1,988;0,178047
1,992;0,183264
1,996;0,185505
2;0,184695
2,004;0,180806
2,008;0,173859
2,012;0,163924
2,016;0,151121
2,02;0,135617
2,024;0,117622
2,028;0,0973926
2,032;0,0752219
2,036;0,0514389
2,04;0,0264027
2,044;0,000497073
2,048;0,0258751
2,052;0,0522979
2,056;0,0783495
2,06;0,103608
2,064;0,127659
2,068;0,150101
2,072;0,170553
2,076;0,188663
2,08;0,204109
2,084;0,216608
2,088;0,225921
2,092;0,231856
2,096;0,234275
2,1;0,23309
2,104;0,228273
2,108;0,219853
2,112;0,207915
2,116;0,192606
2,12;0,174123
2,124;0,152721
2,128;0,128704
2,132;0,10242
2,136;0,0742603
2,14;0,0446499
2,144;0,0140434
2,148;0,0170826
2,152;0,0482373
2,156;0,0789224
2,16;0,108641
2,164;0,136904
2,168;0,16324
2,172;0,187203
2,176;0,208377
2,18;0,226386
2,184;0,240899
2,188;0,251639
2,192;0,258382
2,196;0,260969
2,2;0,259301
2,204;0,253349
2,208;0,24315
2,212;0,228812
2,216;0,210509
2,22;0,188481
2,224;0,16303
2,228;0,134518
2,232;0,103361
2,236;0,0700209
2,24;0,035003
2,244;0,00115491
2,248;0,0378896
2,252;0,074621
2,256;0,110761
2,26;0,145725
2,264;0,178935
2,268;0,209839
2,272;0,237911
2,276;0,262663
2,28;0,283656
2,284;0,300504
2,288;0,312881
2,292;0,320531
2,296;0,323267
2,3;0,32098
2,304;0,31364
2,308;0,301298
2,312;0,284083
2,316;0,262206
2,32;0,235956
2,324;0,205693
2,328;0,171849
2,332;0,134917
2,336;0,0954477
2,34;0,0540377
2,344;0,0113242
2,348;0,032027
2,352;0,0753306
2,356;0,117893
2,36;0,159024
2,364;0,198045
2,368;0,234305
2,372;0,267187
2,376;0,296118
2,38;0,320585
2,384;0,340135
2,388;0,35439
2,392;0,363053
2,396;0,365908
2,4;0,362834
2,404;0,353801
2,408;0,338873
2,412;0,318211
2,416;0,29207
2,42;0,260793
2,424;0,224813
2,428;0,184644
2,432;0,140871
2,436;0,0941482
2,44;0,0451825
2,444;0,00527209
2,448;0,0564282
2,452;0,107477
2,456;0,157599
2,46;0,205982
2,464;0,251827
2,468;0,294367
2,472;0,332878
2,476;0,366689
2,48;0,395197
2,484;0,417875
2,488;0,434283
2,492;0,444074
2,496;0,447004
2,5;0,442934
2,504;0,431835
2,508;0,413793
2,512;0,389002
2,516;0,35777
2,52;0,32051
2,524;0,277739
2,528;0,230067
2,532;0,17819
2,536;0,122885
2,54;0,0649888
2,544;0,00539414
2,548;0,0549683
2,552;0,115143
2,556;0,174165
2,56;0,231073
2,564;0,28493
2,568;0,334834
2,572;0,379932
2,576;0,419439
2,58;0,452649
2,584;0,478947
2,588;0,497818
2,592;0,508863
2,596;0,511801
2,6;0,506475
2,604;0,492862
2,608;0,471069
2,612;0,441334
2,616;0,404029
2,62;0,359648
2,624;0,308809
2,628;0,252237
2,632;0,190762
2,636;0,125303
2,64;0,0568521
2,644;0,0135339
2,648;0,0847549
2,652;0,155683
2,656;0,225178
2,66;0,292111
2,664;0,355375
2,668;0,41391
2,672;0,466716
2,676;0,512872
2,68;0,551551
2,684;0,582033
2,688;0,603722
2,692;0,616155
2,696;0,619007
2,7;0,612107
2,704;0,595434
2,708;0,569125
2,712;0,533473
2,716;0,488922
2,72;0,436068
2,724;0,375646
2,728;0,30852
2,732;0,235676
2,736;0,158204
2,74;0,0772799
2,744;0,0058462
2,748;0,089874
2,752;0,173471
2,756;0,255294
2,76;0,33401
2,764;0,408318
2,768;0,476971
2,772;0,538795
2,776;0,592709
2,78;0,637745
2,784;0,673065
2,788;0,697974
2,792;0,711934
2,796;0,714576
2,8;0,728334
2,804;0,753137
2,808;0,788734
2,812;0,834701
2,816;0,89044
2,82;0,955189
2,824;1,02803
2,828;1,10791
2,832;1,19365
2,836;1,28394
2,84;1,37741
2,844;1,4726
2,848;1,56801
2,852;1,66212
2,856;1,7534
2,86;1,84036
2,864;1,92155
2,868;1,9956
2,872;2,06121
2,876;2,11723
2,88;2,16264
2,884;2,19657
2,888;2,21832
2,892;2,22738
2,896;2,22343
2,9;2,20638
2,904;2,1763
2,908;2,13352
2,912;2,07855
2,916;2,01211
2,92;1,93509
2,924;1,8486
2,928;1,7539
2,932;1,65239
2,936;1,54559
2,94;1,43516
2,944;1,32281
2,948;1,21031
2,952;1,09946
2,956;0,992054
2,96;0,889857
2,964;0,794574
2,968;0,707821
2,972;0,631101
2,976;0,565775
2,98;0,490412
2,984;0,406085
2,988;0,314023
2,992;0,215595
2,996;0,112293
3;0,00570361
3,004;0,102511
3,008;0,210642
3,012;0,316958
3,016;0,419733
3,02;0,517275
3,024;0,607955
3,028;0,69023
3,032;0,762671
3,036;0,823989
3,04;0,873053
3,044;0,908916
3,048;0,930827
3,052;0,938251
3,056;0,930875
3,06;0,908619
3,064;0,871642
3,068;0,820339
3,072;0,75534
3,076;0,677501
3,08;0,587898
3,084;0,487807
3,088;0,378689
3,092;0,262171
3,096;0,140018
3,1;0,0141084
3,104;0,113592
3,108;0,241065
3,112;0,366267
3,116;0,487165
3,12;0,601768
3,124;0,708157
3,128;0,80452
3,132;0,911811
3,136;1,02846
3,14;1,15272
3,144;1,28271
3,148;1,41642
3,152;1,55177
3,156;1,6866
3,16;1,81877
3,164;1,94611
3,168;2,06652
3,172;2,17799
3,176;2,27861
3,18;2,36664
3,184;2,44048
3,188;2,49877
3,192;2,54038
3,196;2,5644
3,2;2,57024
3,204;2,55754
3,208;2,52626
3,212;2,47666
3,216;2,40929
3,22;2,32499
3,224;2,22487
3,228;2,11034
3,232;1,98303
3,236;1,84481
3,24;1,69774
3,244;1,54406
3,248;1,38614
3,252;1,22645
3,256;1,06753
3,26;0,911916
3,264;0,762154
3,268;0,620714
3,272;0,489972
3,276;0,349533
3,28;0,201517
3,284;0,0481892
3,288;0,108067
3,292;0,26479
3,296;0,41948
3,3;0,569634
3,304;0,712788
3,308;0,84656
3,312;0,968684
3,316;1,07705
3,32;1,16974
3,324;1,24507
3,328;1,30159
3,332;1,33815
3,336;1,3539
3,34;1,34832
3,344;1,32119
3,348;1,27269
3,352;1,20328
3,356;1,11381
3,36;1,00544
3,364;0,87965
3,368;0,738222
3,372;0,58321
3,376;0,416913
3,38;0,241841
3,384;0,0606779
3,388;0,123758
3,392;0,30856
3,396;0,490775
3,4;0,667455
3,404;0,835698
3,408;0,9927
3,412;1,15843
3,416;1,33034
3,42;1,50578
3,424;1,68198
3,428;1,85613
3,432;2,02541
3,436;2,18707
3,44;2,3384
3,444;2,47684
3,448;2,60002
3,452;2,70575
3,456;2,79212
3,46;2,85748
3,464;2,9005
3,468;2,92021
3,472;2,91596
3,476;2,88752
3,48;2,83502
3,484;2,75897
3,488;2,66027
3,492;2,54021
3,496;2,40042
3,5;2,24287
3,504;2,06985
3,508;1,88392
3,512;1,68789
3,516;1,48474
3,52;1,27765
3,524;1,06987
3,528;0,864713
3,532;0,6655
3,536;0,475497
3,54;0,27524
3,544;0,0677953
3,548;0,143613
3,552;0,355655
3,556;0,564947
3,56;0,768104
3,564;0,961793
3,568;1,14279
3,572;1,30803
3,576;1,45465
3,58;1,58007
3,584;1,682
3,588;1,75848
3,592;1,80796
3,596;1,82929
3,6;1,82174
3,604;1,78506
3,608;1,71945
3,612;1,62556
3,616;1,50452
3,62;1,35791
3,624;1,18773
3,628;0,996391
3,632;0,786673
3,636;0,561685
3,64;0,324823
3,644;0,0797188
3,648;0,169816
3,652;0,419847
3,656;0,666382
3,66;0,905428
3,664;1,13306
3,668;1,36812
3,672;1,60693
3,676;1,84573
3,68;2,0807
3,684;2,30802
3,688;2,52396
3,692;2,72491
3,696;2,90745
3,7;3,06843
3,704;3,20497
3,708;3,31456
3,712;3,3951
3,716;3,4449
3,72;3,46277
3,724;3,44798
3,728;3,40034
3,732;3,32018
3,736;3,20833
3,74;3,06618
3,744;2,89559
3,748;2,69891
3,752;2,47894
3,756;2,23888
3,76;1,98232
3,764;1,71313
3,768;1,43546
3,772;1,15363
3,776;0,872104
3,78;0,595382
3,784;0,327959
3,788;0,05161
3,792;0,229363
3,796;0,510525
3,8;0,787381
3,804;1,05544
3,808;1,31031
3,812;1,54772
3,816;1,76364
3,82;1,95434
3,824;2,11642
3,828;2,24692
3,832;2,34332
3,836;2,40362
3,84;2,42638
3,844;2,41074
3,848;2,35643
3,852;2,26381
3,856;2,13384
3,86;1,96811
3,864;1,7688
3,868;1,53864
3,872;1,28091
3,876;0,999356
3,88;0,698175
3,884;0,38192
3,888;0,0554508
3,892;0,276145
3,896;0,607631
3,9;0,933702
3,904;1,24907
3,908;1,57117
3,912;1,89494
3,916;2,21522
3,92;2,52684
3,924;2,82471
3,928;3,10386
3,932;3,35959
3,936;3,58749
3,94;3,78354
3,944;3,94418
3,948;4,06638
3,952;4,14765
3,956;4,18616
3,96;4,18072
3,964;4,13083
3,968;4,03669
3,972;3,89923
3,976;3,72006
3,98;3,5015
3,984;3,24651
3,988;2,95869
3,992;2,64221
3,996;2,30175
4;1,94243
4,004;1,56976
4,008;1,18952
4,012;0,807694
4,016;0,430365
4,02;0,0636336
4,024;0,309119
4,028;0,682009
4,032;1,04907
4,036;1,40436
4,04;1,74202
4,044;2,05643
4,048;2,34224
4,052;2,5945
4,056;2,80872
4,06;2,98098
4,064;3,10794
4,068;3,18699
4,072;3,21621
4,076;3,19448
4,08;3,12145
4,084;2,99763
4,088;2,8243
4,092;2,60359
4,096;2,33839
4,1;2,03235
4,104;1,68983
4,108;1,31581
4,112;0,915871
4,116;0,496058
4,12;0,0628226
4,124;0,377081
4,128;0,816704
4,132;1,24901
4,136;1,68961
4,14;2,13156
4,144;2,56781
4,148;2,99132
4,152;3,39512
4,156;3,77249
4,16;4,11706
4,164;4,42286
4,168;4,68448
4,172;4,89716
4,176;5,05683
4,18;5,16024
4,184;5,20497
4,188;5,18954
4,192;5,11338
4,196;4,9769
4,2;4,78149
4,204;4,52949
4,208;4,22417
4,212;3,8697
4,216;3,47111
4,22;3,03418
4,224;2,56539
4,228;2,07182
4,232;1,56103
4,236;1,04097
4,24;0,519838
4,244;0,00595086
4,248;0,514996
4,252;1,03476
4,256;1,54502
4,26;2,03747
4,264;2,504
4,268;2,93679
4,272;3,32849
4,276;3,67226
4,28;3,96198
4,284;4,19228
4,288;4,35868
4,292;4,45768
4,296;4,48679
4,3;4,44461
4,304;4,33087
4,308;4,14643
4,312;3,89331
4,316;3,57462
4,32;3,19461
4,324;2,75853
4,328;2,27262
4,332;1,74397
4,336;1,18049
4,34;0,590715
4,344;0,0162581
4,348;0,630951
4,352;1,24363
4,356;1,84447
4,36;2,44632
4,364;3,03957
4,368;3,61462
4,372;4,162
4,376;4,67261
4,38;5,13778
4,384;5,54947
4,388;5,90036
4,392;6,18404
4,396;6,39508
4,4;6,52912
4,404;6,58299
4,408;6,55477
4,412;6,44382
4,416;6,25079
4,42;5,9777
4,424;5,62783
4,428;5,20577
4,432;4,7173
4,436;4,16936
4,44;3,56991
4,444;2,92787
4,448;2,25294
4,452;1,55547
4,456;0,846335
4,46;0,136715
4,464;0,56204
4,468;1,26123
4,472;1,94968
4,476;2,61623
4,48;3,24991
4,484;3,84016
4,488;4,37695
4,492;4,85098
4,496;5,25383
4,5;5,5781
4,504;5,81756
4,508;5,96724
4,512;6,02356
4,516;5,98436
4,52;5,84901
4,524;5,61837
4,528;5,29489
4,532;4,88248
4,536;4,38657
4,54;3,81397
4,544;3,17283
4,548;2,47249
4,552;1,72336
4,556;0,93679
4,56;0,124852
4,564;0,699797
4,568;1,52413
4,572;2,33496
4,576;3,14175
4,58;3,93154
4,584;4,69148
4,588;5,409
4,592;6,07205
4,596;6,66931
4,6;7,19034
4,604;7,62578
4,608;7,96753
4,612;8,20887
4,616;8,3446
4,62;8,37114
4,624;8,28662
4,628;8,09089
4,632;7,78561
4,636;7,37421
4,64;6,86185
4,644;6,25538
4,648;5,56325
4,652;4,7954
4,656;3,9631
4,66;3,0788
4,664;2,15597
4,668;1,20885
4,672;0,252279
4,676;0,698571
4,68;1,65103
4,684;2,58989
4,688;3,49995
4,692;4,36625
4,696;5,17435
4,7;5,91056
4,704;6,56212
4,708;7,11749
4,712;7,5665
4,716;7,90054
4,72;8,11275
4,724;8,19809
4,728;8,15351
4,732;7,978
4,736;7,67261
4,74;7,2405
4,744;6,68689
4,748;6,01902
4,752;5,24606
4,756;4,37897
4,76;3,43037
4,764;2,41435
4,768;1,34626
4,772;0,242506
4,776;0,879733
4,78;2,00275
4,784;3,1312
4,788;4,24712
4,792;5,33248
4,796;6,3695
4,8;7,34095
4,804;8,23042
4,808;9,02257
4,812;9,70344
4,816;10,2606
4,82;10,6836
4,824;10,9638
4,828;11,0948
4,832;11,0726
4,836;10,8954
4,84;10,5641
4,844;10,0818
4,848;9,45428
4,852;8,68966
4,856;7,79832
4,86;6,79283
4,864;5,68777
4,868;4,49948
4,872;3,24587
4,876;1,94613
4,88;0,620435
4,884;0,71035
4,888;2,04763
4,892;3,37008
4,896;4,65637
4,9;5,88541
4,904;7,03679
4,908;8,09104
4,912;9,03001
4,916;9,83713
4,92;10,4977
4,924;10,9993
4,928;11,3317
4,932;11,4873
4,936;11,4613
4,94;11,2517
4,944;10,8593
4,948;10,2881
4,952;9,54484
4,956;8,63902
4,96;7,58301
4,964;6,39171
4,968;5,08237
4,972;3,67437
4,976;2,18892
4,98;0,648752
4,984;0,922218
4,988;2,49927
4,992;4,07987
4,996;5,63878
5;7,15077
5,004;8,59103
5,008;9,93554
5,012;11,1615
5,016;12,2478
5,02;13,1751
5,024;13,9265
5,028;14,4875
5,032;14,8468
5,036;14,9959
5,04;14,9295
5,044;14,6458
5,048;14,1466
5,052;13,4368
5,056;12,5252
5,06;11,4235
5,064;10,1468
5,068;8,71328
5,072;7,14375
5,076;5,46151
5,08;3,69196
5,084;1,86227
5,088;0,000894427
5,092;1,8628
5,096;3,72164
5,1;5,54584
5,104;7,30575
5,108;8,97234
5,112;10,5177
5,116;11,9155
5,12;13,1414
5,124;14,1735
5,128;14,9927
5,132;15,5831
5,136;15,9321
5,14;16,0309
5,144;15,8747
5,148;15,4625
5,152;14,7976
5,156;13,8871
5,16;12,7424
5,164;11,3787
5,168;9,81488
5,172;8,07326
5,176;6,17935
5,18;4,16144
5,184;2,05016
5,188;0,121966
5,192;2,32099
5,196;4,51208
5,2;6,68271
5,204;8,79787
5,208;10,823
5,212;12,7244
5,216;14,4702
5,22;16,0302
5,224;17,377
5,228;18,4863
5,232;19,3371
5,236;19,9124
5,24;20,1992
5,244;20,1892
5,248;19,8786
5,252;19,2682
5,256;18,364
5,26;17,1764
5,264;15,7206
5,268;14,0165
5,272;12,0878
5,276;9,96255
5,28;7,67207
5,284;5,25081
5,288;2,73577
5,292;0,165936
5,296;2,4183
5,3;4,99842
5,304;7,53307
5,308;9,9811
5,312;12,3022
5,316;14,4575
5,32;16,4104
5,324;18,1268
5,328;19,5762
5,332;20,7318
5,336;21,5712
5,34;22,0768
5,344;22,2361
5,348;22,0417
5,352;21,4923
5,356;20,5917
5,36;19,3498
5,364;17,7819
5,368;15,9086
5,372;13,7559
5,376;11,3546
5,38;8,73967
5,384;5,95016
5,388;3,02837
5,392;0,0192796
5,396;3,03013
5,4;6,0716
5,404;9,07899
5,408;12,0037
5,412;14,7979
5,416;17,4151
5,42;19,8111
5,424;21,9445
5,428;23,7778
5,432;25,2776
5,436;26,4155
5,44;27,1684
5,444;27,5192
5,448;27,4569
5,452;26,9769
5,456;26,0814
5,46;24,7792
5,464;23,0857
5,468;21,0227
5,472;18,6184
5,476;15,9066
5,48;12,9267
5,484;9,72277
5,488;6,34305
5,492;2,83929
5,496;0,734103
5,5;4,32088
5,504;7,88646
5,508;11,3735
5,512;14,7252
5,516;17,8861
5,52;20,803
5,524;23,4261
5,528;25,7095
5,532;27,6121
5,536;29,0984
5,54;30,139
5,544;30,7114
5,548;30,8002
5,552;30,3975
5,556;29,5031
5,56;28,1249
5,564;26,2784
5,568;23,9869
5,572;21,2813
5,576;18,1991
5,58;14,7848
5,584;11,0886
5,588;7,16569
5,592;3,07599
5,596;1,11735
5,6;5,3486
5,604;9,57321
5,608;13,7235
5,612;17,732
5,616;21,5329
5,62;25,0623
5,624;28,2604
5,628;31,0714
5,632;33,4453
5,636;35,3382
5,64;36,7135
5,644;37,5422
5,648;37,8038
5,652;37,4865
5,656;36,5878
5,66;35,1141
5,664;33,0815
5,668;30,5151
5,672;27,4486
5,676;23,9246
5,68;19,9934
5,684;15,7123
5,688;11,1453
5,692;6,36161
5,696;1,43484
5,7;3,55807
5,704;8,5381
5,708;13,448
5,712;18,2084
5,716;22,741
5,72;26,9703
5,724;30,8245
5,728;34,2371
5,732;37,1475
5,736;39,5025
5,74;41,2569
5,744;42,3747
5,748;42,8296
5,752;42,6053
5,756;41,6965
5,76;40,1086
5,764;37,8578
5,768;34,9714
5,772;31,4871
5,776;27,4527
5,78;22,9254
5,784;17,9709
5,788;12,6631
5,792;7,08189
5,796;1,31312
5,8;4,55346
5,804;10,4253
5,808;16,2311
5,812;21,8772
5,816;27,271
5,82;32,323
5,824;36,9476
5,828;41,0652
5,832;44,6032
5,836;47,4973
5,84;49,6925
5,844;51,1444
5,848;51,8198
5,852;51,6977
5,856;50,7693
5,86;49,0387
5,864;46,5229
5,868;43,2518
5,872;39,2675
5,876;34,6243
5,88;29,3877
5,884;23,6337
5,888;17,4473
5,892;10,9217
5,896;4,15692
5,9;2,74207
5,904;9,66665
5,908;16,529
5,912;23,2185
5,916;29,6258
5,92;35,6447
5,924;41,1736
5,928;46,1175
5,932;50,3896
5,936;53,9125
5,94;56,62
5,944;58,4577
5,948;59,3847
5,952;59,374
5,956;58,4133
5,96;56,5054
5,964;53,668
5,968;49,9341
5,972;45,3517
5,976;39,9827
5,98;33,9024
5,984;27,1988
5,988;19,9707
5,992;12,3268
5,996;4,38392
6;3,73492
6,004;11,9021
6,008;20,0103
6,012;27,929
6,016;35,5289
6,02;42,6842
6,024;49,2744
6,028;55,1867
6,032;60,3173
6,036;64,5737
6,04;67,8762
6,044;70,1593
6,048;71,3728
6,052;71,483
6,056;70,4734
6,06;68,3453
6,064;65,1179
6,068;60,828
6,072;55,5302
6,076;49,2958
6,08;42,2121
6,084;34,381
6,088;25,918
6,092;16,9499
6,096;7,61353
6,1;1,94659
6,104;11,5805
6,108;21,1577
6,112;30,5242
6,116;39,5274
6,12;48,0182
6,124;55,854
6,128;62,9008
6,132;69,0353
6,136;74,1471
6,14;78,1408
6,144;80,9376
6,148;82,4768
6,152;82,717
6,156;81,6371
6,16;79,2367
6,164;75,5366
6,168;70,5787
6,172;64,4255
6,176;57,1596
6,18;48,8824
6,184;39,7129
6,188;29,7857
6,192;19,2498
6,196;8,26548
6,2;2,99742
6,204;14,3624
6,208;25,6717
6,212;36,7435
6,216;47,3975
6,22;57,4578
6,224;66,7554
6,228;75,1314
6,232;82,4394
6,236;88,5484
6,24;93,3446
6,244;96,7338
6,248;98,6429
6,252;99,0217
6,256;97,8437
6,26;95,107
6,264;90,8346
6,268;85,0744
6,272;77,8988
6,276;69,4036
6,28;59,7072
6,284;48,9487
6,288;37,2861
6,292;24,8939
6,296;11,9607
6,3;1,31379
6,304;14,7217
6,308;28,073
6,312;41,1533
6,316;53,7496
6,32;65,654
6,324;76,6667
6,328;86,5997
6,332;95,2797
6,336;102,551
6,34;108,279
6,344;112,35
6,348;114,679
6,352;115,204
6,356;113,892
6,36;110,741
6,364;105,776
6,368;99,0529
6,372;90,6552
6,376;80,6951
6,38;69,3113
6,384;56,6668
6,388;42,9471
6,392;28,3575
6,396;13,1198
6,4;2,53097
6,404;18,3498
6,408;34,1084
6,412;49,5539
6,416;64,4351
6,42;78,5061
6,424;91,5313
6,428;103,288
6,432;113,572
6,436;122,197
6,44;129,006
6,444;133,863
6,448;136,666
6,452;137,342
6,456;135,853
6,46;132,192
6,464;126,39
6,468;118,511
6,472;108,653
6,476;96,9476
6,48;83,5576
6,484;68,6746
6,488;52,517
6,492;35,3262
6,496;17,3634
6,5;1,09416
6,504;19,7578
6,508;38,3543
6,512;56,5851
6,516;74,1538
6,52;90,7704
6,524;106,156
6,528;120,049
6,532;132,206
6,536;142,411
6,54;150,472
6,544;156,234
6,548;159,573
6,552;160,404
6,556;158,679
6,56;154,392
6,564;147,578
6,568;138,313
6,572;126,71
6,576;112,926
6,58;97,1513
6,584;79,6119
6,588;60,565
6,592;40,2953
6,596;19,1106
6,6;2,66218
6,604;24,6826
6,608;46,6241
6,612;68,1348
6,616;88,8646
6,62;108,472
6,624;126,627
6,628;143,021
6,632;157,367
6,636;169,41
6,64;178,925
6,644;185,727
6,648;189,67
6,652;190,653
6,656;188,622
6,66;183,568
6,664;175,533
6,668;164,604
6,672;150,918
6,676;134,658
6,68;116,049
6,684;95,357
6,688;72,8863
6,692;48,9724
6,696;23,9786
6,7;1,70966
6,704;27,6905
6,708;53,5749
6,712;78,9473
6,716;103,395
6,72;126,514
6,724;147,918
6,728;167,24
6,732;184,144
6,736;198,328
6,74;209,527
6,744;217,524
6,748;222,147
6,752;223,277
6,756;220,85
6,76;214,857
6,764;205,346
6,768;192,424
6,772;176,25
6,776;157,041
6,78;135,063
6,784;110,631
6,788;84,104
6,792;55,8772
6,796;26,3802
6,8;3,93208
6,804;34,5855
6,808;65,1168
6,812;95,0358
6,816;123,856
6,82;151,101
6,824;176,314
6,828;199,065
6,832;218,956
6,836;235,632
6,84;248,783
6,844;258,151
6,848;263,536
6,852;264,799
6,856;261,865
6,86;254,724
6,864;243,434
6,868;228,122
6,872;208,978
6,876;186,258
6,88;160,277
6,884;131,408
6,888;100,074
6,892;66,7436
6,896;31,9233
6,9;3,84957
6,904;40,0153
6,908;76,023
6,912;111,295
6,916;145,256
6,92;177,346
6,924;207,027
6,928;233,791
6,932;257,171
6,936;276,748
6,94;292,159
6,944;303,101
6,948;309,339
6,952;310,711
6,956;307,13
6,96;298,587
6,964;285,153
6,968;266,978
6,972;244,288
6,976;217,388
6,98;186,651
6,984;152,518
6,988;115,489
6,992;76,1194
6,996;35,0068
7;7,21398
7,004;49,8822
7,008;92,3437
7,012;133,916
7,016;173,923
7,02;211,703
7,024;246,622
7,028;278,083
7,032;305,537
7,036;328,491
7,04;346,517
7,044;359,262
7,048;366,452
7,052;367,896
7,056;363,496
7,06;353,244
7,064;337,226
7,068;315,621
7,072;288,7
7,076;256,824
7,08;220,436
7,084;180,059
7,088;136,285
7,092;89,769
7,096;41,2191
7,1;8,61509
7,104;58,9534
7,108;109,02
7,112;158,009
7,116;205,124
7,12;249,585
7,124;290,646
7,128;327,604
7,132;359,813
7,136;386,695
7,14;407,748
7,144;422,558
7,148;430,805
7,152;432,269
7,156;426,836
7,16;414,501
7,164;395,371
7,168;369,659
7,172;337,69
7,176;299,892
7,18;256,791
7,184;209,008
7,188;157,243
7,192;102,272
7,196;44,9325
7,2;13,8906
7,204;73,2757
7,208;132,303
7,212;190,022
7,216;245,494
7,22;297,8
7,224;346,06
7,228;389,45
7,232;427,21
7,236;458,66
7,24;483,214
7,244;500,386
7,248;509,803
7,252;511,212
7,256;504,482
7,26;489,614
7,264;466,736
7,268;436,108
7,272;398,116
7,276;353,27
7,28;302,197
7,284;245,629
7,288;184,4
7,292;119,427
7,296;51,6995
7,3;17,7361
7,304;87,7912
7,308;157,376
7,312;225,37
7,316;290,665
7,32;352,181
7,324;408,882
7,328;459,796
7,332;504,033
7,336;540,796
7,34;569,396
7,344;589,267
7,348;599,975
7,352;601,226
7,356;592,874
7,36;574,925
7,364;547,538
7,368;511,026
7,372;465,85
7,376;412,619
7,38;352,076
7,384;285,092
7,388;212,654
7,392;135,848
7,396;55,8446
7,4;26,1191
7,404;108,758
7,408;190,78
7,412;270,867
7,416;347,71
7,42;420,036
7,424;486,629
7,428;546,347
7,432;598,141
7,436;641,079
7,44;674,354
7,444;697,305
7,448;709,428
7,452;710,385
7,456;700,011
7,46;678,32
7,464;645,51
7,468;601,957
7,472;548,214
7,476;485,006
7,48;413,217
7,484;333,883
7,488;248,171
7,492;157,367
7,496;62,8581
7,5;33,8945
7,504;131,372
7,508;228,048
7,512;322,364
7,516;412,78
7,52;497,797
7,524;575,983
7,528;645,996
7,532;706,606
7,536;756,719
7,54;795,393
7,544;821,856
7,548;835,523
7,552;836,004
7,556;823,115
7,56;796,884
7,564;757,554
7,568;705,578
7,572;641,621
7,576;566,544
7,58;481,403
7,584;387,423
7,588;285,992
7,592;178,633
7,596;66,984
7,6;47,225
7,604;162,201
7,608;276,138
7,612;387,197
7,616;493,565
7,62;593,477
7,624;685,248
7,628;767,301
7,632;838,194
7,636;896,643
7,64;941,548
7,644;972,009
7,648;987,347
7,652;987,114
7,656;971,107
7,66;939,372
7,664;892,205
7,668;830,157
7,672;754,022
7,676;664,83
7,68;563,834
7,684;452,492
7,688;332,448
7,692;205,508
7,696;73,6087
7,7;61,2041
7,704;196,813
7,708;331,08
7,712;461,841
7,716;586,956
7,72;704,348
7,724;812,036
7,728;908,167
7,732;991,049
7,736;1.059,18
7,74;1.111,27
7,744;1.146,28
7,748;1.163,41
7,752;1.162,16
7,756;1.142,3
7,76;1.103,89
7,764;1.047,31
7,768;973,219
7,772;882,569
7,776;776,589
7,78;656,771
7,784;524,846
7,788;382,766
7,792;232,667
7,796;76,8439
7,8;82,286
7,804;242,221
7,808;400,435
7,812;554,375
7,816;701,52
7,82;839,424
7,824;965,759
7,828;1.078,35
7,832;1.175,21
7,836;1.254,58
7,84;1.314,96
7,844;1.355,12
7,848;1.374,17
7,852;1.371,5
7,856;1.346,87
7,86;1.300,39
7,864;1.232,51
7,868;1.144,02
7,872;1.036,07
7,876;910,132
7,88;767,971
7,884;611,649
7,888;443,479
7,892;265,993
7,896;81,9078
7,9;105,92
7,904;294,535
7,908;480,952
7,912;662,16
7,916;835,19
7,92;997,163
7,924;1.145,34
7,928;1.277,17
7,932;1.390,32
7,936;1.482,74
7,94;1.552,66
7,944;1.598,68
7,948;1.619,73
7,952;1.615,14
7,956;1.584,65
7,96;1.528,4
7,964;1.446,95
7,968;1.341,26
7,972;1.212,7
7,976;1.063,02
7,98;894,336
7,984;709,096
7,988;510,041
7,992;300,171
7,996;82,6998
8;138,994
8,004;361,419
8,008;581,05
8,012;794,335
8,016;997,777
8,02;1.187,99
8,024;1.361,75
8,028;1.516,07
8,032;1.648,21
8,036;1.755,76
8,04;1.836,67
8,044;1.889,3
8,048;1.912,43
8,052;1.905,28
8,056;1.867,58
8,06;1.799,52
8,064;1.701,78
8,068;1.575,54
8,072;1.422,42
8,076;1.244,52
8,08;1.044,37
8,084;824,853
8,088;589,238
8,092;341,077
8,096;84,1712
8,1;177,484
8,104;439,765
8,108;698,508
8,112;949,524
8,116;1.188,69
8,12;1.412,04
8,124;1.615,76
8,128;1.796,35
8,132;1.950,61
8,136;2.075,71
8,14;2.169,27
8,144;2.229,37
8,148;2.254,61
8,152;2.244,1
8,156;2.197,55
8,16;2.115,22
8,164;1.997,94
8,168;1.847,14
8,172;1.664,77
8,176;1.453,33
8,18;1.215,82
8,184;955,693
8,188;676,805
8,192;383,369
8,196;79,887
8,2;228,92
8,204;538,181
8,208;842,977
8,212;1.138,37
8,216;1.419,51
8,22;1.681,72
8,224;1.920,53
8,228;2.131,82
8,232;2.311,84
8,236;2.457,29
8,24;2.565,39
8,244;2.633,91
8,248;2.661,22
8,252;2.646,34
8,256;2.588,94
8,26;2.489,37
8,264;2.348,67
8,268;2.168,54
8,272;1.951,33
8,276;1.700,03
8,28;1.418,2
8,284;1.109,94
8,288;779,833
8,292;432,872
8,296;74,3808
8,3;290,058
8,304;654,692
8,308;1.013,71
8,312;1.361,3
8,316;1.691,74
8,32;1.999,52
8,324;2.279,42
8,328;2.526,57
8,332;2.736,59
8,336;2.905,63
8,34;3.030,43
8,344;3.108,41
8,348;3.137,7
8,352;3.117,17
8,356;3.046,5
8,36;2.926,13
8,364;2.757,35
8,368;2.542,2
8,372;2.283,5
8,376;1.984,82
8,38;1.650,4
8,384;1.285,11
8,388;894,391
8,392;484,153
8,396;60,6982
8,4;369,373
8,404;799,269
8,408;1.222,13
8,412;1.631,1
8,416;2.019,45
8,42;2.380,68
8,424;2.708,66
8,428;2.997,71
8,432;3.242,66
8,436;3.439,02
8,44;3.582,99
8,444;3.671,59
8,448;3.702,63
8,452;3.674,88
8,456;3.587,97
8,46;3.442,53
8,464;3.240,08
8,468;2.983,12
8,472;2.675,03
8,476;2.320,05
8,48;1.923,23
8,484;1.490,38
8,488;1.027,93
8,492;542,897
8,496;42,728
8,5;464,771
8,504;971,578
8,508;1.469,6
8,512;1.950,74
8,516;2.407,09
8,52;2.831,01
8,524;3.215,29
8,528;3.553,25
8,532;3.838,86
8,536;4.066,85
8,54;4.232,82
8,544;4.333,27
8,548;4.365,74
8,552;4.328,78
8,556;4.222,07
8,56;4.046,39
8,564;3.803,62
8,568;3.496,75
8,572;3.129,85
8,576;2.707,97
8,58;2.237,15
8,584;1.724,25
8,588;1.176,92
8,592;603,472
8,596;12,7173
8,6;586,117
8,604;1.183,56
8,608;1.770,05
8,612;2.336,06
8,616;2.872,27
8,62;3.369,69
8,624;3.819,85
8,628;4.214,92
8,632;4.547,84
8,636;4.812,46
8,64;5.003,63
8,644;5.117,31
8,648;5.150,65
8,652;5.102,05
8,656;4.971,19
8,66;4.759,07
8,664;4.468
8,668;4.101,58
8,672;3.664,67
8,676;3.163,33
8,68;2.604,71
8,684;1.996,99
8,688;1.349,24
8,692;671,281
8,696;26,4312
8,7;733
8,704;1.437,26
8,708;2.127,92
8,712;2.793,74
8,716;3.423,73
8,72;4.007,35
8,724;4.534,63
8,728;4.996,39
8,732;5.384,36
8,736;5.691,36
8,74;5.911,38
8,744;6.039,76
8,748;6.073,22
8,752;6.009,94
8,756;5.849,67
8,76;5.593,66
8,764;5.244,75
8,768;4.807,26
8,772;4.287,03
8,776;3.691,26
8,78;3.028,5
8,784;2.308,44
8,788;1.541,84
8,792;740,357
8,796;83,6615
8,8;917,328
8,804;1.747,45
8,808;2.560,71
8,812;3.343,87
8,816;4.083,98
8,82;4.768,65
8,824;5.386,16
8,828;5.925,76
8,832;6.377,75
8,836;6.733,76
8,84;6.986,79
8,844;7.131,43
8,848;7.163,92
8,852;7.082,24
8,856;6.886,18
8,86;6.577,35
8,864;6.159,18
8,868;5.636,92
8,872;5.017,52
8,876;4.309,61
8,88;3.523,33
8,884;2.670,21
8,888;1.763,02
8,892;815,545
8,896;157,589
8,9;1.141,15
8,904;2.119,57
8,908;3.077,13
8,912;3.998,21
8,916;4.867,61
8,92;5.670,72
8,924;6.393,8
8,928;7.024,22
8,932;7.550,67
8,936;7.963,32
8,94;8.254,06
8,944;8.416,61
8,948;8.446,66
8,952;8.341,97
8,956;8.102,41
8,96;7.730,02
8,964;7.228,98
8,968;6.605,6
8,972;5.868,21
8,976;5.027,11
8,98;4.094,35
8,984;3.083,65
8,988;2.010,14
8,992;890,147
8,996;259,019
9;1.419,36
9,004;2.572,49
9,008;3.699,86
9,012;4.783,08
9,016;5.804,24
9,02;6.746,17
9,024;7.592,74
9,028;8.329,13
9,032;8.942,11
9,036;9.420,2
9,04;9.753,97
9,044;9.936,15
9,048;9.961,8
9,052;9.828,42
9,056;9.536,04
9,06;9.087,2
9,064;8.487,01
9,068;7.743,04
9,072;6.865,29
9,076;5.866,01
9,08;4.759,58
9,084;3.562,26
9,088;2.292,01
9,092;968,163
9,096;388,798
9,1;1.757,61
9,104;3.116,55
9,108;4.443,74
9,112;5.717,54
9,116;6.916,83
9,12;8.021,45
9,124;9.012,45
9,128;9.872,46
9,132;10.586
9,136;11.139,6
9,14;11.522,5
9,144;11.726
9,148;11.744,7
9,152;11.575,6
9,156;11.219,2
9,16;10.678,4
9,164;9.959,63
9,168;9.071,89
9,172;8.027,16
9,176;6.840,07
9,18;5.527,71
9,184;4.109,41
9,188;2.606,45
9,192;1.041,74
9,196;560,491
9,2;2.175,12
9,204;3.776,5
9,208;5.338,83
9,212;6.836,59
9,216;8.244,96
9,22;9.540,21
9,224;10.700,1
9,228;11.704,3
9,232;12.534,6
9,236;13.175,5
9,24;13.614,1
9,244;13.840,8
9,248;13.849,1
9,252;13.635,9
9,256;13.201,7
9,26;12.550,5
9,264;11.689,9
9,268;10.630,7
9,272;9.387,41
9,276;7.977,34
9,28;6.420,84
9,284;4.740,88
9,288;2.962,69
9,292;1.113,41
9,296;778,317
9,3;2.682,79
9,304;4.569,74
9,308;6.408,73
9,312;8.169,69
9,316;9.823,43
9,32;11.342
9,324;12.699,4
9,328;13.871,7
9,332;14.837,7
9,336;15.579,1
9,34;16.081,2
9,344;16.332,7
9,348;16.326,2
9,352;16.058,4
9,356;15.530,1
9,36;14.746,2
9,364;13.716
9,368;12.452,6
9,372;10.973,1
9,376;9.298,26
9,38;7.452,35
9,384;5.462,6
9,388;3.358,91
9,392;1.173,43
9,396;1.059,96
9,4;3.306,17
9,404;5.529,46
9,408;7.693,94
9,412;9.764,19
9,416;11.705,9
9,42;13.486,1
9,424;15.074,4
9,428;16.442,7
9,432;17.566,1
9,436;18.423,5
9,44;18.997,6
9,444;19.275,4
9,448;19.248,5
9,452;18.913,3
9,456;18.271
9,46;17.327,9
9,464;16.094,9
9,468;14.588,1
9,472;12.827,7
9,476;10.838,7
9,48;8.649,7
9,484;6.293,18
9,488;3.804,58
9,492;1.221,94
9,496;1.414,67
9,5;4.063,77
9,504;6.683,17
9,508;9.230,56
9,512;11.664,2
9,516;13.943,7
9,52;16.030,5
9,524;17.888,6
9,528;19.485,3
9,532;20.791,5
9,536;21.782,5
9,54;22.438,1
9,544;22.743,5
9,548;22.689,1
9,552;22.270,9
9,556;21.490,8
9,56;20.356,4
9,564;18.881,2
9,568;17.084,3
9,572;14.990
9,576;12.628
9,58;10.032,4
9,584;7.241,73
9,588;4.297,96
9,592;1.246,17
9,596;1.866,24
9,6;4.990,29
9,604;8.076,18
9,608;11.074
9,612;13.934,7
9,616;16.610,5
9,62;19.056,3
9,624;21.229,8
9,628;23.092,7
9,632;24.610,9
9,636;25.755,6
9,64;26.503,5
9,644;26.837,4
9,648;26.746,3
9,652;26.226,1
9,656;25.279,3
9,66;23.915,5
9,664;22.150,9
9,668;20.008,4
9,672;17.517,1
9,676;14.712,5
9,68;11.635
9,684;8.330,37
9,688;4.848,42
9,692;1.242,49
9,696;2.431,38
9,7;6.115,31
9,704;9.750,51
9,708;13.278,2
9,712;16.640,4
9,716;19.781,3
9,72;22.647,5
9,724;25.189,5
9,728;27.362,5
9,732;29.126,6
9,736;30.448,2
9,74;31.300,2
9,744;31.662,8
9,748;31.523,7
9,752;30.878,3
9,756;29.730,2
9,76;28.091,2
9,764;25.980,8
9,768;23.426,6
9,772;20.463,5
9,776;17.133,5
9,78;13.485
9,784;9.572,07
9,788;5.453,81
9,792;1.193,38
9,796;3.142,96
9,8;7.486,82
9,804;11.768,8
9,808;15.919,7
9,812;19.871,2
9,816;23.557,4
9,82;26.915,9
9,824;29.888,6
9,828;32.422,7
9,832;34.471,8
9,836;35.996,8
9,84;36.966,1
9,844;37.356,9
9,848;37.155,3
9,852;36.356,5
9,856;34.965,4
9,86;32.996,3
9,864;30.473
9,868;27.428,6
9,872;23.904,7
9,876;19.951,4
9,88;15.626,1
9,884;10.993,2
9,888;6.122,68
9,892;1.089,26
9,896;4.028,67
9,9;9.150,37
9,904;14.193,9
9,908;19.077,7
9,912;23.721,3
9,916;28.047,2
9,92;31.982,1
9,924;35.457,8
9,928;38.412,4
9,932;40.791,9
9,936;42.550,4
9,94;43.651,6
9,944;44.069
9,948;43.786,9
9,952;42.800,4
9,956;41.116
9,96;38.751,2
9,964;35.734,9
9,968;32.106,6
9,972;27.916,3
9,976;23.223,4
9,98;18.096,4
9,984;12.611,4
9,988;6.851,56
9,992;905,286
9,996;5.134,76
10;11.173,2
10,004;17.113,4
10,008;22.859
10,012;28.315,4
10,016;33.391,7
10,02;38.001,3
10,024;42.064,4
10,028;45.508,7
10,032;48.270,8
10,036;50.297,4
10,04;51.546,3
10,044;51.987,1
10,048;51.602
10,052;50.386,2
10,056;48.348
10,06;45.509,1
10,064;41.904,3
10,068;37.580,9
10,072;32.598,6
10,076;27.028,3
10,08;20.951,3
10,084;14.458,1
10,088;7.646,97
10,092;622,729
10,096;6.505,11
10,1;13.623,9
10,104;20.619,6
10,108;27.378,7
10,112;33.789,8
10,116;39.745,8
10,12;45.145,2
10,124;49.894,4
10,128;53.908,5
10,132;57.113,6
10,136;59.447,7
10,14;60.861,7
10,144;61.320,8
10,148;60.804,8
10,152;59.309,1
10,156;56.844,5
10,16;53.437,6
10,164;49.130,2
10,168;43.979,3
10,172;38.056
10,176;31.444,9
10,18;24.242,5
10,184;16.556,2
10,188;8.502,53
10,192;205,421
10,196;8.205,6
10,2;16.597,5
10,204;24.835,7
10,208;32.786,4
10,212;40.318,6
10,216;47.306,1
10,22;53.630
10,224;59.180,1
10,228;63.857,3
10,232;67.575,2
10,236;70.261,5
10,24;71.859,4
10,244;72.328,9
10,248;71.647,5
10,252;69.810,6
10,256;66.832,3
10,26;62.744,9
10,264;57.599,2
10,268;51.463,3
10,272;44.422,2
10,276;36.576,5
10,28;28.041
10,284;18.943
10,288;9.420,69
10,292;379,317
10,296;10.303,9
10,3;20.195,9
10,304;29.896,8
10,308;39.248,6
10,312;48.097,1
10,316;56.294
10,32;63.699,6
10,324;70.184,6
10,328;75.633,2
10,332;79.944,3
10,336;83.033,8
10,34;84.836
10,344;85.304,7
10,348;84.414,9
10,352;82.162,6
10,356;78.565,6
10,36;73.663,6
10,364;67.517,7
10,368;60.209,5
10,372;51.840,5
10,376;42.530,5
10,38;32.415,8
10,384;21.647,7
10,388;10.389,6
10,392;1.184,84
10,396;12.894,6
10,4;24.554,3
10,404;35.976,5
10,408;46.975,5
10,412;57.369,5
10,416;66.984,2
10,42;75.655,4
10,424;83.231,7
10,428;89.577,4
10,432;94.574,5
10,436;98.125
10,44;100.153
10,444;100.605
10,448;99.454,2
10,452;96.696,5
10,456;92.354,9
10,46;86.477,7
10,464;79.138,6
10,468;70.435,4
10,472;60.489,2
10,476;49.442,6
10,48;37.457,7
10,484;24.713,6
10,488;11.404,3
10,492;2.265
10,496;16.080,3
10,5;29.822,4
10,504;43.270,7
10,508;56.205,9
10,512;68.414,3
10,516;79.690,9
10,52;89.842,7
10,524;98.692,5
10,528;106.081
10,532;111.871
10,536;115.948
10,54;118.224
10,544;118.639
10,548;117.162
10,552;113.790
10,556;108.552
10,56;101.508
10,564;92.746
10,568;82.383
10,572;70.563,7
10,576;57.457,8
10,58;43.257,8
10,584;28.176,4
10,588;12.443
10,592;3.699,18
10,596;19.997,4
10,6;36.193,1
10,604;52.025,6
10,608;67.236,8
10,612;81.575,1
10,616;94.799,4
10,62;106.683
10,624;117.019
10,628;125.619
10,632;132.325
10,636;137.003
10,64;139.551
10,644;139.901
10,648;138.016
10,652;133.899
10,656;127.584
10,66;119.143
10,664;108.684
10,668;96.346,6
10,672;82.303
10,676;66.755,2
10,68;49.932,2
10,684;32.085,9
10,688;13.488,3
10,692;5.573,07
10,696;24.799,4
10,7;43.885,2
10,704;62.523,4
10,708;80.409,7
10,712;97.248
10,716;112.755
10,72;126.664
10,724;138.733
10,728;148.742
10,732;156.505
10,736;161.868
10,74;164.712
10,744;164.958
10,748;162.569
10,752;157.547
10,756;149.937
10,76;139.826
10,764;127.344
10,768;112.657
10,772;95.972,3
10,776;77.529,4
10,78;57.600,2
10,784;36.483,7
10,788;14.501,9
10,792;8.005,04
10,796;30.684
10,8;53.174,4
10,804;75.113,9
10,808;96.144,2
10,812;115.917
10,816;134.098
10,82;150.376
10,824;164.465
10,828;176.111
10,832;185.094
10,836;191.236
10,84;194.400
10,844;194.495
10,848;191.480
10,852;185.361
10,856;176.194
10,86;164.087
10,864;149.192
10,868;131.712
10,872;111.892
10,876;90.016,6
10,88;66.409,7
10,884;41.425,4
10,888;15.445,2
10,892;11.128,5
10,896;37.878,4
10,9;64.378,9
10,904;90.202,7
10,908;114.928
10,912;138.143
10,916;159.458
10,92;178.506
10,924;194.952
10,928;208.498
10,932;218.888
10,936;225.915
10,94;229.420
10,944;229.302
10,948;225.514
10,952;218.066
10,956;207.031
10,96;192.535
10,964;174.766
10,968;153.964
10,972;130.421
10,976;104.477
10,98;76.515,5
10,984;46.957,1
10,988;16.253,3
10,992;15.120
10,996;46.669,6
11;77.893,2
11,004;108.287
11,008;137.353
11,012;164.609
11,016;189.595
11,02;211.881
11,024;231.074
11,028;246.825
11,032;258.837
11,036;266.868
11,04;270.737
11,044;270.325
11,048;265.582
11,052;256.527
11,056;243.247
11,06;225.897
11,064;204.702
11,068;179.950
11,072;151.988
11,076;121.221
11,08;88.104,8
11,084;53.137,4
11,088;16.853,4
11,092;20.183,9
11,096;57.392,1
11,1;94.178,1
11,104;129.948
11,108;164.115
11,112;196.112
11,116;225.398
11,12;251.468
11,124;273.863
11,128;292.174
11,132;306.054
11,136;315.222
11,14;319.470
11,144;318.662
11,148;312.745
11,152;301.745
11,156;285.771
11,16;265.011
11,164;239.734
11,168;210.285
11,172;177.078
11,176;140.596
11,18;101.377
11,184;60.013,3
11,188;17.137,9
11,192;26.583,3
11,196;70.462,1
11,2;113.799
11,204;155.892
11,208;196.053
11,212;233.612
11,216;267.934
11,22;298.427
11,224;324.552
11,228;345.832
11,232;361.863
11,236;372.317
11,24;376.954
11,244;375.622
11,248;368.262
11,252;354.911
11,256;335.704
11,26;310.870
11,264;280.731
11,268;245.698
11,272;206.267
11,276;163.009
11,28;116.567
11,284;67.641,1
11,288;16.980,2
11,292;34.627,8
11,296;86.369,9
11,3;137.420
11,304;186.952
11,308;234.153
11,312;278.237
11,316;318.457
11,32;354.118
11,324;384.589
11,328;409.312
11,332;427.817
11,336;439.722
11,34;444.751
11,344;442.731
11,348;433.601
11,352;417.411
11,356;394.326
11,36;364.625
11,364;328.693
11,368;287.024
11,372;240.206
11,376;188.921
11,38;133.929
11,384;76.061,5
11,388;16.205,2
11,392;44.708,5
11,396;105.719
11,4;165.852
11,404;224.132
11,408;279.604
11,412;331.342
11,416;378.468
11,42;420.167
11,424;455.699
11,428;484.414
11,432;505.761
11,436;519.301
11,44;524.712
11,444;521.800
11,448;510.501
11,452;490.883
11,456;463.149
11,46;427.635
11,464;384.805
11,468;335.248
11,472;279.666
11,476;218.868
11,48;153.757
11,484;85.318,6
11,488;14.602,4
11,492;57.290,4
11,496;129.225
11,5;200.051
11,504;268.621
11,508;333.807
11,512;394.521
11,516;449.733
11,52;498.485
11,524;539.911
11,528;573.251
11,532;597.863
11,536;613.238
11,54;619.006
11,544;614.947
11,548;600.994
11,552;577.240
11,556;543.933
11,56;501.479
11,564;450.435
11,568;391.504
11,572;325.523
11,576;253.454
11,58;176.368
11,584;95.433,4
11,588;11.892,3
11,592;72.953
11,596;157.762
11,6;241.178
11,604;321.847
11,608;398.443
11,612;469.684
11,616;534.361
11,62;591.350
11,624;639.637
11,628;678.335
11,632;706.694
11,636;724.125
11,64;730.202
11,644;724.677
11,648;707.484
11,652;678.741
11,656;638.756
11,66;588.017
11,664;527.193
11,668;457.124
11,672;378.806
11,676;293.383
11,68;202.127
11,684;106.421
11,688;7.734,99
11,692;92.390,1
11,696;192.372
11,7;290.609
11,704;385.506
11,708;475.500
11,712;559.086
11,716;634.841
11,72;701.449
11,724;757.722
11,728;802.622
11,732;835.278
11,736;855.005
11,74;861.315
11,744;853.928
11,748;832.780
11,752;798.026
11,756;750.039
11,76;689.413
11,764;616.947
11,768;533.644
11,772;440.692
11,776;339.449
11,78;231.425
11,784;118.259
11,788;1.690,8
11,792;116.458
11,796;234.319
11,8;350.003
11,804;461.629
11,808;567.357
11,812;665.417
11,816;754.138
11,82;831.976
11,824;897.540
11,828;949.618
11,832;987.196
11,836;1,00948e+06
11,84;1,01591e+06
11,844;1,00617e+06
11,848;980.202
11,852;938.205
11,856;880.636
11,86;808.210
11,864;721.887
11,868;622.862
11,872;512.552
11,876;392.570
11,88;264.707
11,884;130.904
11,888;6.777,88
11,892;146.187
11,896;285.115
11,9;421.335
11,904;552.629
11,908;676.831
11,912;791.861
11,916;895.754
11,92;986.701
11,924;1,06307e+06
11,928;1,12345e+06
11,932;1,16666e+06
11,936;1,19178e+06
11,94;1,19817e+06
11,944;1,18547e+06
11,948;1,15364e+06
11,952;1,10292e+06
11,956;1,03388e+06
11,96;947.373
11,964;844.558
11,968;726.859
11,972;595.961
11,976;453.782
11,98;302.447
11,984;144.255
