0,003;0
0,006;6,36396e-05
0,009;0,000190792
0,012;0,000381062
0,015;0,000633789
0,018;0,000948051
0,021;0,00132266
0,024;0,00175618
0,027;0,00224692
0,03;0,00279294
0,033;0,00339206
0,036;0,00404191
0,039;0,00473984
0,042;0,00548304
0,045;0,00626849
0,048;0,00709297
0,051;0,00795312
0,054;0,0088454
0,057;0,00976613
0,06;0,0107115
0,063;0,0116776
0,066;0,0126605
0,069;0,0136559
0,072;0,0146598
0,075;0,015668
0,078;0,0166763
0,081;0,0176804
0,084;0,0186761
0,087;0,0196591
0,09;0,0206254
0,093;0,0215708
0,096;0,0224914
0,099;0,0233831
0,102;0,0242423
0,105;0,0250651
0,108;0,0258482
0,111;0,026588
0,114;0,0272815
0,117;0,0279255
0,12;0,0285173
0,123;0,0290542
0,126;0,029534
0,129;0,0299544
0,132;0,0303135
0,135;0,0306098
0,138;0,0308418
0,141;0,0310084
0,144;0,0311088
0,147;0,0311424
0,15;0,0311089
0,153;0,0310083
0,156;0,0308409
0,159;0,0306072
0,162;0,0303081
0,165;0,0299447
0,168;0,0295184
0,171;0,0290308
0,174;0,0284838
0,177;0,0278797
0,18;0,0272207
0,183;0,0265096
0,186;0,0257493
0,189;0,0249428
0,192;0,0240933
0,195;0,0232045
0,198;0,0222799
0,201;0,0213233
0,204;0,0203387
0,207;0,0193301
0,21;0,0183018
0,213;0,017258
0,216;0,016203
0,219;0,0151413
0,222;0,0140773
0,225;0,0130155
0,228;0,0119604
0,231;0,0109163
0,234;0,00988768
0,237;0,00887894
0,24;0,00789433
0,243;0,00693803
0,246;0,00601414
0,249;0,00512658
0,252;0,00427919
0,255;0,0034756
0,258;0,00271928
0,261;0,00201351
0,264;0,00136138
0,267;0,000765732
0,27;0,000229198
0,273;0,000245839
0,276;0,000657249
0,279;0,00100316
0,282;0,00128199
0,285;0,0014924
0,288;0,00163337
0,291;0,00170415
0,294;0,00170428
0,297;0,00163362
0,3;0,00149231
0,303;0,00128077
0,306;0,000999752
0,309;0,000650276
0,312;0,00023366
0,315;0,000248493
0,318;0,000794302
0,321;0,00140162
0,324;0,00206802
0,327;0,00279084
0,33;0,00356717
0,333;0,00439387
0,336;0,00526757
0,339;0,00618471
0,342;0,00714153
0,345;0,0081341
0,348;0,00915833
0,351;0,01021
0,354;0,0112847
0,357;0,0123781
0,36;0,0134855
0,363;0,0146023
0,366;0,0157239
0,369;0,0168455
0,372;0,0179626
0,375;0,0190702
0,378;0,0201639
0,381;0,0212389
0,384;0,0222907
0,387;0,0233149
0,39;0,024307
0,393;0,0252629
0,396;0,0261783
0,399;0,0270495
0,402;0,0278727
0,405;0,0286442
0,408;0,0293608
0,411;0,0300192
0,414;0,0306167
0,417;0,0311505
0,42;0,0316183
0,423;0,032018
0,426;0,0323478
0,429;0,032606
0,432;0,0327915
0,435;0,0329033
0,438;0,0329408
0,441;0,0329037
0,444;0,0327919
0,447;0,0326059
0,45;0,032346
0,453;0,0320135
0,456;0,0316093
0,459;0,0311352
0,462;0,0305929
0,465;0,0299845
0,468;0,0293125
0,471;0,0285796
0,474;0,0277886
0,477;0,0269428
0,48;0,0260457
0,483;0,0251008
0,486;0,0241121
0,489;0,0230835
0,492;0,0220194
0,495;0,0209241
0,498;0,0198022
0,501;0,0186582
0,504;0,0174971
0,507;0,0163235
0,51;0,0151424
0,513;0,0139587
0,516;0,0127775
0,519;0,0116036
0,522;0,0104421
0,525;0,00929775
0,528;0,00817551
0,531;0,0070801
0,534;0,00601618
0,537;0,0049883
0,54;0,00400084
0,543;0,00305804
0,546;0,00216397
0,549;0,00132248
0,552;0,000537226
0,555;0,000188374
0,558;0,000851139
0,561;0,00144815
0,564;0,00197675
0,567;0,00243457
0,57;0,00281953
0,573;0,00312986
0,576;0,00336409
0,579;0,00352106
0,582;0,00359995
0,585;0,00360026
0,588;0,0035218
0,591;0,00336474
0,594;0,00312957
0,597;0,00281709
0,6;0,00242845
0,603;0,00196512
0,606;0,00142888
0,609;0,000821816
0,612;0,000146326
0,615;0,000594904
0,618;0,00139891
0,621;0,00226244
0,624;0,00318201
0,627;0,00415388
0,63;0,00517409
0,633;0,00623844
0,636;0,00734258
0,639;0,00848194
0,642;0,00965183
0,645;0,0108474
0,648;0,0120637
0,651;0,0132956
0,654;0,014538
0,657;0,0157858
0,66;0,0170336
0,663;0,0182763
0,666;0,0195085
0,669;0,0207252
0,672;0,0219212
0,675;0,0230914
0,678;0,0242308
0,681;0,0253346
0,684;0,026398
0,687;0,0274165
0,69;0,0283858
0,693;0,0293017
0,696;0,0301601
0,699;0,0309574
0,702;0,03169
0,705;0,0323548
0,708;0,0329488
0,711;0,0334694
0,714;0,0339142
0,717;0,0342811
0,72;0,0345686
0,723;0,0347751
0,726;0,0348996
0,729;0,0349415
0,732;0,0349004
0,735;0,0347762
0,738;0,0345694
0,741;0,0342805
0,744;0,0339107
0,747;0,0334612
0,75;0,0329339
0,753;0,0323307
0,756;0,0316541
0,759;0,0309067
0,762;0,0300914
0,765;0,0292116
0,768;0,0282708
0,771;0,0272729
0,774;0,0262218
0,777;0,025122
0,78;0,0239779
0,783;0,0227941
0,786;0,0215757
0,789;0,0203276
0,792;0,019055
0,795;0,0177633
0,798;0,0164577
0,801;0,0151438
0,804;0,013827
0,807;0,0125129
0,81;0,011207
0,813;0,00991478
0,816;0,00864172
0,819;0,0073932
0,822;0,00617453
0,825;0,00499088
0,828;0,0038473
0,831;0,00274869
0,834;0,00169975
0,837;0,000705012
0,84;0,000231239
0,843;0,00110494
0,846;0,00191228
0,849;0,00264973
0,852;0,00331403
0,855;0,00390223
0,858;0,0044117
0,861;0,00484012
0,864;0,00518551
0,867;0,00544625
0,87;0,00562104
0,873;0,00570898
0,876;0,00570949
0,879;0,00562238
0,882;0,00544782
0,885;0,00518636
0,888;0,0048389
0,891;0,00440672
0,894;0,00389144
0,897;0,00329503
0,9;0,00261984
0,903;0,00186852
0,906;0,00104406
0,909;0,000149765
0,912;0,00081077
0,915;0,00183365
0,918;0,00291472
0,921;0,00404957
0,924;0,00523354
0,927;0,00646178
0,93;0,00772922
0,933;0,00903063
0,936;0,0103606
0,939;0,0117136
0,942;0,0130841
0,945;0,0144662
0,948;0,0158543
0,951;0,0172425
0,954;0,0186249
0,957;0,0199959
0,96;0,0213494
0,963;0,02268
0,966;0,0239818
0,969;0,0252494
0,972;0,0264774
0,975;0,0276606
0,978;0,0287938
0,981;0,0298722
0,984;0,0308912
0,987;0,0318463
0,99;0,0327333
0,993;0,0335485
0,996;0,0342882
0,999;0,0349492
1,002;0,0355285
1,005;0,0360235
1,008;0,0364319
1,011;0,0367518
1,014;0,0369818
1,017;0,0371205
1,02;0,0371673
1,023;0,0371217
1,026;0,0369837
1,029;0,0367538
1,032;0,0364326
1,035;0,0360214
1,038;0,0355215
1,041;0,0349351
1,044;0,0342642
1,047;0,0335116
1,05;0,0326803
1,053;0,0317735
1,056;0,0307949
1,059;0,0297484
1,062;0,0286383
1,065;0,0274692
1,068;0,0262457
1,071;0,024973
1,074;0,0236562
1,077;0,0223008
1,08;0,0209124
1,083;0,0194968
1,086;0,0180597
1,089;0,0166074
1,092;0,0151457
1,095;0,0136808
1,098;0,0122189
1,101;0,0107661
1,104;0,00932847
1,107;0,00791218
1,11;0,00652318
1,113;0,00516736
1,116;0,0038505
1,119;0,00257821
1,122;0,00135594
1,125;0,000188915
1,128;0,000917828
1,131;0,00195951
1,134;0,00293162
1,137;0,00382991
1,14;0,00465045
1,143;0,00538963
1,146;0,00604415
1,149;0,0066111
1,152;0,00708788
1,155;0,0074723
1,158;0,00776255
1,161;0,00795719
1,164;0,0080552
1,167;0,00805595
1,17;0,00795923
1,173;0,00776523
1,176;0,00747455
1,179;0,0070882
1,182;0,00660759
1,185;0,00603453
1,188;0,00537122
1,191;0,00462025
1,194;0,00378459
1,197;0,00286756
1,2;0,00187282
1,203;0,000804391
1,206;0,000333407
1,209;0,00153595
1,212;0,00279832
1,215;0,00411536
1,218;0,00548165
1,221;0,00689157
1,224;0,00833928
1,227;0,00981879
1,23;0,011324
1,233;0,0128485
1,236;0,0143861
1,239;0,0159303
1,242;0,0174746
1,245;0,0190126
1,248;0,0205377
1,251;0,0220436
1,254;0,0235238
1,257;0,0249721
1,26;0,0263824
1,263;0,0277486
1,266;0,0290649
1,269;0,0303257
1,272;0,0315255
1,275;0,0326592
1,278;0,0337219
1,281;0,0347089
1,284;0,0356159
1,287;0,036439
1,29;0,0371745
1,293;0,0378191
1,296;0,03837
1,299;0,0388245
1,302;0,0391806
1,305;0,0394366
1,308;0,0395911
1,311;0,0396434
1,314;0,0395928
1,317;0,0394396
1,32;0,039184
1,323;0,0388269
1,326;0,0383695
1,329;0,0378137
1,332;0,0371614
1,335;0,0364153
1,338;0,0355782
1,341;0,0346536
1,344;0,0336449
1,347;0,0325564
1,35;0,0313924
1,353;0,0301576
1,356;0,0288571
1,359;0,0274961
1,362;0,0260803
1,365;0,0246155
1,368;0,0231078
1,371;0,0215633
1,374;0,0199885
1,377;0,0183899
1,38;0,0167742
1,383;0,0151481
1,386;0,0135184
1,389;0,0118921
1,392;0,0102758
1,395;0,00867653
1,398;0,00710089
1,401;0,0055556
1,404;0,00404721
1,407;0,00258215
1,41;0,00116666
1,413;0,000193199
1,416;0,0014916
1,419;0,00272296
1,422;0,00388195
1,425;0,00496354
1,428;0,00596303
1,431;0,00687603
1,434;0,00769853
1,437;0,00842685
1,44;0,00905775
1,443;0,00958836
1,446;0,0100162
1,449;0,0103393
1,452;0,0105561
1,455;0,0106653
1,458;0,0106663
1,461;0,010559
1,464;0,0103433
1,467;0,0100202
1,47;0,00959057
1,473;0,00905611
1,476;0,00841879
1,479;0,00768107
1,482;0,00684583
1,485;0,00591636
1,488;0,00489635
1,491;0,0037899
1,494;0,00260145
1,497;0,00133583
1,5;1,83084e-06
1,503;0,00140606
1,506;0,00287112
1,509;0,00439098
1,512;0,00595939
1,515;0,00756985
1,518;0,0092157
1,521;0,0108901
1,524;0,0125861
1,527;0,0142966
1,53;0,0160145
1,533;0,0177325
1,536;0,0194434
1,539;0,0211401
1,542;0,0228154
1,545;0,0244622
1,548;0,0260735
1,551;0,0276425
1,554;0,0291625
1,557;0,0306269
1,56;0,0320296
1,563;0,0333646
1,566;0,0346259
1,569;0,0358082
1,572;0,0369064
1,575;0,0379157
1,578;0,0388315
1,581;0,0396499
1,584;0,0403672
1,587;0,0409802
1,59;0,0414861
1,593;0,0418825
1,596;0,0421674
1,599;0,0423396
1,602;0,0423979
1,605;0,042342
1,608;0,0421717
1,611;0,0418875
1,614;0,0414905
1,617;0,0409819
1,62;0,0403638
1,623;0,0396384
1,626;0,0388085
1,629;0,0378775
1,632;0,036849
1,635;0,0357271
1,638;0,0345163
1,641;0,0332215
1,644;0,031848
1,647;0,0304013
1,65;0,0288875
1,653;0,0273125
1,656;0,0256831
1,659;0,0240058
1,662;0,0222877
1,665;0,0205358
1,668;0,0187575
1,671;0,0169601
1,674;0,0151511
1,677;0,0133382
1,68;0,0115289
1,683;0,00973084
1,686;0,0079516
1,689;0,00619869
1,692;0,00447952
1,695;0,0028014
1,698;0,00117146
1,701;0,000403343
1,704;0,00191628
1,707;0,00336086
1,71;0,00473086
1,713;0,00602036
1,716;0,00722378
1,719;0,00833586
1,722;0,00935174
1,725;0,0102669
1,728;0,0110774
1,731;0,0117795
1,734;0,01237
1,737;0,0128462
1,74;0,0132058
1,743;0,0134472
1,746;0,0135689
1,749;0,0135703
1,752;0,0134511
1,755;0,0132115
1,758;0,0128522
1,761;0,0123745
1,764;0,0117801
1,767;0,0110714
1,77;0,0102509
1,773;0,00932191
1,776;0,0082881
1,779;0,00715356
1,782;0,00592284
1,785;0,0046009
1,788;0,00319309
1,791;0,00170513
1,794;0,000143096
1,797;0,00148662
1,8;0,00317731
1,803;0,00492202
1,806;0,00671353
1,809;0,00854442
1,812;0,0104071
1,815;0,0122938
1,818;0,0141967
1,821;0,0161077
1,824;0,018019
1,827;0,0199224
1,83;0,02181
1,833;0,0236737
1,836;0,0255058
1,839;0,0272984
1,842;0,029044
1,845;0,030735
1,848;0,0323643
1,851;0,0339249
1,854;0,0354101
1,857;0,0368135
1,86;0,038129
1,863;0,0393509
1,866;0,0404738
1,869;0,0414929
1,872;0,0424036
1,875;0,0432018
1,878;0,0438839
1,881;0,0444469
1,884;0,0448881
1,887;0,0452054
1,89;0,0453972
1,893;0,0454623
1,896;0,0454003
1,899;0,0452111
1,902;0,0448952
1,905;0,0444538
1,908;0,0438882
1,911;0,0432008
1,914;0,042394
1,917;0,0414711
1,92;0,0404356
1,923;0,0392916
1,926;0,0380437
1,929;0,0366969
1,932;0,0352567
1,935;0,0337288
1,938;0,0321196
1,941;0,0304356
1,944;0,0286837
1,947;0,0268711
1,95;0,0250053
1,953;0,023094
1,956;0,0211451
1,959;0,0191668
1,962;0,0171673
1,965;0,0151549
1,968;0,0131381
1,971;0,0111253
1,974;0,00912493
1,977;0,00714553
1,98;0,00519539
1,983;0,00328279
1,986;0,00141583
1,989;0,000397543
1,992;0,0021496
1,995;0,00383284
1,998;0,00544004
2,001;0,0069643
2,004;0,00839901
2,007;0,00973797
2,01;0,0109753
2,013;0,0121057
2,016;0,013124
2,019;0,0140259
2,022;0,0148071
2,025;0,0154643
2,028;0,0159943
2,031;0,0163947
2,034;0,0166634
2,037;0,0167992
2,04;0,016801
2,043;0,0166686
2,046;0,0164023
2,049;0,0160028
2,052;0,0154717
2,055;0,0148107
2,058;0,0140224
2,061;0,0131099
2,064;0,0120767
2,067;0,0109268
2,07;0,0096649
2,073;0,00829596
2,076;0,00682553
2,079;0,00525956
2,082;0,00360441
2,085;0,00186684
2,088;5,3971e-05
2,091;0,00182675
2,094;0,00376758
2,097;0,0057605
2,1;0,00779725
2,103;0,00986936
2,106;0,0119682
2,109;0,0140851
2,112;0,0162111
2,115;0,0183373
2,118;0,0204548
2,121;0,0225547
2,124;0,0246282
2,127;0,0266664
2,13;0,0286607
2,133;0,0306027
2,136;0,0324841
2,139;0,0342968
2,142;0,0360331
2,145;0,0376855
2,148;0,0392469
2,151;0,0407105
2,154;0,04207
2,157;0,0433195
2,16;0,0444534
2,163;0,0454667
2,166;0,046355
2,169;0,0471141
2,172;0,0477407
2,175;0,0482318
2,178;0,048585
2,181;0,0487986
2,184;0,0488713
2,187;0,0488026
2,19;0,0485924
2,193;0,0482413
2,196;0,0477504
2,199;0,0471216
2,202;0,0463571
2,205;0,0454599
2,208;0,0444333
2,211;0,0432816
2,214;0,0420092
2,217;0,0406211
2,22;0,0391231
2,223;0,0375211
2,226;0,0358216
2,229;0,0340315
2,232;0,0321583
2,235;0,0302094
2,238;0,0281931
2,241;0,0261175
2,244;0,0239914
2,247;0,0218234
2,25;0,0196226
2,253;0,0173982
2,256;0,0151595
2,259;0,0129159
2,262;0,0106766
2,265;0,00845131
2,268;0,00624922
2,271;0,00407968
2,274;0,00195187
2,277;0,000125179
2,28;0,00214263
2,283;0,00409188
2,286;0,0059646
2,289;0,00775274
2,292;0,00944862
2,295;0,0110449
2,298;0,0125347
2,301;0,0139114
2,304;0,0151691
2,307;0,0163023
2,31;0,0173058
2,313;0,0181752
2,316;0,0189066
2,319;0,0194965
2,322;0,0199421
2,325;0,0202414
2,328;0,0203927
2,331;0,020395
2,334;0,020248
2,337;0,019952
2,34;0,0195079
2,343;0,0189173
2,346;0,0181823
2,349;0,0173056
2,352;0,0162907
2,355;0,0151416
2,358;0,0138626
2,361;0,012459
2,364;0,0109363
2,367;0,0093007
2,37;0,0075588
2,373;0,00571767
2,376;0,00378485
2,379;0,00176823
2,382;0,000323884
2,385;0,00248288
2,388;0,00469984
2,391;0,00696558
2,394;0,00927069
2,397;0,0116056
2,4;0,0139605
2,403;0,0163256
2,406;0,018691
2,409;0,0210467
2,412;0,0233828
2,415;0,0256895
2,418;0,0279571
2,421;0,0301758
2,424;0,0323363
2,427;0,0344294
2,43;0,0364462
2,433;0,0383779
2,436;0,0402164
2,439;0,0419536
2,442;0,0435821
2,445;0,0450947
2,448;0,046485
2,451;0,0477467
2,454;0,0488742
2,457;0,0498626
2,46;0,0507074
2,463;0,0514048
2,466;0,0519514
2,469;0,0523446
2,472;0,0525826
2,475;0,0526638
2,478;0,0525876
2,481;0,0523541
2,484;0,0519638
2,487;0,051418
2,49;0,0507188
2,493;0,0498686
2,496;0,0488707
2,499;0,047729
2,502;0,046448
2,505;0,0450327
2,508;0,0434888
2,511;0,0418225
2,514;0,0400405
2,517;0,0381501
2,52;0,0361589
2,523;0,0340751
2,526;0,0319072
2,529;0,0296642
2,532;0,0273553
2,535;0,0249901
2,538;0,0225784
2,541;0,0201302
2,544;0,0176556
2,547;0,0151652
2,55;0,0126691
2,553;0,0101781
2,556;0,0077024
2,559;0,00525258
2,562;0,00283894
2,565;0,000471715
2,568;0,00183906
2,571;0,00408356
2,574;0,0062522
2,577;0,00833572
2,58;0,0103252
2,583;0,012212
2,586;0,013988
2,589;0,0156456
2,592;0,0171775
2,595;0,0185769
2,598;0,0198378
2,601;0,0209544
2,604;0,0219219
2,607;0,0227358
2,61;0,0233924
2,613;0,0238885
2,616;0,0242217
2,619;0,0243903
2,622;0,0243932
2,625;0,02423
2,628;0,0239011
2,631;0,0234074
2,634;0,0227506
2,637;0,0219332
2,64;0,0209583
2,643;0,0198295
2,646;0,0185514
2,649;0,0171289
2,652;0,0155676
2,655;0,0138739
2,658;0,0120546
2,661;0,010117
2,664;0,00806903
2,667;0,00591901
2,67;0,00367575
2,673;0,00134848
2,676;0,00105321
2,679;0,0035194
2,682;0,00603988
2,685;0,00860417
2,688;0,0112016
2,691;0,0138214
2,694;0,0164524
2,697;0,0190839
2,7;0,0217046
2,703;0,0243035
2,706;0,0268698
2,709;0,0293924
2,712;0,0318608
2,715;0,0342645
2,718;0,0365932
2,721;0,0388369
2,724;0,0409861
2,727;0,0430315
2,73;0,0449644
2,733;0,0467763
2,736;0,0484593
2,739;0,0500062
2,742;0,05141
2,745;0,0526647
2,748;0,0537646
2,751;0,0547048
2,754;0,0554808
2,757;0,0560893
2,76;0,0565271
2,763;0,0567921
2,766;0,0568828
2,769;0,0567984
2,772;0,056539
2,775;0,0561051
2,778;0,0554983
2,781;0,0547207
2,784;0,0537752
2,787;0,0526654
2,79;0,0513956
2,793;0,0499708
2,796;0,0483966
2,799;0,0466793
2,802;0,0448259
2,805;0,0428437
2,808;0,0407409
2,811;0,0385259
2,814;0,0362079
2,817;0,0337964
2,82;0,0313013
2,823;0,0287329
2,826;0,0261018
2,829;0,0234189
2,832;0,0206953
2,835;0,0179425
2,838;0,015172
2,841;0,0123952
2,844;0,00962395
2,847;0,0068698
2,85;0,00414437
2,853;0,00145918
2,856;0,00117441
2,859;0,00374521
2,862;0,00624231
2,865;0,00865504
2,868;0,0109731
2,871;0,0131865
2,874;0,0152858
2,877;0,0172618
2,88;0,0191061
2,883;0,0208105
2,886;0,0223676
2,889;0,0237706
2,892;0,0250132
2,895;0,0260898
2,898;0,0269956
2,901;0,0277263
2,904;0,0282786
2,907;0,0286497
2,91;0,0288376
2,913;0,0288412
2,916;0,02866
2,919;0,0282944
2,922;0,0277455
2,925;0,0270152
2,928;0,0261063
2,931;0,025022
2,934;0,0237666
2,937;0,022345
2,94;0,0207628
2,943;0,0190263
2,946;0,0171424
2,949;0,0151187
2,952;0,0129634
2,955;0,0106853
2,958;0,00829368
2,961;0,00579831
2,964;0,00320945
2,967;0,000537788
2,97;0,00220566
2,973;0,00500951
2,976;0,00786213
2,979;0,0107516
2,982;0,013666
2,985;0,016593
2,988;0,0195204
2,991;0,0224359
2,994;0,0253272
2,997;0,0281822
3;0,0309887
3,003;0,0337348
3,006;0,036409
3,009;0,0389997
3,012;0,041496
3,015;0,0438872
3,018;0,0461629
3,021;0,0483134
3,024;0,0503293
3,027;0,052202
3,03;0,0539231
3,033;0,0554852
3,036;0,0568813
3,039;0,0581052
3,042;0,0591515
3,045;0,0600152
3,048;0,0606924
3,051;0,0611798
3,054;0,061475
3,057;0,0615763
3,06;0,0614828
3,063;0,0611946
3,066;0,0607123
3,069;0,0600376
3,072;0,0591729
3,075;0,0581214
3,078;0,0568871
3,081;0,0554749
3,084;0,0538901
3,087;0,0521392
3,09;0,0502291
3,093;0,0481674
3,096;0,0459626
3,099;0,0436235
3,102;0,0411597
3,105;0,0385812
3,108;0,0358987
3,111;0,0331231
3,114;0,0302659
3,117;0,027339
3,12;0,0243544
3,123;0,0213247
3,126;0,0182623
3,129;0,0151802
3,132;0,0120911
3,135;0,00900812
3,138;0,00594415
3,141;0,00291211
3,144;7,51892e-05
3,147;0,0030051
3,15;0,0058652
3,153;0,00864332
3,156;0,0113276
3,159;0,0139066
3,162;0,0163692
3,165;0,0187048
3,168;0,0209034
3,171;0,0229554
3,174;0,0248518
3,177;0,0265844
3,18;0,0281455
3,183;0,0295282
3,186;0,0307263
3,189;0,0317343
3,192;0,0325476
3,195;0,0331624
3,198;0,0335756
3,201;0,033785
3,204;0,0337894
3,207;0,0335882
3,21;0,0331819
3,213;0,0325717
3,216;0,0317597
3,219;0,0307488
3,222;0,029543
3,225;0,0281468
3,228;0,0265657
3,231;0,0248059
3,234;0,0228743
3,237;0,0207788
3,24;0,0185278
3,243;0,0161304
3,246;0,0135964
3,249;0,010936
3,252;0,00816014
3,255;0,00528031
3,258;0,00230832
3,261;0,000743542
3,264;0,00386263
3,267;0,00703601
3,27;0,0102504
3,273;0,0134925
3,276;0,0167488
3,279;0,0200054
3,282;0,0232489
3,285;0,0264654
3,288;0,0296416
3,291;0,0327638
3,294;0,035819
3,297;0,0387941
3,3;0,0416764
3,303;0,0444537
3,306;0,047114
3,309;0,049646
3,312;0,0520386
3,315;0,0542816
3,318;0,0563651
3,321;0,0582802
3,324;0,0600183
3,327;0,0615718
3,33;0,0629338
3,333;0,0640981
3,336;0,0650594
3,339;0,0658132
3,342;0,0663558
3,345;0,0666846
3,348;0,0667977
3,351;0,0666942
3,354;0,0663739
3,357;0,0658378
3,36;0,0650876
3,363;0,0641261
3,366;0,0629567
3,369;0,061584
3,372;0,0600133
3,375;0,0582507
3,378;0,0563032
3,381;0,0541785
3,384;0,0518853
3,387;0,0494328
3,39;0,0468309
3,393;0,0440902
3,396;0,041222
3,399;0,0382379
3,402;0,0351504
3,405;0,031972
3,408;0,028716
3,411;0,0253959
3,414;0,0220255
3,417;0,0186187
3,42;0,0151899
3,423;0,0117535
3,426;0,00832369
3,429;0,00491505
3,432;0,00154191
3,435;0,00178149
3,438;0,00504107
3,441;0,00822302
3,444;0,0113138
3,447;0,0143002
3,45;0,0171695
3,453;0,0199093
3,456;0,0225079
3,459;0,0249541
3,462;0,0272372
3,465;0,0293473
3,468;0,0312751
3,471;0,0330121
3,474;0,0345507
3,477;0,035884
3,48;0,0370058
3,483;0,037911
3,486;0,0385953
3,489;0,0390554
3,492;0,0392889
3,495;0,0392942
3,498;0,0390708
3,501;0,0386193
3,504;0,0379408
3,507;0,0370379
3,51;0,0359138
3,513;0,0345728
3,516;0,03302
3,519;0,0312614
3,522;0,029304
3,525;0,0271556
3,528;0,0248248
3,531;0,0223209
3,534;0,0196542
3,537;0,0168354
3,54;0,013876
3,543;0,0107882
3,546;0,00758471
3,549;0,00427864
3,552;0,00088369
3,555;0,00258608
3,558;0,00611627
3,561;0,00969217
3,564;0,0132989
3,567;0,0169213
3,57;0,0205443
3,573;0,0241525
3,576;0,027731
3,579;0,0312644
3,582;0,034738
3,585;0,0381369
3,588;0,0414468
3,591;0,0446536
3,594;0,0477435
3,597;0,0507033
3,6;0,0535203
3,603;0,0561823
3,606;0,0586779
3,609;0,0609961
3,612;0,063127
3,615;0,065061
3,618;0,0667896
3,621;0,0683052
3,624;0,0696009
3,627;0,0706707
3,63;0,0715097
3,633;0,0721139
3,636;0,0724801
3,639;0,0726064
3,642;0,0724916
3,645;0,0721358
3,648;0,0715399
3,651;0,0707058
3,654;0,0696365
3,657;0,0683361
3,66;0,0668095
3,663;0,0650625
3,666;0,063102
3,669;0,0609359
3,672;0,0585727
3,675;0,0560219
3,678;0,0532939
3,681;0,0503996
3,684;0,047351
3,687;0,0441604
3,69;0,040841
3,693;0,0374064
3,696;0,0338707
3,699;0,0302487
3,702;0,0265552
3,705;0,0228058
3,708;0,019016
3,711;0,0152016
3,714;0,0113786
3,717;0,00756302
3,72;0,00377095
3,723;1,83291e-05
3,726;0,00367898
3,729;0,00730533
3,732;0,0108453
3,735;0,0142839
3,738;0,0176065
3,741;0,0207987
3,744;0,023847
3,747;0,0267382
3,75;0,0294599
3,753;0,0320001
3,756;0,0343479
3,759;0,0364929
3,762;0,0384258
3,765;0,0401379
3,768;0,0416215
3,771;0,0428699
3,774;0,0438774
3,777;0,0446392
3,78;0,0451516
3,783;0,0454118
3,786;0,0454182
3,789;0,0451702
3,792;0,0446683
3,795;0,043914
3,798;0,0429101
3,801;0,04166
3,804;0,0401686
3,807;0,0384416
3,81;0,0364857
3,813;0,0343085
3,816;0,0319189
3,819;0,0293263
3,822;0,0265412
3,825;0,0235749
3,828;0,0204393
3,831;0,0171474
3,834;0,0137126
3,837;0,010149
3,84;0,0064713
3,843;0,00269469
3,846;0,00116519
3,849;0,00509231
3,852;0,00907032
3,855;0,0130826
3,858;0,0171125
3,861;0,0211429
3,864;0,0251571
3,867;0,0291381
3,87;0,0330691
3,873;0,0369334
3,876;0,0407149
3,879;0,0443972
3,882;0,0479649
3,885;0,0514025
3,888;0,0546955
3,891;0,0578297
3,894;0,0607915
3,897;0,0635681
3,9;0,0661475
3,903;0,0685184
3,906;0,0706704
3,909;0,0725939
3,912;0,0742804
3,915;0,0757223
3,918;0,0769129
3,921;0,0778468
3,924;0,0785194
3,927;0,0789274
3,93;0,0790684
3,933;0,0789413
3,936;0,0785459
3,939;0,0778835
3,942;0,0769561
3,945;0,0757671
3,948;0,0743209
3,951;0,072623
3,954;0,07068
3,957;0,0684995
3,96;0,0660901
3,963;0,0634616
3,966;0,0606243
3,969;0,0575898
3,972;0,0543704
3,975;0,0509792
3,978;0,04743
3,981;0,0437375
3,984;0,0399168
3,987;0,0359837
3,99;0,0319545
3,993;0,0278458
3,996;0,0236747
3,999;0,0194587
4,002;0,0152153
4,005;0,0109624
4,008;0,00671763
4,011;0,00249898
4,014;0,0016758
4,017;0,00578909
4,02;0,00982348
4,023;0,0137618
4,026;0,0175874
4,029;0,0212839
4,032;0,0248355
4,035;0,028227
4,038;0,0314437
4,041;0,0344718
4,044;0,0372982
4,047;0,0399104
4,05;0,0422972
4,053;0,0444479
4,056;0,046353
4,059;0,048004
4,062;0,0493934
4,065;0,0505147
4,068;0,0513628
4,071;0,0519333
4,074;0,0522233
4,077;0,0522309
4,08;0,0519556
4,083;0,0513978
4,086;0,0505593
4,089;0,0494429
4,092;0,0480528
4,095;0,0463942
4,098;0,0444734
4,101;0,042298
4,104;0,0398764
4,107;0,0372185
4,11;0,0343347
4,113;0,0312368
4,116;0,0279372
4,119;0,0244493
4,122;0,0207875
4,125;0,0169667
4,128;0,0130025
4,131;0,00891139
4,134;0,0047102
4,137;0,000416354
4,14;0,00395233
4,143;0,00837767
4,146;0,0128412
4,149;0,0173242
4,152;0,021808
4,155;0,0262737
4,158;0,0307026
4,161;0,0350758
4,164;0,039375
4,167;0,0435819
4,17;0,0476787
4,173;0,0516478
4,176;0,0554725
4,179;0,0591361
4,182;0,0626232
4,185;0,0659185
4,188;0,0690078
4,191;0,0718777
4,194;0,0745158
4,197;0,0769102
4,2;0,0790506
4,203;0,0809273
4,206;0,0825319
4,209;0,083857
4,212;0,0848965
4,215;0,0856453
4,218;0,0860997
4,221;0,0862572
4,224;0,0861163
4,227;0,0856771
4,23;0,0849407
4,233;0,0839096
4,236;0,0825874
4,239;0,0809791
4,242;0,0790908
4,245;0,0769298
4,248;0,0745045
4,251;0,0718247
4,254;0,0689009
4,257;0,065745
4,26;0,0623696
4,263;0,0587885
4,266;0,0550162
4,269;0,0510682
4,272;0,0469607
4,275;0,0427105
4,278;0,0383353
4,281;0,033853
4,284;0,0292824
4,287;0,0246423
4,29;0,0199522
4,293;0,0152316
4,296;0,0105003
4,299;0,00577808
4,302;0,00108488
4,305;0,00355957
4,308;0,00813564
4,311;0,012624
4,314;0,0170055
4,317;0,0212616
4,32;0,0253742
4,323;0,0293256
4,326;0,0330988
4,329;0,0366778
4,332;0,0400469
4,335;0,0431915
4,338;0,0460981
4,341;0,0487538
4,344;0,0511469
4,347;0,0532669
4,35;0,0551041
4,353;0,0566503
4,356;0,0578984
4,359;0,0588423
4,362;0,0594776
4,365;0,0598008
4,368;0,05981
4,371;0,0595043
4,374;0,0588844
4,377;0,0579521
4,38;0,0567108
4,383;0,0551649
4,386;0,0533203
4,389;0,051184
4,392;0,0487645
4,395;0,0460711
4,398;0,0431147
4,401;0,0399071
4,404;0,0364611
4,407;0,0327908
4,41;0,0289111
4,413;0,0248378
4,416;0,0205875
4,419;0,0161778
4,422;0,0116268
4,425;0,00695333
4,428;0,00217673
4,431;0,00268317
4,434;0,00760614
4,437;0,0125716
4,44;0,0175589
4,443;0,022547
4,446;0,027515
4,449;0,032442
4,452;0,0373073
4,455;0,0420902
4,458;0,0467705
4,461;0,0513283
4,464;0,0557442
4,467;0,0599993
4,47;0,0640754
4,473;0,067955
4,476;0,0716214
4,479;0,0750586
4,482;0,0782519
4,485;0,0811871
4,488;0,0838514
4,491;0,0862331
4,494;0,0883215
4,497;0,0901071
4,5;0,0915819
4,503;0,0927389
4,506;0,0935726
4,509;0,0940787
4,512;0,0942545
4,515;0,0940984
4,518;0,0936104
4,521;0,0927919
4,524;0,0916454
4,527;0,0901751
4,53;0,0883866
4,533;0,0862864
4,536;0,083883
4,539;0,0811855
4,542;0,0782048
4,545;0,0749527
4,548;0,0714423
4,551;0,0676877
4,554;0,0637042
4,557;0,0595081
4,56;0,0551164
4,563;0,0505472
4,566;0,0458193
4,569;0,0409522
4,572;0,0359661
4,575;0,0308815
4,578;0,0257197
4,581;0,0205022
4,584;0,0152507
4,587;0,00998722
4,59;0,00473388
4,593;0,000487264
4,596;0,00565421
4,599;0,0107451
4,602;0,0157385
4,605;0,0206131
4,608;0,0253482
4,611;0,0299236
4,614;0,0343198
4,617;0,0385178
4,62;0,0424997
4,623;0,0462482
4,626;0,0497471
4,629;0,0529811
4,632;0,055936
4,635;0,0585989
4,638;0,0609579
4,641;0,0630024
4,644;0,0647231
4,647;0,0661122
4,65;0,067163
4,653;0,0678704
4,656;0,0682306
4,659;0,0682415
4,662;0,0679021
4,665;0,0672131
4,668;0,0661767
4,671;0,0647964
4,674;0,0630773
4,677;0,0610259
4,68;0,0586499
4,683;0,0559588
4,686;0,0529632
4,689;0,0496748
4,692;0,0461069
4,695;0,0422739
4,698;0,0381913
4,701;0,0338756
4,704;0,0293445
4,707;0,0246166
4,71;0,0197112
4,713;0,0146487
4,716;0,00944978
4,719;0,00413614
4,722;0,00127021
4,725;0,00674675
4,728;0,0122706
4,731;0,0178188
4,734;0,023368
4,737;0,0288948
4,74;0,0343761
4,743;0,0397887
4,746;0,0451098
4,749;0,0503167
4,752;0,0553874
4,755;0,0603003
4,758;0,0650344
4,761;0,0695693
4,764;0,0738857
4,767;0,0779649
4,77;0,0817893
4,773;0,0853422
4,776;0,0886082
4,779;0,0915727
4,782;0,0942229
4,785;0,0965468
4,788;0,0985339
4,791;0,100175
4,794;0,101463
4,797;0,102391
4,8;0,102955
4,803;0,103151
4,806;0,102978
4,809;0,102436
4,812;0,101526
4,815;0,100252
4,818;0,0986167
4,821;0,0966276
4,824;0,0942919
4,827;0,0916187
4,83;0,0886185
4,833;0,0853032
4,836;0,0816859
4,839;0,0777812
4,842;0,0736048
4,845;0,0691738
4,848;0,0645061
4,851;0,0596209
4,854;0,0545382
4,857;0,0492789
4,86;0,0438646
4,863;0,0383179
4,866;0,0326617
4,869;0,0269194
4,872;0,0211152
4,875;0,0152731
4,878;0,00941762
4,881;0,00357338
4,884;0,00223509
4,887;0,00798332
4,89;0,013647
4,893;0,0192022
4,896;0,0246254
4,899;0,0298933
4,902;0,0349837
4,905;0,0398748
4,908;0,0445454
4,911;0,0489757
4,914;0,0531463
4,917;0,0570392
4,92;0,0606375
4,923;0,0639254
4,926;0,0668885
4,929;0,0695134
4,932;0,0717886
4,935;0,0737035
4,938;0,0752496
4,941;0,0764193
4,944;0,077207
4,947;0,0776085
4,95;0,0776213
4,953;0,0772445
4,956;0,0764788
4,959;0,0753266
4,962;0,0737918
4,965;0,07188
4,968;0,0695986
4,971;0,0669561
4,974;0,063963
4,977;0,060631
4,98;0,0569734
4,983;0,0530048
4,986;0,0487413
4,989;0,0442
4,992;0,0393994
4,995;0,0343592
4,998;0,0290999
5,001;0,0236432
5,004;0,0180115
5,007;0,0122282
5,01;0,0063171
5,013;0,000302863
5,016;0,00578951
5,019;0,0119346
5,022;0,0181068
5,025;0,0242801
5,028;0,0304286
5,031;0,0365265
5,034;0,0425481
5,037;0,0484679
5,04;0,0542607
5,043;0,059902
5,046;0,0653678
5,049;0,0706347
5,052;0,0756802
5,055;0,0804826
5,058;0,0850211
5,061;0,0892762
5,064;0,0932293
5,067;0,0968632
5,07;0,100162
5,073;0,103111
5,076;0,105697
5,079;0,107908
5,082;0,109735
5,085;0,111168
5,088;0,112202
5,091;0,11283
5,094;0,113049
5,097;0,112857
5,1;0,112255
5,103;0,111243
5,106;0,109826
5,109;0,108008
5,112;0,105796
5,115;0,103198
5,118;0,100225
5,121;0,0968883
5,124;0,0932007
5,127;0,0891771
5,13;0,0848339
5,133;0,0801884
5,136;0,0752595
5,139;0,0700674
5,142;0,0646332
5,145;0,0589792
5,148;0,0531287
5,151;0,0471058
5,154;0,0409354
5,157;0,0346432
5,16;0,0282553
5,163;0,0217984
5,166;0,0152993
5,169;0,00878523
5,172;0,00228362
5,175;0,00417825
5,178;0,0105731
5,181;0,0168741
5,184;0,0230543
5,187;0,0290877
5,19;0,0349486
5,193;0,0406119
5,196;0,0460535
5,199;0,05125
5,202;0,056179
5,205;0,0608193
5,208;0,0651507
5,211;0,0691544
5,214;0,0728128
5,217;0,0761098
5,22;0,0790307
5,223;0,0815625
5,226;0,0836936
5,229;0,0854143
5,232;0,0867164
5,235;0,0875936
5,238;0,0880411
5,241;0,0880562
5,244;0,0876378
5,247;0,0867868
5,25;0,0855058
5,253;0,0837992
5,256;0,0816733
5,259;0,079136
5,262;0,0761971
5,265;0,0728681
5,268;0,0691621
5,271;0,0650938
5,274;0,0606795
5,277;0,055937
5,28;0,0508855
5,283;0,0455456
5,286;0,0399389
5,289;0,0340886
5,292;0,0280185
5,295;0,0217538
5,298;0,0153203
5,301;0,00874466
5,304;0,00205418
5,307;0,00472328
5,31;0,0115595
5,313;0,0184258
5,316;0,0252934
5,319;0,0321336
5,322;0,0389175
5,325;0,0456165
5,328;0,0522023
5,331;0,058647
5,334;0,0649232
5,337;0,0710041
5,34;0,0768639
5,343;0,0824773
5,346;0,0878204
5,349;0,09287
5,352;0,0976042
5,355;0,102003
5,358;0,106046
5,361;0,109716
5,364;0,112998
5,367;0,115875
5,37;0,118336
5,373;0,120369
5,376;0,121965
5,379;0,123115
5,382;0,123815
5,385;0,124059
5,388;0,123847
5,391;0,123178
5,394;0,122054
5,397;0,120478
5,4;0,118456
5,403;0,115996
5,406;0,113107
5,409;0,1098
5,412;0,106089
5,415;0,101987
5,418;0,0975119
5,421;0,0926808
5,424;0,0875135
5,427;0,0820308
5,43;0,0762553
5,433;0,0702103
5,436;0,0639209
5,439;0,0574127
5,442;0,0507128
5,445;0,0438488
5,448;0,0368491
5,451;0,0297429
5,454;0,0225598
5,457;0,0153298
5,46;0,00808313
5,463;0,000850209
5,466;0,00633855
5,469;0,0134529
5,472;0,0204627
5,475;0,0273384
5,478;0,0340507
5,481;0,0405711
5,484;0,0468719
5,487;0,052926
5,49;0,0587075
5,493;0,0641915
5,496;0,0693543
5,499;0,0741736
5,502;0,0786283
5,505;0,0826989
5,508;0,0863675
5,511;0,0896178
5,514;0,0924352
5,517;0,0948069
5,52;0,0967221
5,523;0,0981715
5,526;0,0991482
5,529;0,099647
5,532;0,0996647
5,535;0,0992002
5,538;0,0982545
5,541;0,0968303
5,544;0,0949327
5,547;0,0925685
5,55;0,0897467
5,553;0,0864782
5,556;0,0827755
5,559;0,0786535
5,562;0,0741284
5,565;0,0692184
5,568;0,0639432
5,571;0,0583242
5,574;0,0523842
5,577;0,0461475
5,58;0,0396396
5,583;0,0328873
5,586;0,0259184
5,589;0,0187616
5,592;0,0114467
5,595;0,00400394
5,598;0,00353565
5,601;0,0111406
5,604;0,0187791
5,607;0,0264193
5,61;0,0340289
5,613;0,0415759
5,616;0,0490286
5,619;0,0563554
5,622;0,0635253
5,625;0,0705077
5,628;0,0772731
5,631;0,0837924
5,634;0,0900377
5,637;0,0959823
5,64;0,101601
5,643;0,106868
5,646;0,111762
5,649;0,116261
5,652;0,120345
5,655;0,123996
5,658;0,127198
5,661;0,129937
5,664;0,132199
5,667;0,133975
5,67;0,135256
5,673;0,136035
5,676;0,136308
5,679;0,136073
5,682;0,13533
5,685;0,13408
5,688;0,132328
5,691;0,13008
5,694;0,127344
5,697;0,124131
5,7;0,120453
5,703;0,116325
5,706;0,111763
5,709;0,106785
5,712;0,101411
5,715;0,0956636
5,718;0,0895649
5,721;0,0831404
5,724;0,0764161
5,727;0,0694198
5,73;0,0621801
5,733;0,054727
5,736;0,0470913
5,739;0,0393046
5,742;0,0313993
5,745;0,0234085
5,748;0,0153654
5,751;0,00730364
5,754;0,000742849
5,757;0,00874028
5,76;0,016655
5,763;0,0244534
5,766;0,0321028
5,769;0,0395704
5,772;0,0468247
5,775;0,0538346
5,778;0,0605702
5,781;0,0670026
5,784;0,073104
5,787;0,0788483
5,79;0,0842103
5,793;0,0891669
5,796;0,0936961
5,799;0,0977782
5,802;0,101395
5,805;0,10453
5,808;0,10717
5,811;0,109301
5,814;0,110915
5,817;0,112002
5,82;0,112558
5,823;0,112579
5,826;0,112063
5,829;0,111012
5,832;0,109429
5,835;0,107319
5,838;0,10469
5,841;0,101552
5,844;0,0979163
5,847;0,0937981
5,85;0,0892134
5,853;0,0841802
5,856;0,0787187
5,859;0,0728509
5,862;0,0666007
5,865;0,0599933
5,868;0,0530558
5,871;0,0458165
5,874;0,0383052
5,877;0,0305529
5,88;0,0225916
5,883;0,0144542
5,886;0,00617462
5,889;0,00221278
5,892;0,010673
5,895;0,0191706
5,898;0,0276701
5,901;0,0361356
5,904;0,0445317
5,907;0,0528228
5,91;0,060974
5,913;0,0689506
5,916;0,0767189
5,919;0,0842456
5,922;0,0914987
5,925;0,0984472
5,928;0,105061
5,931;0,111312
5,934;0,117173
5,937;0,122618
5,94;0,127623
5,943;0,132168
5,946;0,136231
5,949;0,139794
5,952;0,142842
5,955;0,14536
5,958;0,147336
5,961;0,148762
5,964;0,14963
5,967;0,149935
5,97;0,149675
5,973;0,148849
5,976;0,147459
5,979;0,145511
5,982;0,143011
5,985;0,139969
5,988;0,136395
5,991;0,132305
5,994;0,127714
5,997;0,122639
6;0,117102
6,003;0,111125
6,006;0,104732
6,009;0,0979478
6,012;0,0908013
6,015;0,0833214
6,018;0,0755387
6,021;0,0674852
6,024;0,0591943
6,027;0,0507001
6,03;0,0420379
6,033;0,0332438
6,036;0,0243543
6,039;0,0154067
6,042;0,00643823
6,045;0,00251333
6,048;0,0114104
6,051;0,0202155
6,054;0,0288914
6,057;0,0374014
6,06;0,0457094
6,063;0,05378
6,066;0,0615789
6,069;0,0690727
6,072;0,0762292
6,075;0,0830177
6,078;0,0894088
6,081;0,0953748
6,084;0,10089
6,087;0,105929
6,09;0,110472
6,093;0,114496
6,096;0,117985
6,099;0,120922
6,102;0,123295
6,105;0,125091
6,108;0,126302
6,111;0,126921
6,114;0,126946
6,117;0,126373
6,12;0,125205
6,123;0,123445
6,126;0,121098
6,129;0,118175
6,132;0,114685
6,135;0,110642
6,138;0,106061
6,141;0,100962
6,144;0,0953636
6,147;0,0892888
6,15;0,0827619
6,153;0,0758095
6,156;0,0684597
6,159;0,0607425
6,162;0,0526897
6,165;0,0443342
6,168;0,0357104
6,171;0,0268541
6,174;0,0178018
6,177;0,00859126
6,18;0,000739304
6,183;0,0101509
6,186;0,0196043
6,189;0,0290597
6,192;0,0384775
6,195;0,0478181
6,198;0,057042
6,201;0,0661103
6,204;0,0749845
6,207;0,0836269
6,21;0,0920008
6,213;0,10007
6,216;0,107801
6,219;0,115159
6,222;0,122114
6,225;0,128635
6,228;0,134693
6,231;0,140263
6,234;0,145319
6,237;0,14984
6,24;0,153805
6,243;0,157197
6,246;0,159999
6,249;0,1622
6,252;0,163787
6,255;0,164754
6,258;0,165094
6,261;0,164806
6,264;0,163888
6,267;0,162344
6,27;0,160178
6,273;0,157398
6,276;0,154014
6,279;0,15004
6,282;0,145491
6,285;0,140384
6,288;0,13474
6,291;0,128581
6,294;0,121933
6,297;0,114821
6,3;0,107275
6,303;0,0993255
6,306;0,091005
6,309;0,0823475
6,312;0,0733889
6,315;0,0641659
6,318;0,0547167
6,321;0,0450806
6,324;0,0352976
6,327;0,0254085
6,33;0,0154546
6,333;0,00547743
6,336;0,00448101
6,339;0,0143789
6,342;0,0241745
6,345;0,0338265
6,348;0,0432941
6,351;0,052537
6,354;0,0615159
6,357;0,0701926
6,36;0,0785299
6,363;0,0864921
6,366;0,0940449
6,369;0,101156
6,372;0,107794
6,375;0,11393
6,378;0,119537
6,381;0,124592
6,384;0,12907
6,387;0,132952
6,39;0,136221
6,393;0,138862
6,396;0,140861
6,399;0,14221
6,402;0,1429
6,405;0,142928
6,408;0,142293
6,411;0,140994
6,414;0,139037
6,417;0,136429
6,42;0,133177
6,423;0,129296
6,426;0,124799
6,429;0,119705
6,432;0,114033
6,435;0,107806
6,438;0,101049
6,441;0,0937891
6,444;0,0860556
6,447;0,0778799
6,45;0,0692956
6,453;0,0603377
6,456;0,051043
6,459;0,0414499
6,462;0,0315979
6,465;0,0215279
6,468;0,0112817
6,471;0,000901943
6,474;0,00956809
6,477;0,0200846
6,48;0,0306036
6,483;0,0410808
6,486;0,0514721
6,489;0,0617338
6,492;0,0718223
6,495;0,0816951
6,498;0,0913101
6,501;0,100626
6,504;0,109604
6,507;0,118205
6,51;0,126392
6,513;0,13413
6,516;0,141385
6,519;0,148126
6,522;0,154323
6,525;0,159949
6,528;0,16498
6,531;0,169392
6,534;0,173166
6,537;0,176285
6,54;0,178734
6,543;0,180502
6,546;0,181578
6,549;0,181959
6,552;0,181639
6,555;0,180619
6,558;0,178903
6,561;0,176494
6,564;0,173403
6,567;0,16964
6,57;0,165221
6,573;0,160161
6,576;0,154481
6,579;0,148203
6,582;0,141353
6,585;0,133957
6,588;0,126047
6,591;0,117653
6,594;0,10881
6,597;0,0995546
6,6;0,0899241
6,603;0,0799584
6,606;0,0696987
6,609;0,0591872
6,612;0,0484677
6,615;0,0375846
6,618;0,0265834
6,621;0,01551
6,624;0,00441075
6,627;0,00666783
6,63;0,0176791
6,633;0,0285768
6,636;0,0393147
6,639;0,0498475
6,642;0,0601305
6,645;0,0701199
6,648;0,0797732
6,651;0,089049
6,654;0,0979076
6,657;0,106311
6,66;0,114222
6,663;0,121608
6,666;0,128435
6,669;0,134675
6,672;0,140299
6,675;0,145282
6,678;0,149602
6,681;0,15324
6,684;0,156179
6,687;0,158405
6,69;0,159906
6,693;0,160676
6,696;0,160709
6,699;0,160003
6,702;0,15856
6,705;0,156385
6,708;0,153484
6,711;0,149868
6,714;0,145551
6,717;0,14055
6,72;0,134884
6,723;0,128576
6,726;0,12165
6,729;0,114134
6,732;0,106058
6,735;0,0974558
6,738;0,0883616
6,741;0,0788126
6,744;0,0688479
6,747;0,0585085
6,75;0,047837
6,753;0,0368775
6,756;0,0256753
6,759;0,014277
6,762;0,00273006
6,765;0,00891742
6,768;0,0206167
6,771;0,0323188
6,774;0,0439745
6,777;0,0555348
6,78;0,066951
6,783;0,0781747
6,786;0,0891584
6,789;0,0998554
6,792;0,11022
6,795;0,120209
6,798;0,129778
6,801;0,138886
6,804;0,147495
6,807;0,155568
6,81;0,163068
6,813;0,169963
6,816;0,176223
6,819;0,181821
6,822;0,186731
6,825;0,190931
6,828;0,194402
6,831;0,197128
6,834;0,199096
6,837;0,200295
6,84;0,20072
6,843;0,200366
6,846;0,199233
6,849;0,197324
6,852;0,194647
6,855;0,191209
6,858;0,187025
6,861;0,182109
6,864;0,176482
6,867;0,170164
6,87;0,163182
6,873;0,155562
6,876;0,147336
6,879;0,138537
6,882;0,1292
6,885;0,119364
6,888;0,109068
6,891;0,098355
6,894;0,0872691
6,897;0,075856
6,9;0,0641628
6,903;0,052238
6,906;0,0401312
6,909;0,0278929
6,912;0,0155741
6,915;0,00322651
6,918;0,0090982
6,921;0,0213482
6,924;0,0334718
6,927;0,0454179
6,93;0,0571358
6,933;0,0685759
6,936;0,0796896
6,939;0,0904293
6,942;0,100749
6,945;0,110605
6,948;0,119954
6,951;0,128757
6,954;0,136974
6,957;0,144571
6,96;0,151513
6,963;0,157771
6,966;0,163316
6,969;0,168124
6,972;0,172173
6,975;0,175444
6,978;0,177921
6,981;0,179593
6,984;0,180451
6,987;0,180489
6,99;0,179706
6,993;0,178102
6,996;0,175683
6,999;0,172457
7,002;0,168437
7,005;0,163636
7,008;0,158074
7,011;0,151772
7,014;0,144755
7,017;0,137052
7,02;0,128692
7,023;0,119709
7,026;0,11014
7,029;0,100024
7,032;0,089402
7,035;0,0783175
7,038;0,066816
7,041;0,0549449
7,044;0,0427533
7,047;0,0302916
7,05;0,0176117
7,053;0,0047663
7,056;0,00819103
7,059;0,0212061
7,062;0,0342244
7,065;0,0471912
7,068;0,060052
7,071;0,0727525
7,074;0,085239
7,077;0,0974587
7,08;0,109359
7,083;0,120891
7,086;0,132003
7,089;0,14265
7,092;0,152784
7,095;0,162362
7,098;0,171344
7,101;0,179689
7,104;0,187361
7,107;0,194327
7,11;0,200555
7,113;0,206019
7,116;0,210693
7,119;0,214556
7,122;0,21759
7,125;0,219781
7,128;0,221117
7,131;0,221591
7,134;0,221199
7,137;0,21994
7,14;0,217819
7,143;0,214842
7,146;0,211019
7,149;0,206366
7,152;0,200899
7,155;0,19464
7,158;0,187613
7,161;0,179847
7,164;0,171372
7,167;0,162222
7,17;0,152434
7,173;0,142048
7,176;0,131106
7,179;0,119653
7,182;0,107736
7,185;0,0954045
7,188;0,0827084
7,191;0,0697005
7,194;0,056435
7,197;0,0429669
7,2;0,0293523
7,203;0,0156481
7,206;0,00191176
7,209;0,0117992
7,212;0,0254272
7,215;0,0389147
7,218;0,0522048
7,221;0,0652413
7,224;0,0779688
7,227;0,0903331
7,23;0,102282
7,233;0,113763
7,236;0,124729
7,239;0,135131
7,242;0,144924
7,245;0,154067
7,248;0,16252
7,251;0,170244
7,254;0,177207
7,257;0,183378
7,26;0,188728
7,263;0,193234
7,266;0,196874
7,269;0,199632
7,272;0,201494
7,275;0,20245
7,278;0,202494
7,281;0,201624
7,284;0,199842
7,287;0,197153
7,29;0,193566
7,293;0,189095
7,296;0,183756
7,299;0,17757
7,302;0,170561
7,305;0,162757
7,308;0,154188
7,311;0,144889
7,314;0,134897
7,317;0,124253
7,32;0,113001
7,323;0,101185
7,326;0,0888546
7,329;0,0760603
7,332;0,0628548
7,335;0,0492926
7,338;0,0354299
7,341;0,0213243
7,344;0,00703438
7,347;0,00738011
7,35;0,021859
7,353;0,0363415
7,356;0,0507669
7,359;0,0650745
7,362;0,0792038
7,365;0,0930952
7,368;0,10669
7,371;0,11993
7,374;0,132759
7,377;0,145123
7,38;0,156967
7,383;0,168242
7,386;0,178899
7,389;0,188892
7,392;0,198177
7,395;0,206714
7,398;0,214465
7,401;0,221396
7,404;0,227476
7,407;0,232677
7,41;0,236976
7,413;0,240354
7,416;0,242792
7,419;0,24428
7,422;0,244809
7,425;0,244375
7,428;0,242977
7,431;0,240619
7,434;0,237308
7,437;0,233058
7,44;0,227883
7,443;0,221803
7,446;0,214841
7,449;0,207026
7,452;0,198388
7,455;0,188961
7,458;0,178783
7,461;0,167896
7,464;0,156343
7,467;0,144172
7,47;0,131432
7,473;0,118176
7,476;0,104458
7,479;0,0903342
7,482;0,075864
7,485;0,0611069
7,488;0,0461244
7,491;0,0309788
7,494;0,0157335
7,497;0,000452123
7,5;0,0148011
7,503;0,0299621
7,506;0,0449669
7,509;0,0597523
7,512;0,0742556
7,515;0,0884153
7,518;0,102171
7,521;0,115464
7,524;0,128239
7,527;0,140438
7,53;0,152012
7,533;0,162908
7,536;0,173081
7,539;0,182485
7,542;0,191081
7,545;0,198828
7,548;0,205695
7,551;0,211648
7,554;0,216663
7,557;0,220714
7,56;0,223784
7,563;0,225858
7,566;0,226923
7,569;0,226974
7,572;0,226008
7,575;0,224028
7,578;0,221038
7,581;0,21705
7,584;0,212078
7,587;0,20614
7,59;0,19926
7,593;0,191465
7,596;0,182784
7,599;0,173253
7,602;0,16291
7,605;0,151796
7,608;0,139956
7,611;0,127439
7,614;0,114296
7,617;0,10058
7,62;0,0863472
7,623;0,0716572
7,626;0,0565704
7,629;0,0411491
7,632;0,0254574
7,635;0,00956069
7,638;0,00647484
7,641;0,0225821
7,644;0,0386936
7,647;0,0547416
7,65;0,0706587
7,653;0,0863777
7,656;0,101832
7,659;0,116956
7,662;0,131686
7,665;0,145959
7,668;0,159714
7,671;0,172893
7,674;0,185437
7,677;0,197294
7,68;0,208412
7,683;0,218743
7,686;0,228242
7,689;0,236866
7,692;0,244578
7,695;0,251344
7,698;0,257132
7,701;0,261917
7,704;0,265676
7,707;0,268391
7,71;0,270049
7,713;0,270639
7,716;0,270158
7,719;0,268605
7,722;0,265983
7,725;0,262303
7,728;0,257576
7,731;0,251821
7,734;0,245059
7,737;0,237317
7,74;0,228624
7,743;0,219016
7,746;0,208531
7,749;0,19721
7,752;0,1851
7,755;0,172249
7,758;0,15871
7,761;0,144538
7,764;0,129792
7,767;0,114532
7,77;0,0988209
7,773;0,0827239
7,776;0,0663076
7,779;0,0496404
7,782;0,0327916
7,785;0,0158317
7,788;0,00116836
7,791;0,0181373
7,794;0,0350037
7,797;0,0516966
7,8;0,0681455
7,803;0,0842806
7,806;0,100034
7,809;0,115338
7,812;0,130127
7,815;0,144339
7,818;0,157912
7,821;0,170789
7,824;0,182912
7,827;0,194231
7,83;0,204695
7,833;0,214259
7,836;0,22288
7,839;0,23052
7,842;0,237145
7,845;0,242726
7,848;0,247235
7,851;0,250653
7,854;0,252961
7,857;0,254149
7,86;0,254208
7,863;0,253136
7,866;0,250934
7,869;0,247611
7,872;0,243176
7,875;0,237647
7,878;0,231043
7,881;0,223392
7,884;0,214721
7,887;0,205066
7,89;0,194465
7,893;0,18296
7,896;0,170597
7,899;0,157428
7,902;0,143504
7,905;0,128884
7,908;0,113626
7,911;0,0977942
7,914;0,081453
7,917;0,0646701
7,92;0,047515
7,923;0,0300589
7,926;0,0123746
7,929;0,00546425
7,932;0,023383
7,935;0,0413067
7,938;0,0591599
7,941;0,0768676
7,944;0,094355
7,947;0,111548
7,95;0,128374
7,953;0,144762
7,956;0,160641
7,959;0,175945
7,962;0,190606
7,965;0,204563
7,968;0,217755
7,971;0,230126
7,974;0,24162
7,977;0,252189
7,98;0,261785
7,983;0,270367
7,986;0,277895
7,989;0,284337
7,992;0,289662
7,995;0,293846
7,998;0,296869
8,001;0,298715
8,004;0,299374
8,007;0,298841
8,01;0,297116
8,013;0,294202
8,016;0,29011
8,019;0,284854
8,022;0,278453
8,025;0,270933
8,028;0,262322
8,031;0,252654
8,034;0,241967
8,037;0,230304
8,04;0,217712
8,043;0,204241
8,046;0,189946
8,049;0,174886
8,052;0,159122
8,055;0,142718
8,058;0,125743
8,061;0,108266
8,064;0,0903588
8,067;0,0720968
8,07;0,0535554
8,073;0,034812
8,076;0,0159447
8,079;0,00296739
8,082;0,021845
8,085;0,0406087
8,088;0,0591796
8,091;0,0774791
8,094;0,0954298
8,097;0,112956
8,1;0,129982
8,103;0,146436
8,106;0,162248
8,109;0,177349
8,112;0,191675
8,115;0,205164
8,118;0,217757
8,121;0,2294
8,124;0,240041
8,127;0,249634
8,13;0,258136
8,133;0,265509
8,136;0,271719
8,139;0,276738
8,142;0,280542
8,145;0,283113
8,148;0,284436
8,151;0,284504
8,154;0,283314
8,157;0,280868
8,16;0,277172
8,163;0,272241
8,166;0,266093
8,169;0,258749
8,172;0,250239
8,175;0,240595
8,178;0,229856
8,181;0,218065
8,184;0,205268
8,187;0,191517
8,19;0,176867
8,193;0,16138
8,196;0,145116
8,199;0,128144
8,202;0,110532
8,205;0,0923541
8,208;0,0736844
8,211;0,0546006
8,214;0,0351818
8,217;0,0155089
8,22;0,0043361
8,223;0,0242702
8,226;0,0442098
8,229;0,0640712
8,232;0,0837709
8,235;0,103226
8,238;0,122353
8,241;0,141073
8,244;0,159305
8,247;0,176971
8,25;0,193997
8,253;0,210309
8,256;0,225838
8,259;0,240515
8,262;0,254278
8,265;0,267068
8,268;0,278827
8,271;0,289505
8,274;0,299054
8,277;0,307432
8,28;0,3146
8,283;0,320527
8,286;0,325184
8,289;0,328549
8,292;0,330605
8,295;0,331341
8,298;0,330751
8,301;0,328834
8,304;0,325595
8,307;0,321045
8,31;0,3152
8,313;0,308082
8,316;0,299719
8,319;0,290141
8,322;0,279388
8,325;0,267501
8,328;0,254529
8,331;0,240522
8,334;0,225538
8,337;0,209637
8,34;0,192885
8,343;0,175349
8,346;0,157102
8,349;0,138218
8,352;0,118776
8,355;0,0988564
8,358;0,0785411
8,361;0,0579149
8,364;0,0370636
8,367;0,0160745
8,37;0,00496466
8,373;0,0259656
8,376;0,0468401
8,379;0,0675001
8,382;0,0878585
8,385;0,107829
8,388;0,127327
8,391;0,146269
8,394;0,164575
8,397;0,182167
8,4;0,198968
8,403;0,214907
8,406;0,229915
8,409;0,243927
8,412;0,256881
8,415;0,268722
8,418;0,279396
8,421;0,288856
8,424;0,297061
8,427;0,303972
8,43;0,309558
8,433;0,313793
8,436;0,316655
8,439;0,31813
8,442;0,318209
8,445;0,316887
8,448;0,314168
8,451;0,31006
8,454;0,304577
8,457;0,297739
8,46;0,289572
8,463;0,280107
8,466;0,269382
8,469;0,257437
8,472;0,244322
8,475;0,230087
8,478;0,214792
8,481;0,198497
8,484;0,181269
8,487;0,163178
8,49;0,144298
8,493;0,124707
8,496;0,104485
8,499;0,0837168
8,502;0,0624873
8,505;0,0408851
8,508;0,019
8,511;0,00307674
8,514;0,0252527
8,517;0,0474351
8,52;0,0695307
8,523;0,0914465
8,526;0,11309
8,529;0,13437
8,532;0,155196
8,535;0,175479
8,538;0,195134
8,541;0,214076
8,544;0,232225
8,547;0,249501
8,55;0,265832
8,553;0,281145
8,556;0,295375
8,559;0,308459
8,562;0,32034
8,565;0,330966
8,568;0,340288
8,571;0,348266
8,574;0,354862
8,577;0,360045
8,58;0,363792
8,583;0,366082
8,586;0,366904
8,589;0,36625
8,592;0,36412
8,595;0,360519
8,598;0,35546
8,601;0,348961
8,604;0,341046
8,607;0,331744
8,61;0,321092
8,613;0,309132
8,616;0,29591
8,619;0,281481
8,622;0,265901
8,625;0,249234
8,628;0,231547
8,631;0,212912
8,634;0,193405
8,637;0,173107
8,64;0,152101
8,643;0,130474
8,646;0,108314
8,649;0,0857147
8,652;0,0627691
8,655;0,0395731
8,658;0,0162235
8,661;0,00718199
8,664;0,0305452
8,667;0,0537678
8,67;0,0767521
8,673;0,0994009
8,676;0,121618
8,679;0,14331
8,682;0,164385
8,685;0,184751
8,688;0,204323
8,691;0,223016
8,694;0,240749
8,697;0,257447
8,7;0,273037
8,703;0,287451
8,706;0,300625
8,709;0,312503
8,712;0,32303
8,715;0,33216
8,718;0,339851
8,721;0,346068
8,724;0,350782
8,727;0,35397
8,73;0,355613
8,733;0,355704
8,736;0,354237
8,739;0,351215
8,742;0,346648
8,745;0,340551
8,748;0,332947
8,751;0,323864
8,754;0,313338
8,757;0,301408
8,76;0,288123
8,763;0,273535
8,766;0,257702
8,769;0,240688
8,772;0,222563
8,775;0,203399
8,778;0,183275
8,781;0,162273
8,784;0,14048
8,787;0,117985
8,79;0,094882
8,793;0,0712658
8,796;0,0472346
8,799;0,0228885
8,802;0,00167092
8,805;0,026341
8,808;0,0510183
8,811;0,0755993
8,814;0,0999805
8,817;0,124059
8,82;0,147733
8,823;0,170903
8,826;0,193469
8,829;0,215336
8,832;0,23641
8,835;0,256601
8,838;0,275823
8,841;0,293992
8,844;0,31103
8,847;0,326863
8,85;0,341421
8,853;0,354641
8,856;0,366465
8,859;0,376839
8,862;0,385716
8,865;0,393057
8,868;0,398827
8,871;0,402998
8,874;0,405549
8,877;0,406466
8,88;0,405742
8,883;0,403375
8,886;0,399373
8,889;0,393748
8,892;0,386521
8,895;0,377718
8,898;0,367373
8,901;0,355526
8,904;0,342223
8,907;0,327518
8,91;0,311468
8,913;0,294138
8,916;0,275598
8,919;0,255924
8,922;0,235195
8,925;0,213497
8,928;0,190917
8,931;0,16755
8,934;0,143491
8,937;0,118841
8,94;0,0937001
8,943;0,0681744
8,946;0,0423699
8,949;0,0163943
8,952;0,00964361
8,955;0,0356347
8,958;0,0614697
8,961;0,0870396
8,964;0,112237
8,967;0,136954
8,97;0,161087
8,973;0,184533
8,976;0,207192
8,979;0,228966
8,982;0,249764
8,985;0,269494
8,988;0,288073
8,991;0,305418
8,994;0,321456
8,997;0,336115
9;0,349331
9,003;0,361045
9,006;0,371205
9,009;0,379764
9,012;0,386684
9,015;0,391931
9,018;0,39548
9,021;0,397313
9,024;0,397416
9,027;0,395788
9,03;0,392429
9,033;0,387352
9,036;0,380573
9,039;0,372117
9,042;0,362016
9,045;0,350308
9,048;0,33704
9,051;0,322263
9,054;0,306037
9,057;0,288426
9,06;0,269501
9,063;0,249339
9,066;0,228022
9,069;0,205637
9,072;0,182275
9,075;0,158032
9,078;0,133009
9,081;0,107308
9,084;0,0810367
9,087;0,0543035
9,09;0,0272197
9,093;0,000101618
9,096;0,0275463
9,099;0,0549992
9,102;0,0823452
9,105;0,109469
9,108;0,136257
9,111;0,162594
9,114;0,188371
9,117;0,213477
9,12;0,237805
9,123;0,261251
9,126;0,283715
9,129;0,305101
9,132;0,325316
9,135;0,344273
9,138;0,361889
9,141;0,378088
9,144;0,392797
9,147;0,405954
9,15;0,417498
9,153;0,427377
9,156;0,435547
9,159;0,441969
9,162;0,446612
9,165;0,449454
9,168;0,450478
9,171;0,449675
9,174;0,447046
9,177;0,442597
9,18;0,436344
9,183;0,428307
9,186;0,418517
9,189;0,407012
9,192;0,393836
9,195;0,37904
9,198;0,362683
9,201;0,344831
9,204;0,325555
9,207;0,304933
9,21;0,283048
9,213;0,25999
9,216;0,235853
9,219;0,210735
9,222;0,184742
9,225;0,157978
9,228;0,130556
9,231;0,102589
9,234;0,0741932
9,237;0,0454869
9,24;0,01659
9,243;0,0123764
9,246;0,041291
9,249;0,0700322
9,252;0,0984787
9,255;0,126511
9,258;0,154009
9,261;0,180858
9,264;0,206942
9,267;0,232151
9,27;0,256377
9,273;0,279516
9,276;0,301468
9,279;0,322138
9,282;0,341438
9,285;0,359282
9,288;0,375593
9,291;0,390298
9,294;0,403333
9,297;0,414639
9,3;0,424165
9,303;0,431866
9,306;0,437707
9,309;0,441659
9,312;0,443701
9,315;0,443821
9,318;0,442012
9,321;0,43828
9,324;0,432635
9,327;0,425097
9,33;0,415694
9,333;0,40446
9,336;0,391439
9,339;0,376682
9,342;0,360246
9,345;0,342198
9,348;0,322609
9,351;0,301559
9,354;0,279132
9,357;0,255419
9,36;0,230518
9,363;0,204531
9,366;0,177564
9,369;0,149727
9,372;0,121138
9,375;0,0919124
9,378;0,0621733
9,381;0,032044
9,384;0,00165015
9,387;0,0288811
9,39;0,0594219
9,393;0,0898439
9,396;0,120019
9,399;0,14982
9,402;0,179122
9,405;0,207798
9,408;0,235729
9,411;0,262795
9,414;0,288881
9,417;0,313874
9,42;0,337667
9,423;0,360159
9,426;0,38125
9,429;0,400851
9,432;0,418874
9,435;0,435242
9,438;0,449881
9,441;0,462727
9,444;0,473721
9,447;0,482814
9,45;0,489962
9,453;0,495131
9,456;0,498297
9,459;0,499439
9,462;0,498551
9,465;0,49563
9,468;0,490685
9,471;0,483731
9,474;0,474795
9,477;0,463908
9,48;0,451112
9,483;0,436457
9,486;0,420001
9,489;0,401808
9,492;0,381951
9,495;0,36051
9,498;0,337571
9,501;0,313227
9,504;0,287578
9,507;0,260728
9,51;0,232788
9,513;0,203873
9,516;0,174101
9,519;0,143596
9,522;0,112484
9,525;0,0808952
9,528;0,0489608
9,531;0,0168141
9,534;0,0154103
9,537;0,0475772
9,54;0,0795515
9,543;0,111198
9,546;0,142384
9,549;0,172977
9,552;0,202847
9,555;0,231867
9,558;0,259913
9,561;0,286866
9,564;0,312609
9,567;0,337033
9,57;0,360031
9,573;0,381504
9,576;0,401359
9,579;0,419507
9,582;0,43587
9,585;0,450375
9,588;0,462956
9,591;0,473557
9,594;0,482129
9,597;0,488631
9,6;0,493032
9,603;0,495307
9,606;0,495444
9,609;0,493437
9,612;0,489289
9,615;0,483013
9,618;0,474632
9,621;0,464174
9,624;0,451681
9,627;0,437199
9,63;0,420786
9,633;0,402506
9,636;0,382431
9,639;0,360642
9,642;0,337227
9,645;0,31228
9,648;0,285904
9,651;0,258204
9,654;0,229296
9,657;0,199298
9,66;0,168333
9,663;0,136529
9,666;0,104018
9,669;0,0709348
9,672;0,0374174
9,675;0,00360557
9,678;0,0303595
9,681;0,0643353
9,684;0,0981794
9,687;0,131749
9,69;0,164903
9,693;0,197501
9,696;0,229405
9,699;0,260479
9,702;0,290591
9,705;0,319613
9,708;0,347419
9,711;0,373891
9,714;0,398915
9,717;0,422382
9,72;0,444191
9,723;0,464245
9,726;0,482457
9,729;0,498747
9,732;0,513041
9,735;0,525276
9,738;0,535395
9,741;0,543351
9,744;0,549107
9,747;0,552632
9,75;0,553908
9,753;0,552924
9,756;0,549679
9,759;0,544182
9,762;0,536451
9,765;0,526513
9,768;0,514406
9,771;0,500175
9,774;0,483876
9,777;0,465573
9,78;0,445337
9,783;0,42325
9,786;0,399401
9,789;0,373885
9,792;0,346806
9,795;0,318275
9,798;0,288408
9,801;0,257327
9,804;0,225162
9,807;0,192043
9,81;0,158108
9,813;0,123499
9,816;0,0883579
9,819;0,0528323
9,822;0,0170703
9,825;0,0187784
9,828;0,0545635
9,831;0,0901345
9,834;0,125342
9,837;0,160036
9,84;0,194071
9,843;0,227302
9,846;0,259588
9,849;0,290791
9,852;0,320778
9,855;0,34942
9,858;0,376593
9,861;0,402181
9,864;0,426073
9,867;0,448164
9,87;0,468357
9,873;0,486565
9,876;0,502705
9,879;0,516705
9,882;0,528503
9,885;0,538043
9,888;0,545281
9,891;0,550181
9,894;0,552717
9,897;0,552874
9,9;0,550646
9,903;0,546036
9,906;0,539059
9,909;0,529739
9,912;0,51811
9,915;0,504216
9,918;0,48811
9,921;0,469854
9,924;0,449522
9,927;0,427193
9,93;0,402957
9,933;0,376912
9,936;0,349163
9,939;0,319822
9,942;0,28901
9,945;0,256853
9,948;0,223483
9,951;0,189037
9,954;0,153658
9,957;0,117492
9,96;0,0806889
9,963;0,0434026
9,966;0,0057883
9,969;0,0319967
9,972;0,069794
9,975;0,107445
9,978;0,144791
9,981;0,181675
9,984;0,217941
9,987;0,253435
9,99;0,288006
9,993;0,321507
9,996;0,353795
9,999;0,384732
10,002;0,414184
10,005;0,442026
10,008;0,468136
10,011;0,492401
10,014;0,514714
10,017;0,534979
10,02;0,553105
10,023;0,569012
10,026;0,582627
10,029;0,593889
10,032;0,602745
10,035;0,609152
10,038;0,613079
10,041;0,614503
10,044;0,613413
10,047;0,609808
10,05;0,603697
10,053;0,595101
10,056;0,584051
10,059;0,570587
10,062;0,55476
10,065;0,536632
10,068;0,516274
10,071;0,493766
10,074;0,469199
10,077;0,442671
10,08;0,414289
10,083;0,384168
10,086;0,352431
10,089;0,319207
10,092;0,284634
10,095;0,248852
10,098;0,21201
10,101;0,174261
10,104;0,13576
10,107;0,0966676
10,11;0,057147
10,113;0,0173631
10,116;0,0225175
10,119;0,0623278
10,122;0,1019
10,125;0,141068
10,128;0,179666
10,131;0,21753
10,134;0,254501
10,137;0,29042
10,14;0,325135
10,143;0,358497
10,146;0,390364
10,149;0,420597
10,152;0,449066
10,155;0,475649
10,158;0,500228
10,161;0,522697
10,164;0,542957
10,167;0,560917
10,17;0,576497
10,173;0,589626
10,176;0,600244
10,179;0,608301
10,182;0,613757
10,185;0,616584
10,188;0,616764
10,191;0,61429
10,194;0,609167
10,197;0,60141
10,2;0,591047
10,203;0,578115
10,206;0,562663
10,209;0,54475
10,212;0,524446
10,215;0,501831
10,218;0,476995
10,221;0,450037
10,224;0,421066
10,227;0,390199
10,23;0,357562
10,233;0,323288
10,236;0,287517
10,239;0,250396
10,242;0,212078
10,245;0,172721
10,248;0,132489
10,251;0,0915482
10,254;0,0500691
10,257;0,00822474
10,26;0,0338098
10,263;0,0758585
10,266;0,117745
10,269;0,159292
10,272;0,200326
10,275;0,240672
10,278;0,280159
10,281;0,318621
10,284;0,355892
10,287;0,391815
10,29;0,426234
10,293;0,459003
10,296;0,489979
10,299;0,51903
10,302;0,546028
10,305;0,570855
10,308;0,593404
10,311;0,613573
10,314;0,631274
10,317;0,646425
10,32;0,658959
10,323;0,668816
10,326;0,675949
10,329;0,680323
10,332;0,681913
10,335;0,680706
10,338;0,676701
10,341;0,669908
10,344;0,660351
10,347;0,648063
10,35;0,633089
10,353;0,615487
10,356;0,595325
10,359;0,572682
10,362;0,547648
10,365;0,520322
10,368;0,490814
10,371;0,459244
10,374;0,425739
10,377;0,390435
10,38;0,353478
10,383;0,315019
10,386;0,275215
10,389;0,234232
10,392;0,192238
10,395;0,149408
10,398;0,10592
10,401;0,0619557
10,404;0,0176976
10,407;0,0266685
10,41;0,0709566
10,413;0,114981
10,416;0,158555
10,419;0,201495
10,422;0,24362
10,425;0,284751
10,428;0,324713
10,431;0,363335
10,434;0,400452
10,437;0,435906
10,44;0,469543
10,443;0,501219
10,446;0,530795
10,449;0,558144
10,452;0,583145
10,455;0,605688
10,458;0,625673
10,461;0,64301
10,464;0,657622
10,467;0,66944
10,47;0,678408
10,473;0,684484
10,476;0,687634
10,479;0,687839
10,482;0,685093
10,485;0,679399
10,488;0,670776
10,491;0,659253
10,494;0,644872
10,497;0,627687
10,5;0,607764
10,503;0,585182
10,506;0,560028
10,509;0,532403
10,512;0,502418
10,515;0,470193
10,518;0,435859
10,521;0,399555
10,524;0,361429
10,527;0,321637
10,53;0,280344
10,533;0,237719
10,536;0,193938
10,539;0,149182
10,542;0,103638
10,545;0,0574944
10,548;0,0109443
10,551;0,0358177
10,554;0,0825958
10,557;0,129194
10,56;0,175415
10,563;0,221065
10,566;0,26595
10,569;0,309881
10,572;0,352671
10,575;0,394137
10,578;0,434103
10,581;0,472397
10,584;0,508855
10,587;0,543319
10,59;0,575642
10,593;0,605681
10,596;0,633306
10,599;0,658395
10,602;0,680838
10,605;0,700535
10,608;0,717396
10,611;0,731345
10,614;0,742317
10,617;0,750259
10,62;0,75513
10,623;0,756905
10,626;0,755568
10,629;0,751118
10,632;0,743568
10,635;0,732941
10,638;0,719277
10,641;0,702625
10,644;0,683049
10,647;0,660625
10,65;0,635441
10,653;0,607596
10,656;0,577201
10,659;0,544379
10,662;0,509262
10,665;0,471992
10,668;0,432722
10,671;0,391612
10,674;0,34883
10,677;0,304552
10,68;0,258962
10,683;0,212247
10,686;0,164601
10,689;0,116224
10,692;0,0673148
10,695;0,0180793
10,698;0,0312767
10,701;0,0805464
10,704;0,129523
10,707;0,177999
10,71;0,22577
10,713;0,272635
10,716;0,318394
10,719;0,362854
10,722;0,405823
10,725;0,447118
10,728;0,486563
10,731;0,523988
10,734;0,55923
10,737;0,592138
10,74;0,622567
10,743;0,650385
10,746;0,675469
10,749;0,697708
10,752;0,717001
10,755;0,733262
10,758;0,752355
10,761;0,774206
10,764;0,798729
10,767;0,825828
10,77;0,855394
10,773;0,887308
10,776;0,921443
10,779;0,957658
10,782;0,995806
10,785;1,03573
10,788;1,07727
10,791;1,12026
10,794;1,1645
10,797;1,20984
10,8;1,25606
10,803;1,30299
10,806;1,35042
10,809;1,39817
10,812;1,44602
10,815;1,49378
10,818;1,54125
10,821;1,58822
10,824;1,6345
10,827;1,6799
10,83;1,72422
10,833;1,76727
10,836;1,80886
10,839;1,84883
10,842;1,887
10,845;1,9232
10,848;1,95728
10,851;1,98909
10,854;2,01849
10,857;2,04535
10,86;2,06956
10,863;2,09101
10,866;2,10959
10,869;2,12524
10,872;2,13787
10,875;2,14742
10,878;2,15385
10,881;2,15713
10,884;2,15722
10,887;2,15414
10,89;2,14788
10,893;2,13845
10,896;2,1259
10,899;2,11028
10,902;2,09162
10,905;2,07002
10,908;2,04556
10,911;2,01832
10,914;1,98843
10,917;1,95599
10,92;1,92114
10,923;1,88403
10,926;1,84479
10,929;1,8036
10,932;1,76061
10,935;1,71602
10,938;1,66999
10,941;1,62273
10,944;1,57442
10,947;1,52527
10,95;1,47548
10,953;1,42526
10,956;1,37482
10,959;1,32437
10,962;1,27412
10,965;1,22429
10,968;1,17508
10,971;1,12671
10,974;1,07937
10,977;1,03327
10,98;0,988604
10,983;0,945565
10,986;0,904336
10,989;0,865094
10,992;0,828008
10,995;0,793239
10,998;0,760939
11,001;0,731247
11,004;0,704295
11,007;0,680201
11,01;0,653134
11,013;0,623201
11,016;0,59052
11,019;0,555224
11,022;0,517455
11,025;0,477366
11,028;0,43512
11,031;0,39089
11,034;0,344857
11,037;0,297211
11,04;0,248148
11,043;0,197871
11,046;0,146589
11,049;0,094515
11,052;0,0418657
11,055;0,0111389
11,058;0,064277
11,061;0,117326
11,064;0,170062
11,067;0,222263
11,07;0,27371
11,073;0,324184
11,076;0,373471
11,079;0,421361
11,082;0,467651
11,085;0,512142
11,088;0,554644
11,091;0,594973
11,094;0,632956
11,097;0,668427
11,1;0,701233
11,103;0,731229
11,106;0,758284
11,109;0,782277
11,112;0,803102
11,115;0,820662
11,118;0,834878
11,121;0,845683
11,124;0,853023
11,127;0,85686
11,13;0,85717
11,133;0,853945
11,136;0,847189
11,139;0,836924
11,142;0,823185
11,145;0,806022
11,148;0,7855
11,151;0,761697
11,154;0,734707
11,157;0,704634
11,16;0,6716
11,163;0,635736
11,166;0,597187
11,169;0,556108
11,172;0,512667
11,175;0,467041
11,178;0,419416
11,181;0,369989
11,184;0,318963
11,187;0,266548
11,19;0,212963
11,193;0,158428
11,196;0,103172
11,199;0,0474247
11,202;0,0085809
11,205;0,06461
11,208;0,120427
11,211;0,175798
11,214;0,230489
11,217;0,284268
11,22;0,336908
11,223;0,388185
11,226;0,437881
11,229;0,485783
11,232;0,531687
11,235;0,575395
11,238;0,616719
11,241;0,65548
11,244;0,69151
11,247;0,724651
11,25;0,754758
11,253;0,787637
11,256;0,823156
11,259;0,861172
11,262;0,901531
11,265;0,944069
11,268;0,988611
11,271;1,03497
11,274;1,08297
11,277;1,1324
11,28;1,18306
11,283;1,23473
11,286;1,28721
11,289;1,34028
11,292;1,3937
11,295;1,44727
11,298;1,50076
11,301;1,55393
11,304;1,60657
11,307;1,65846
11,31;1,70937
11,313;1,75908
11,316;1,8074
11,319;1,85411
11,322;1,89901
11,325;1,9419
11,328;1,98262
11,331;2,02097
11,334;2,05679
11,337;2,08993
11,34;2,12024
11,343;2,14759
11,346;2,17185
11,349;2,19293
11,352;2,21071
11,355;2,22513
11,358;2,2361
11,361;2,24359
11,364;2,24754
11,367;2,24794
11,37;2,24478
11,373;2,23806
11,376;2,22779
11,379;2,21403
11,382;2,19681
11,385;2,1762
11,388;2,15229
11,391;2,12516
11,394;2,09491
11,397;2,06168
11,4;2,0256
11,403;1,9868
11,406;1,94545
11,409;1,90171
11,412;1,85577
11,415;1,8078
11,418;1,75802
11,421;1,70661
11,424;1,65381
11,427;1,59981
11,43;1,54486
11,433;1,48917
11,436;1,43298
11,439;1,37652
11,442;1,32003
11,445;1,26376
11,448;1,20792
11,451;1,15277
11,454;1,09853
11,457;1,04543
11,46;0,993701
11,463;0,943561
11,466;0,895223
11,469;0,848895
11,472;0,804776
11,475;0,763055
11,478;0,723915
11,481;0,687523
11,484;0,65404
11,487;0,617673
11,49;0,578568
11,493;0,536883
11,496;0,492788
11,499;0,446463
11,502;0,398097
11,505;0,347889
11,508;0,296045
11,511;0,242781
11,514;0,188316
11,517;0,132877
11,52;0,0766936
11,523;0,0200012
11,526;0,0369635
11,529;0,093962
11,532;0,150755
11,535;0,207103
11,538;0,262769
11,541;0,317518
11,544;0,371117
11,547;0,423339
11,55;0,473961
11,553;0,522768
11,556;0,56955
11,559;0,614106
11,562;0,656245
11,565;0,695785
11,568;0,732552
11,571;0,766387
11,574;0,797142
11,577;0,82468
11,58;0,848878
11,583;0,869628
11,586;0,886835
11,589;0,900419
11,592;0,910314
11,595;0,916471
11,598;0,918857
11,601;0,917452
11,604;0,912255
11,607;0,903278
11,61;0,890551
11,613;0,87412
11,616;0,854044
11,619;0,830402
11,622;0,803283
11,625;0,772794
11,628;0,739057
11,631;0,702204
11,634;0,662385
11,637;0,61976
11,64;0,574502
11,643;0,526795
11,646;0,476834
11,649;0,424824
11,652;0,370979
11,655;0,315521
11,658;0,25868
11,661;0,200691
11,664;0,141795
11,667;0,0822372
11,67;0,0222669
11,673;0,0378652
11,676;0,097907
11,679;0,157606
11,682;0,216711
11,685;0,274972
11,688;0,332142
11,691;0,38798
11,694;0,442248
11,697;0,494713
11,7;0,545153
11,703;0,593351
11,706;0,639098
11,709;0,682199
11,712;0,722465
11,715;0,759722
11,718;0,799747
11,721;0,842376
11,724;0,887437
11,727;0,934747
11,73;0,98411
11,733;1,03533
11,736;1,08818
11,739;1,14246
11,742;1,19793
11,745;1,25437
11,748;1,31155
11,751;1,36921
11,754;1,42713
11,757;1,48506
11,76;1,54275
11,763;1,59997
11,766;1,65647
11,769;1,71201
11,772;1,76636
11,775;1,81929
11,778;1,87057
11,781;1,91998
11,784;1,96732
11,787;2,01237
11,79;2,05494
11,793;2,09485
11,796;2,13193
11,799;2,16601
11,802;2,19694
11,805;2,2246
11,808;2,24884
11,811;2,26957
11,814;2,28669
11,817;2,30012
11,82;2,30979
11,823;2,31566
11,826;2,3177
11,829;2,31588
11,832;2,3102
11,835;2,30069
11,838;2,28737
11,841;2,27028
11,844;2,2495
11,847;2,22511
11,85;2,19719
11,853;2,16585
11,856;2,13123
11,859;2,09346
11,862;2,05268
11,865;2,00908
11,868;1,96281
11,871;1,91407
11,874;1,86307
11,877;1,81
11,88;1,75509
11,883;1,69856
11,886;1,64066
11,889;1,5816
11,892;1,52166
11,895;1,46106
11,898;1,40008
11,901;1,33895
11,904;1,27794
11,907;1,21731
11,91;1,1573
11,913;1,09818
11,916;1,0402
11,919;0,983591
11,922;0,928605
11,925;0,875473
11,928;0,824424
11,931;0,775676
11,934;0,729438
11,937;0,685912
11,94;0,645285
11,943;0,601795
11,946;0,555617
11,949;0,506942
11,952;0,455966
11,955;0,402899
11,958;0,34796
11,961;0,291375
11,964;0,233378
11,967;0,174209
11,97;0,114115
11,973;0,053346
11,976;0,00784453
11,979;0,0692003
11,982;0,130464
11,985;0,191378
11,988;0,251686
11,991;0,311134
11,994;0,369469
11,997;0,426444
