0,003;0
0,006;6,36396e-05
0,009;0,000190792
0,012;0,000380756
0,015;0,000632263
0,018;0,00094348
0,021;0,00131202
0,024;0,00173498
0,027;0,00220892
0,03;0,00272994
0,033;0,00329367
0,036;0,00389535
0,039;0,00452982
0,042;0,0051916
0,045;0,00587493
0,048;0,00657381
0,051;0,00728206
0,054;0,00799336
0,057;0,00870135
0,06;0,00939962
0,063;0,0100818
0,066;0,0107417
0,069;0,0113732
0,072;0,0119703
0,075;0,0125276
0,078;0,0130396
0,081;0,0135015
0,084;0,0139088
0,087;0,0142574
0,09;0,0145437
0,093;0,0147648
0,096;0,0149182
0,099;0,015002
0,102;0,0150151
0,105;0,0149567
0,108;0,014827
0,111;0,0146266
0,114;0,0143567
0,117;0,0140194
0,12;0,0136172
0,123;0,0131533
0,126;0,0126314
0,129;0,0120558
0,132;0,0114313
0,135;0,0107631
0,138;0,0100571
0,141;0,00931928
0,144;0,00855604
0,147;0,00777409
0,15;0,00698034
0,153;0,00618185
0,156;0,00538578
0,159;0,0045993
0,162;0,00382956
0,165;0,00308361
0,168;0,00236832
0,171;0,00169035
0,174;0,00105606
0,177;0,000471465
0,18;5,78258e-05
0,183;0,000526661
0,186;0,000930399
0,189;0,00126495
0,192;0,00152682
0,195;0,00171314
0,198;0,00182171
0,201;0,001851
0,204;0,0018002
0,207;0,0016692
0,21;0,00145862
0,213;0,0011698
0,216;0,000804791
0,219;0,000366344
0,222;0,000142108
0,225;0,00071648
0,228;0,00135206
0,231;0,00204357
0,234;0,00278516
0,237;0,00357052
0,24;0,00439288
0,243;0,0052451
0,246;0,00611971
0,249;0,00700902
0,252;0,0079051
0,255;0,00879996
0,258;0,00968551
0,261;0,0105537
0,264;0,0113967
0,267;0,0122066
0,27;0,012976
0,273;0,0136976
0,276;0,0143647
0,279;0,0149707
0,282;0,0155099
0,285;0,015977
0,288;0,0163671
0,291;0,0166763
0,294;0,0169012
0,297;0,0170393
0,3;0,0170886
0,303;0,017048
0,306;0,0169174
0,309;0,0166973
0,312;0,016389
0,315;0,0159946
0,318;0,0155172
0,321;0,0149605
0,324;0,0143288
0,327;0,0136274
0,33;0,0128621
0,333;0,0120393
0,336;0,011166
0,339;0,0102498
0,342;0,00929852
0,345;0,00832055
0,348;0,0073245
0,351;0,00631918
0,354;0,0053136
0,357;0,0043168
0,36;0,0033378
0,363;0,00238556
0,366;0,00146881
0,369;0,000596074
0,372;0,0002245
0,375;0,000985158
0,378;0,00167863
0,381;0,00229822
0,384;0,00283782
0,387;0,00329201
0,39;0,00365612
0,393;0,00392623
0,396;0,00409925
0,399;0,00417295
0,402;0,00414598
0,405;0,00401786
0,408;0,00378904
0,411;0,00346088
0,414;0,00303564
0,417;0,00251646
0,42;0,00190736
0,423;0,00121318
0,426;0,000439595
0,429;0,000407006
0,432;0,00131951
0,435;0,00229016
0,438;0,00331064
0,441;0,00437211
0,444;0,00546529
0,447;0,00658058
0,45;0,00770809
0,453;0,00883777
0,456;0,00995944
0,459;0,011063
0,462;0,0121383
0,465;0,0131756
0,468;0,0141651
0,471;0,0150978
0,474;0,0159647
0,477;0,0167577
0,48;0,017469
0,483;0,0180918
0,486;0,0186197
0,489;0,0190474
0,492;0,0193702
0,495;0,0195847
0,498;0,019688
0,501;0,0196785
0,504;0,0195554
0,507;0,0193192
0,51;0,018971
0,513;0,0185134
0,516;0,0179495
0,519;0,0172838
0,522;0,0165215
0,525;0,0156688
0,528;0,0147327
0,531;0,0137212
0,534;0,0126427
0,537;0,0115066
0,54;0,0103225
0,543;0,00910092
0,546;0,00785251
0,549;0,00658832
0,552;0,00531963
0,555;0,00405783
0,558;0,00281431
0,561;0,00160039
0,564;0,000427219
0,567;0,000694374
0,57;0,00175393
0,573;0,00274148
0,576;0,00364762
0,579;0,00446364
0,582;0,00518157
0,585;0,00579424
0,588;0,00629541
0,591;0,0066798
0,594;0,00694311
0,597;0,00708215
0,6;0,00709477
0,603;0,00698
0,606;0,00673796
0,609;0,00636994
0,612;0,00587838
0,615;0,00526683
0,618;0,00453996
0,621;0,00370351
0,624;0,00276422
0,627;0,00172985
0,63;0,000609024
0,633;0,000588767
0,636;0,00185328
0,639;0,00317361
0,642;0,00453826
0,645;0,00593525
0,648;0,00735225
0,651;0,00877663
0,654;0,0101956
0,657;0,0115965
0,66;0,0129663
0,663;0,0142928
0,666;0,0155635
0,669;0,0167667
0,672;0,017891
0,675;0,0189258
0,678;0,0198612
0,681;0,020688
0,684;0,0213981
0,687;0,0219842
0,69;0,0224401
0,693;0,022761
0,696;0,0229429
0,699;0,0229831
0,702;0,0228805
0,705;0,0226349
0,708;0,0222475
0,711;0,0217207
0,714;0,0210585
0,717;0,0202657
0,72;0,0193486
0,723;0,0183146
0,726;0,0171722
0,729;0,0159309
0,732;0,0146011
0,735;0,0131942
0,738;0,0117224
0,741;0,0101985
0,744;0,0086357
0,747;0,0070479
0,75;0,0054492
0,753;0,0038539
0,756;0,00227638
0,759;0,000730981
0,762;0,000768179
0,765;0,00220728
0,768;0,00357295
0,771;0,00485238
0,774;0,00603346
0,777;0,00710487
0,78;0,00805619
0,783;0,00887802
0,786;0,00956207
0,789;0,0101012
0,792;0,0104896
0,795;0,0107226
0,798;0,0107971
0,801;0,0107113
0,804;0,0104649
0,807;0,010059
0,81;0,009496
0,813;0,00877998
0,816;0,00791629
0,819;0,00691167
0,822;0,00577417
0,825;0,0045131
0,828;0,00313895
0,831;0,00166328
0,834;9,86821e-05
0,837;0,0015414
0,84;0,00324273
0,843;0,00499042
0,846;0,00676908
0,849;0,0085629
0,852;0,0103559
0,855;0,0121318
0,858;0,0138746
0,861;0,0155684
0,864;0,0171976
0,867;0,018747
0,87;0,0202022
0,873;0,0215494
0,876;0,0227758
0,879;0,0238693
0,882;0,0248194
0,885;0,0256163
0,888;0,026252
0,891;0,0267194
0,894;0,0270133
0,897;0,0271298
0,9;0,0270665
0,903;0,0268229
0,906;0,0263998
0,909;0,0257997
0,912;0,0250269
0,915;0,0240871
0,918;0,0229876
0,921;0,0217371
0,924;0,0203459
0,927;0,0188254
0,93;0,0171886
0,933;0,0154492
0,936;0,0136222
0,939;0,0117235
0,942;0,00976963
0,945;0,00777778
0,948;0,00576564
0,951;0,00375116
0,954;0,00175245
0,957;0,000212373
0,96;0,0021254
0,963;0,00396906
0,966;0,00572625
0,969;0,00738057
0,972;0,00891641
0,975;0,0103191
0,978;0,0115751
0,981;0,0126721
0,984;0,0135991
0,987;0,0143465
0,99;0,0149064
0,993;0,0152724
0,996;0,0154399
0,999;0,015406
1,002;0,0151696
1,005;0,0147313
1,008;0,0140937
1,011;0,0132612
1,014;0,0122399
1,017;0,0110376
1,02;0,0096639
1,023;0,00813
1,026;0,00644855
1,029;0,00463365
1,032;0,0027007
1,035;0,000666281
1,038;0,00145202
1,041;0,00363572
1,044;0,00586562
1,047;0,00812198
1,05;0,0103847
1,053;0,0126334
1,056;0,0148478
1,059;0,0170077
1,062;0,0190933
1,065;0,0210853
1,068;0,0229651
1,071;0,024715
1,074;0,0263184
1,077;0,0277598
1,08;0,029025
1,083;0,0301016
1,086;0,0309784
1,089;0,0316461
1,092;0,0320974
1,095;0,0323266
1,098;0,0323301
1,101;0,0321063
1,104;0,0316556
1,107;0,0309805
1,11;0,0300854
1,113;0,028977
1,116;0,0276637
1,119;0,0261558
1,122;0,0244657
1,125;0,0226071
1,128;0,0205957
1,131;0,0184485
1,134;0,0161839
1,137;0,0138214
1,14;0,0113817
1,143;0,008886
1,146;0,00635654
1,149;0,00381581
1,152;0,0012866
1,155;0,00120827
1,158;0,00364608
1,161;0,0060045
1,164;0,00826175
1,167;0,0103968
1,17;0,0123896
1,173;0,0142212
1,176;0,015874
1,179;0,0173318
1,182;0,0185803
1,185;0,0196066
1,188;0,0204
1,191;0,0209517
1,194;0,021255
1,197;0,0213056
1,2;0,0211011
1,203;0,0206416
1,206;0,0199295
1,209;0,0189695
1,212;0,0177683
1,215;0,0163351
1,218;0,0146813
1,221;0,0128202
1,224;0,0107669
1,227;0,0085388
1,23;0,00615458
1,233;0,00363464
1,236;0,00100071
1,239;0,0017243
1,242;0,00451651
1,245;0,00735126
1,248;0,0102033
1,251;0,0130472
1,254;0,0158571
1,257;0,0186077
1,26;0,0212737
1,263;0,0238305
1,266;0,0262544
1,269;0,0285226
1,272;0,0306136
1,275;0,0325074
1,278;0,0341855
1,281;0,0356313
1,284;0,0368302
1,287;0,0377696
1,29;0,0384394
1,293;0,0388315
1,296;0,0389405
1,299;0,0387635
1,302;0,0383
1,305;0,0375521
1,308;0,0365248
1,311;0,0352251
1,314;0,033663
1,317;0,0318506
1,32;0,0298025
1,323;0,0275354
1,326;0,0250684
1,329;0,022422
1,332;0,019619
1,335;0,0166835
1,338;0,0136409
1,341;0,0105178
1,344;0,0073419
1,347;0,00414131
1,35;0,000944682
1,353;0,00221919
1,356;0,00532159
1,359;0,00833417
1,362;0,0112292
1,365;0,0139798
1,368;0,0165602
1,371;0,0189459
1,374;0,0211143
1,377;0,0230441
1,38;0,0247164
1,383;0,0261143
1,386;0,0272233
1,389;0,0280315
1,392;0,0285294
1,395;0,0287103
1,398;0,0285705
1,401;0,028109
1,404;0,0273276
1,407;0,0262311
1,41;0,0248272
1,413;0,0231265
1,416;0,021142
1,419;0,0188897
1,422;0,0163881
1,425;0,0136577
1,428;0,0107218
1,431;0,00760508
1,434;0,00433449
1,437;0,000938369
1,44;0,00255361
1,443;0,0061107
1,446;0,00970133
1,449;0,0132934
1,452;0,0168546
1,455;0,0203528
1,458;0,0237558
1,461;0,0270325
1,464;0,0301525
1,467;0,0330866
1,47;0,0358072
1,473;0,0382881
1,476;0,0405054
1,479;0,0424374
1,482;0,0440646
1,485;0,0453702
1,488;0,0463403
1,491;0,0469637
1,494;0,0472325
1,497;0,0471417
1,5;0,0466896
1,503;0,0458778
1,506;0,0447111
1,509;0,0431974
1,512;0,041348
1,515;0,0391772
1,518;0,0367022
1,521;0,0339432
1,524;0,030923
1,527;0,027667
1,53;0,0242029
1,533;0,0205604
1,536;0,0167709
1,539;0,0128676
1,542;0,00888484
1,545;0,00485786
1,548;0,00082261
1,551;0,00318465
1,554;0,00712766
1,557;0,0109705
1,56;0,0146778
1,563;0,0182154
1,566;0,0215501
1,569;0,0246506
1,572;0,0274873
1,575;0,0300329
1,578;0,0322623
1,581;0,0341533
1,584;0,0356866
1,587;0,0368457
1,59;0,0376177
1,593;0,037993
1,596;0,0379652
1,599;0,037532
1,602;0,0366943
1,605;0,0354568
1,608;0,033828
1,611;0,0318196
1,614;0,0294471
1,617;0,0267294
1,62;0,0236885
1,623;0,0203494
1,626;0,0167402
1,629;0,0128914
1,632;0,00883605
1,635;0,00460911
1,638;0,000247454
1,641;0,0042106
1,644;0,0087256
1,647;0,0132573
1,65;0,0177651
1,653;0,0222081
1,656;0,0265461
1,659;0,0307391
1,662;0,0347485
1,665;0,0385368
1,668;0,0420685
1,671;0,0453099
1,674;0,0482298
1,677;0,0507998
1,68;0,0529942
1,683;0,0547906
1,686;0,0561701
1,689;0,0571175
1,692;0,057621
1,695;0,0576731
1,698;0,0572701
1,701;0,0564125
1,704;0,0551049
1,707;0,0533558
1,71;0,0511779
1,713;0,0485878
1,716;0,0456059
1,719;0,0422563
1,722;0,0385666
1,725;0,0345676
1,728;0,0302931
1,731;0,0257798
1,734;0,0210664
1,737;0,0161942
1,74;0,0112056
1,743;0,00614501
1,746;0,00105728
1,749;0,00401193
1,752;0,00901689
1,755;0,0139121
1,758;0,0186527
1,761;0,023195
1,764;0,0274967
1,767;0,0315174
1,77;0,0352189
1,773;0,0385657
1,776;0,0415253
1,779;0,0440682
1,782;0,0461686
1,785;0,0478046
1,788;0,0489581
1,791;0,0496155
1,794;0,0497673
1,797;0,0494086
1,8;0,048539
1,803;0,0471629
1,806;0,0452891
1,809;0,0429309
1,812;0,0401062
1,815;0,0368371
1,818;0,0331499
1,821;0,029075
1,824;0,0246462
1,827;0,0199009
1,83;0,0148797
1,833;0,00962581
1,836;0,00418485
1,839;0,00139551
1,842;0,007066
1,845;0,0127762
1,848;0,0184751
1,851;0,0241112
1,854;0,0296334
1,857;0,0349912
1,86;0,0401353
1,863;0,0450177
1,866;0,0495928
1,869;0,0538173
1,872;0,0576506
1,875;0,0610555
1,878;0,0639984
1,881;0,0664495
1,884;0,0683834
1,887;0,069779
1,89;0,0706201
1,893;0,070895
1,896;0,0705975
1,899;0,0697262
1,902;0,0682848
1,905;0,0662825
1,908;0,0637332
1,911;0,0606561
1,914;0,0570752
1,917;0,0530193
1,92;0,0485214
1,923;0,0436189
1,926;0,0383532
1,929;0,0327691
1,932;0,0269146
1,935;0,0208406
1,938;0,0146001
1,941;0,0082482
1,944;0,00184121
1,947;0,00456356
1,95;0,0109084
1,953;0,0171359
1,956;0,0231891
1,959;0,0290124
1,962;0,0345517
1,965;0,0397551
1,968;0,0445735
1,971;0,0489608
1,974;0,0528746
1,977;0,0562763
1,98;0,0591316
1,983;0,0614111
1,986;0,0630902
1,989;0,0641497
1,992;0,0645755
1,995;0,0643595
1,998;0,0634991
2,001;0,0619976
2,004;0,059864
2,007;0,057113
2,01;0,053765
2,013;0,0498462
2,016;0,0453876
2,019;0,0404257
2,022;0,0350016
2,025;0,0291608
2,028;0,0229531
2,031;0,0164318
2,034;0,0096532
2,037;0,00267668
2,04;0,0044364
2,043;0,011623
2,046;0,0188189
2,049;0,0259595
2,052;0,03298
2,055;0,0398166
2,058;0,0464062
2,061;0,052688
2,064;0,0586032
2,067;0,064096
2,07;0,0691141
2,073;0,0736088
2,076;0,0775362
2,079;0,080857
2,082;0,0835368
2,085;0,0855473
2,088;0,0868655
2,091;0,0874748
2,094;0,0873648
2,097;0,0865313
2,1;0,0849768
2,103;0,0827104
2,106;0,0797473
2,109;0,0761093
2,112;0,0718246
2,115;0,0669271
2,118;0,0614566
2,121;0,0554583
2,124;0,0489826
2,127;0,0420843
2,13;0,0348227
2,133;0,0272604
2,136;0,0194635
2,139;0,0115004
2,142;0,00344182
2,145;0,00464055
2,148;0,0126741
2,151;0,0205862
2,154;0,0283047
2,157;0,0357589
2,16;0,0428798
2,163;0,049601
2,166;0,0558592
2,169;0,0615948
2,172;0,0667526
2,175;0,0712821
2,178;0,0751381
2,181;0,0782812
2,184;0,0806781
2,187;0,0823021
2,19;0,0831331
2,193;0,0831581
2,196;0,0823711
2,199;0,0807737
2,202;0,0783745
2,205;0,0751895
2,208;0,0712419
2,211;0,0665618
2,214;0,0611863
2,217;0,0551588
2,22;0,048529
2,223;0,0413525
2,226;0,0336898
2,229;0,0256068
2,232;0,017173
2,235;0,00846197
2,238;0,000449817
2,241;0,00948357
2,244;0,0185589
2,247;0,0275943
2,25;0,0365082
2,253;0,0452197
2,256;0,0536487
2,259;0,0617176
2,262;0,0693511
2,265;0,0764776
2,268;0,0830292
2,271;0,0889431
2,274;0,0941616
2,277;0,0986328
2,28;0,102311
2,283;0,105158
2,286;0,107142
2,289;0,10824
2,292;0,108434
2,295;0,107718
2,298;0,106091
2,301;0,103561
2,304;0,100145
2,307;0,0958677
2,31;0,0907611
2,313;0,0848656
2,316;0,0782287
2,319;0,0709049
2,322;0,0629553
2,325;0,0544471
2,328;0,045453
2,331;0,0360505
2,334;0,0263213
2,337;0,0163508
2,34;0,00622696
2,343;0,00396013
2,346;0,0141193
2,349;0,0241588
2,352;0,0339875
2,355;0,0435155
2,358;0,0526549
2,361;0,0613208
2,364;0,0694318
2,367;0,0769111
2,37;0,0836868
2,373;0,0896932
2,376;0,0948707
2,379;0,0991671
2,382;0,102537
2,385;0,104945
2,388;0,106361
2,391;0,106766
2,394;0,106149
2,397;0,104509
2,4;0,101854
2,403;0,0981992
2,406;0,0935716
2,409;0,0880059
2,412;0,0815456
2,415;0,0742424
2,418;0,0661564
2,421;0,0573546
2,424;0,0479115
2,427;0,0379074
2,43;0,0274284
2,433;0,0165656
2,436;0,00541404
2,439;0,00592796
2,442;0,0173596
2,445;0,0287787
2,448;0,0400824
2,451;0,0511681
2,454;0,0619345
2,457;0,0722825
2,46;0,0821161
2,463;0,091343
2,466;0,0998761
2,469;0,107634
2,472;0,114541
2,475;0,120529
2,478;0,125537
2,481;0,129515
2,484;0,132418
2,487;0,134214
2,49;0,134878
2,493;0,134396
2,496;0,132765
2,499;0,129992
2,502;0,126092
2,505;0,121095
2,508;0,115036
2,511;0,107963
2,514;0,0999319
2,517;0,0910093
2,52;0,0812688
2,523;0,0707923
2,526;0,059669
2,529;0,0479945
2,532;0,0358699
2,535;0,0234013
2,538;0,0106984
2,541;0,00212607
2,544;0,0149575
2,547;0,0276805
2,55;0,0401798
2,553;0,0523414
2,556;0,0640533
2,559;0,0752072
2,562;0,0856986
2,565;0,0954285
2,568;0,104304
2,571;0,112239
2,574;0,119156
2,577;0,124986
2,58;0,129667
2,583;0,133151
2,586;0,135397
2,589;0,136377
2,592;0,136073
2,595;0,134478
2,598;0,131598
2,601;0,12745
2,604;0,122062
2,607;0,115474
2,61;0,107737
2,613;0,0989129
2,616;0,089073
2,619;0,078299
2,622;0,0666812
2,625;0,0543183
2,628;0,0413163
2,631;0,0277879
2,634;0,013851
2,637;0,000371717
2,64;0,0147543
2,643;0,0291684
2,646;0,0434846
2,649;0,0575732
2,652;0,0713059
2,655;0,0845567
2,658;0,0972028
2,661;0,109126
2,664;0,120215
2,667;0,130362
2,67;0,139472
2,673;0,147453
2,676;0,154227
2,679;0,159724
2,682;0,163885
2,685;0,166664
2,688;0,168026
2,691;0,16795
2,694;0,166424
2,697;0,163454
2,7;0,159056
2,703;0,153259
2,706;0,146106
2,709;0,137651
2,712;0,127962
2,715;0,117117
2,718;0,105206
2,721;0,0923285
2,724;0,0785932
2,727;0,0641182
2,73;0,0490283
2,733;0,0334552
2,736;0,0175357
2,739;0,00141052
2,742;0,0147766
2,745;0,0308804
2,748;0,0467553
2,751;0,0622569
2,754;0,0772431
2,757;0,0915754
2,76;0,10512
2,763;0,11775
2,766;0,129345
2,769;0,139793
2,772;0,148993
2,775;0,156852
2,778;0,163292
2,781;0,168243
2,784;0,17165
2,787;0,173474
2,79;0,173685
2,793;0,17227
2,796;0,169232
2,799;0,164586
2,802;0,158362
2,805;0,150606
2,808;0,141377
2,811;0,130746
2,814;0,118802
2,817;0,10564
2,82;0,0913722
2,823;0,0761184
2,826;0,0600091
2,829;0,0431834
2,832;0,0257875
2,835;0,0079742
2,838;0,0100992
2,841;0,0282719
2,844;0,046381
2,847;0,0642631
2,85;0,0817556
2,853;0,0986984
2,856;0,114935
2,859;0,130315
2,862;0,144693
2,865;0,157933
2,868;0,169908
2,871;0,180501
2,874;0,189608
2,877;0,197136
2,88;0,203005
2,883;0,207153
2,886;0,209528
2,889;0,210098
2,892;0,208845
2,895;0,205768
2,898;0,20088
2,901;0,194214
2,904;0,185817
2,907;0,175752
2,91;0,164099
2,913;0,150951
2,916;0,136416
2,919;0,120615
2,922;0,103682
2,925;0,0857606
2,928;0,0670056
2,931;0,04758
2,934;0,0276537
2,937;0,00740276
2,94;0,0129929
2,943;0,0333508
2,946;0,0534874
2,949;0,07322
2,952;0,092368
2,955;0,110755
2,958;0,128211
2,961;0,144571
2,964;0,15968
2,967;0,173395
2,97;0,185582
2,973;0,19612
2,976;0,204903
2,979;0,21184
2,982;0,216855
2,985;0,21989
2,988;0,220903
2,991;0,219872
2,994;0,216791
2,997;0,211674
3;0,204553
3,003;0,195476
3,006;0,184514
3,009;0,17175
3,012;0,157288
3,015;0,141245
3,018;0,123755
3,021;0,104965
3,024;0,0850354
3,027;0,0641372
3,03;0,0424519
3,033;0,0201691
3,036;0,00251489
3,039;0,0253986
3,042;0,0482776
3,045;0,0709459
3,048;0,093198
3,051;0,114831
3,054;0,135645
3,057;0,155448
3,06;0,174054
3,063;0,191287
3,066;0,206984
3,069;0,22099
3,072;0,23317
3,075;0,2434
3,078;0,251575
3,081;0,257606
3,084;0,261425
3,087;0,262981
3,09;0,262245
3,093;0,259207
3,096;0,253879
3,099;0,246292
3,102;0,236499
3,105;0,224573
3,108;0,210605
3,111;0,194709
3,114;0,177012
3,117;0,157661
3,12;0,13682
3,123;0,114666
3,126;0,0913876
3,129;0,0671878
3,132;0,0422774
3,135;0,0168759
3,138;0,00879171
3,141;0,0344962
3,144;0,0600066
3,147;0,0850918
3,15;0,109523
3,153;0,133076
3,156;0,155533
3,159;0,176683
3,162;0,196328
3,165;0,214279
3,168;0,230364
3,171;0,244425
3,174;0,256321
3,177;0,265929
3,18;0,273148
3,183;0,277895
3,186;0,280111
3,189;0,279757
3,192;0,27682
3,195;0,271307
3,198;0,26325
3,201;0,252704
3,204;0,239746
3,207;0,224476
3,21;0,207015
3,213;0,187505
3,216;0,166108
3,219;0,143002
3,222;0,118384
3,225;0,0924637
3,228;0,0654667
3,231;0,0376278
3,234;0,00919179
3,237;0,0195897
3,24;0,0484599
3,243;0,0771598
3,246;0,10543
3,249;0,133012
3,252;0,159655
3,255;0,18511
3,258;0,209141
3,261;0,231522
3,264;0,25204
3,267;0,270496
3,27;0,286711
3,273;0,300522
3,276;0,311789
3,279;0,320393
3,282;0,326237
3,285;0,329249
3,288;0,329383
3,291;0,326617
3,294;0,320955
3,297;0,312429
3,3;0,301096
3,303;0,287036
3,306;0,270359
3,309;0,251195
3,312;0,2297
3,315;0,20605
3,318;0,180445
3,321;0,153099
3,324;0,124249
3,327;0,0941412
3,33;0,0630394
3,333;0,0312161
3,336;0,0010472
3,339;0,0334633
3,342;0,0657415
3,345;0,0975903
3,348;0,12872
3,351;0,158846
3,354;0,187689
3,357;0,214981
3,36;0,240466
3,363;0,263902
3,366;0,285062
3,369;0,303742
3,372;0,319755
3,375;0,332939
3,378;0,343155
3,381;0,35029
3,384;0,354259
3,387;0,355004
3,39;0,352496
3,393;0,346734
3,396;0,337747
3,399;0,325594
3,402;0,310362
3,405;0,292166
3,408;0,27115
3,411;0,247483
3,414;0,221359
3,417;0,192996
3,42;0,162634
3,423;0,130533
3,426;0,096968
3,429;0,062232
3,432;0,026629
3,435;0,00952647
3,438;0,0459129
3,441;0,0822045
3,444;0,118074
3,447;0,153195
3,45;0,187248
3,453;0,219917
3,456;0,250899
3,459;0,279903
3,462;0,306655
3,465;0,330898
3,468;0,352397
3,471;0,370938
3,474;0,386333
3,477;0,398424
3,48;0,407076
3,483;0,41219
3,486;0,413693
3,489;0,411546
3,492;0,405745
3,495;0,396315
3,498;0,383316
3,501;0,366839
3,504;0,347009
3,507;0,323981
3,51;0,29794
3,513;0,269099
3,516;0,237697
3,519;0,204
3,522;0,168295
3,525;0,130888
3,528;0,0921059
3,531;0,0522866
3,534;0,0117817
3,537;0,0290492
3,54;0,0698408
3,543;0,110226
3,546;0,149838
3,549;0,188315
3,552;0,225303
3,555;0,260458
3,558;0,293452
3,561;0,323972
3,564;0,351726
3,567;0,376446
3,57;0,397886
3,573;0,415833
3,576;0,430098
3,579;0,44053
3,582;0,447005
3,585;0,44944
3,588;0,447782
3,591;0,44202
3,594;0,432175
3,597;0,418308
3,6;0,400516
3,603;0,378931
3,606;0,353721
3,609;0,325087
3,612;0,293263
3,615;0,258514
3,618;0,221131
3,621;0,181433
3,624;0,13976
3,627;0,0964736
3,63;0,0519526
3,633;0,00658882
3,636;0,0392155
3,639;0,0850511
3,642;0,130506
3,645;0,175168
3,648;0,218629
3,651;0,260491
3,654;0,300366
3,657;0,337879
3,66;0,372678
3,663;0,40443
3,666;0,432828
3,669;0,457593
3,672;0,478477
3,675;0,495264
3,678;0,507775
3,681;0,515868
3,684;0,519438
3,687;0,518421
3,69;0,512795
3,693;0,502578
3,696;0,487831
3,699;0,468653
3,702;0,445186
3,705;0,417613
3,708;0,386151
3,711;0,351058
3,714;0,312623
3,717;0,271169
3,72;0,227048
3,723;0,180638
3,726;0,132341
3,729;0,0825789
3,732;0,0317888
3,735;0,0195793
3,738;0,0710671
3,741;0,122212
3,744;0,172552
3,747;0,221627
3,75;0,268987
3,753;0,314195
3,756;0,356827
3,759;0,396483
3,762;0,432785
3,765;0,465382
3,768;0,493955
3,771;0,518218
3,774;0,537924
3,777;0,552863
3,78;0,562868
3,783;0,567812
3,786;0,567618
3,789;0,56225
3,792;0,55172
3,795;0,536088
3,798;0,515457
3,801;0,48998
3,804;0,459851
3,807;0,425308
3,81;0,386632
3,813;0,344143
3,816;0,298195
3,819;0,249177
3,822;0,197511
3,825;0,143642
3,828;0,0880388
3,831;0,0311907
3,834;0,0263997
3,837;0,0842192
3,84;0,141749
3,843;0,19847
3,846;0,253865
3,849;0,307426
3,852;0,35866
3,855;0,407087
3,858;0,452254
3,861;0,49373
3,864;0,531117
3,867;0,564048
3,87;0,592198
3,873;0,615278
3,876;0,633046
3,879;0,645305
3,882;0,651905
3,885;0,652748
3,888;0,647786
3,891;0,637023
3,894;0,620515
3,897;0,59837
3,9;0,570749
3,903;0,537861
3,906;0,499966
3,909;0,457369
3,912;0,410422
3,915;0,359516
3,918;0,305081
3,921;0,247583
3,924;0,187519
3,927;0,125409
3,93;0,0618004
3,933;0,00274649
3,936;0,0676568
3,939;0,132349
3,942;0,196239
3,945;0,258747
3,948;0,3193
3,951;0,377339
3,954;0,432325
3,957;0,483741
3,96;0,5311
3,963;0,573947
3,966;0,611865
3,969;0,644477
3,972;0,671454
3,975;0,692514
3,978;0,707424
3,981;0,716008
3,984;0,730872
3,987;0,751927
3,99;0,779027
3,993;0,811969
3,996;0,850498
3,999;0,894307
4,002;0,943037
4,005;0,996286
4,008;1,05361
4,011;1,11451
4,014;1,17847
4,017;1,24494
4,02;1,31333
4,023;1,38305
4,026;1,45347
4,029;1,52397
4,032;1,59391
4,035;1,66265
4,038;1,72958
4,041;1,79408
4,044;1,85555
4,047;1,91341
4,05;1,96711
4,053;2,01616
4,056;2,06007
4,059;2,0984
4,062;2,13079
4,065;2,15689
4,068;2,17642
4,071;2,18917
4,074;2,19497
4,077;2,19371
4,08;2,18537
4,083;2,16997
4,086;2,1476
4,089;2,1184
4,092;2,0826
4,095;2,04047
4,098;1,99234
4,101;1,93861
4,104;1,87972
4,107;1,81617
4,11;1,74849
4,113;1,67726
4,116;1,6031
4,119;1,52666
4,122;1,44861
4,125;1,36964
4,128;1,29046
4,131;1,21177
4,134;1,13429
4,137;1,05872
4,14;0,985759
4,143;0,916079
4,146;0,850332
4,149;0,789135
4,152;0,733072
4,155;0,682683
4,158;0,638462
4,161;0,588121
4,164;0,532071
4,167;0,470777
4,17;0,404752
4,173;0,33456
4,176;0,260801
4,179;0,184115
4,182;0,105171
4,185;0,0246652
4,188;0,0566902
4,191;0,138168
4,194;0,219037
4,197;0,298564
4,2;0,376025
4,203;0,450707
4,206;0,521919
4,209;0,588996
4,212;0,651305
4,215;0,708252
4,218;0,759288
4,221;0,80391
4,224;0,841673
4,227;0,87219
4,23;0,895133
4,233;0,910245
4,236;0,917334
4,239;0,916281
4,242;0,907037
4,245;0,889628
4,248;0,864155
4,251;0,83079
4,254;0,789778
4,257;0,741434
4,26;0,686142
4,263;0,624352
4,266;0,556574
4,269;0,483376
4,272;0,405379
4,275;0,323251
4,278;0,237702
4,281;0,149479
4,284;0,0593567
4,287;0,031867
4,29;0,123379
4,293;0,214357
4,296;0,30398
4,299;0,39143
4,302;0,475906
4,305;0,556626
4,308;0,632838
4,311;0,703825
4,314;0,76891
4,317;0,827467
4,32;0,891652
4,323;0,960924
4,326;1,0347
4,329;1,11234
4,332;1,19318
4,335;1,27651
4,338;1,3616
4,341;1,44769
4,344;1,53403
4,347;1,61982
4,35;1,7043
4,353;1,7867
4,356;1,86626
4,359;1,94224
4,362;2,01394
4,365;2,08068
4,368;2,14183
4,371;2,19679
4,374;2,24503
4,377;2,28607
4,38;2,31948
4,383;2,34492
4,386;2,36209
4,389;2,37079
4,392;2,37088
4,395;2,36229
4,398;2,34505
4,401;2,31925
4,404;2,28506
4,407;2,24272
4,41;2,19257
4,413;2,135
4,416;2,07048
4,419;1,99953
4,422;1,92276
4,425;1,84081
4,428;1,75438
4,431;1,66422
4,434;1,57112
4,437;1,47589
4,44;1,37937
4,443;1,28243
4,446;1,18593
4,449;1,09075
4,452;0,997748
4,455;0,90778
4,458;0,821677
4,461;0,74024
4,464;0,664236
4,467;0,594385
4,47;0,518633
4,473;0,437618
4,476;0,352035
4,479;0,26262
4,482;0,170153
4,485;0,0754428
4,488;0,0206727
4,491;0,117339
4,494;0,213689
4,497;0,308854
4,5;0,401969
4,503;0,492182
4,506;0,57866
4,509;0,6606
4,512;0,737231
4,515;0,807827
4,518;0,871711
4,521;0,92826
4,524;0,976914
4,527;1,01718
4,53;1,04864
4,533;1,07094
4,536;1,08382
4,539;1,08711
4,542;1,0807
4,545;1,06457
4,548;1,03882
4,551;1,00361
4,554;0,959173
4,557;0,90586
4,56;0,844085
4,563;0,774344
4,566;0,69721
4,569;0,613325
4,572;0,523396
4,575;0,428191
4,578;0,328529
4,581;0,225276
4,584;0,119337
4,587;0,0116462
4,59;0,0968399
4,593;0,20515
4,596;0,312309
4,599;0,417343
4,602;0,519293
4,605;0,617219
4,608;0,710212
4,611;0,7974
4,614;0,890687
4,617;0,989274
4,62;1,09231
4,623;1,19891
4,626;1,30812
4,629;1,41899
4,632;1,53053
4,635;1,64174
4,638;1,75161
4,641;1,85916
4,644;1,96339
4,647;2,06334
4,65;2,15809
4,653;2,24674
4,656;2,32845
4,659;2,40245
4,662;2,46801
4,665;2,52447
4,668;2,57128
4,671;2,60794
4,674;2,63404
4,677;2,64929
4,68;2,65347
4,683;2,64645
4,686;2,62824
4,689;2,5989
4,692;2,55864
4,695;2,50773
4,698;2,44656
4,701;2,3756
4,704;2,29544
4,707;2,20671
4,71;2,11017
4,713;2,00663
4,716;1,89697
4,719;1,78213
4,722;1,66311
4,725;1,54095
4,728;1,41674
4,731;1,29157
4,734;1,16656
4,737;1,04285
4,74;0,921542
4,743;0,80376
4,746;0,690583
4,749;0,583064
4,752;0,46948
4,755;0,350813
4,758;0,228094
4,761;0,1024
4,764;0,0251601
4,767;0,15345
4,77;0,28132
4,773;0,407617
4,776;0,531194
4,779;0,650918
4,782;0,765686
4,785;0,874429
4,788;0,976128
4,791;1,06982
4,794;1,1546
4,797;1,22964
4,8;1,29421
4,803;1,34765
4,806;1,38939
4,809;1,41899
4,812;1,43608
4,815;1,44044
4,818;1,43192
4,821;1,41052
4,824;1,37634
4,827;1,3296
4,83;1,27063
4,833;1,19987
4,836;1,11788
4,839;1,02533
4,842;0,922954
4,845;0,811624
4,848;0,692273
4,851;0,56592
4,854;0,433653
4,857;0,29662
4,86;0,156023
4,863;0,0131008
4,866;0,130876
4,869;0,274619
4,872;0,416834
4,875;0,556228
4,878;0,691529
4,881;0,821489
4,884;0,944903
4,887;1,07334
4,89;1,20568
4,893;1,34076
4,896;1,47738
4,899;1,61433
4,902;1,75037
4,905;1,88428
4,908;2,01482
4,911;2,14082
4,914;2,26109
4,917;2,37451
4,92;2,48003
4,923;2,57663
4,926;2,66338
4,929;2,73942
4,932;2,80402
4,935;2,85649
4,938;2,89628
4,941;2,92295
4,944;2,93617
4,947;2,93572
4,95;2,9215
4,953;2,89356
4,956;2,85205
4,959;2,79724
4,962;2,72953
4,965;2,64945
4,968;2,55763
4,971;2,45481
4,974;2,34184
4,977;2,21967
4,98;2,08933
4,983;1,95194
4,986;1,80869
4,989;1,66082
4,992;1,50963
4,995;1,35645
4,998;1,20267
5,001;1,04964
5,004;0,898767
5,007;0,75141
5,01;0,608922
5,013;0,472621
5,016;0,331049
5,019;0,185442
5,022;0,0370838
5,025;0,11271
5,028;0,262602
5,031;0,411244
5,034;0,557288
5,037;0,699403
5,04;0,836282
5,043;0,966656
5,046;1,08931
5,049;1,20307
5,052;1,30688
5,055;1,3997
5,058;1,48065
5,061;1,5489
5,064;1,60375
5,067;1,64462
5,07;1,67103
5,073;1,68265
5,076;1,67928
5,079;1,66083
5,082;1,62736
5,085;1,57908
5,088;1,51632
5,091;1,43953
5,094;1,34931
5,097;1,24638
5,1;1,13158
5,103;1,00585
5,106;0,870252
5,109;0,725937
5,112;0,574141
5,115;0,41618
5,118;0,253431
5,121;0,0873257
5,124;0,0806648
5,127;0,249042
5,13;0,416292
5,133;0,580903
5,136;0,741374
5,139;0,896233
5,142;1,05677
5,145;1,22159
5,148;1,38923
5,151;1,55821
5,154;1,72701
5,157;1,89411
5,16;2,058
5,163;2,21718
5,166;2,37018
5,169;2,51559
5,172;2,65204
5,175;2,77824
5,178;2,89298
5,181;2,99515
5,184;3,08375
5,187;3,15788
5,19;3,21677
5,193;3,25978
5,196;3,28643
5,199;3,29634
5,202;3,28932
5,205;3,26532
5,208;3,22442
5,211;3,16688
5,214;3,0931
5,217;3,00363
5,22;2,89916
5,223;2,78054
5,226;2,64872
5,229;2,50481
5,232;2,35001
5,235;2,18564
5,238;2,01312
5,241;1,83393
5,244;1,64965
5,247;1,46189
5,25;1,27233
5,253;1,08266
5,256;0,894575
5,259;0,709788
5,262;0,529985
5,265;0,356817
5,268;0,179162
5,271;0,00141216
5,274;0,183302
5,277;0,364878
5,28;0,544506
5,283;0,720554
5,286;0,891412
5,289;1,05551
5,292;1,21132
5,295;1,35738
5,298;1,49231
5,301;1,61482
5,304;1,72371
5,307;1,81792
5,31;1,89649
5,313;1,95861
5,316;2,00359
5,319;2,03093
5,322;2,04023
5,325;2,03131
5,328;2,00411
5,331;1,95874
5,334;1,89549
5,337;1,8148
5,34;1,71727
5,343;1,60367
5,346;1,47491
5,349;1,33204
5,352;1,17624
5,355;1,00882
5,358;0,831224
5,361;0,644963
5,364;0,451657
5,367;0,252997
5,37;0,0507325
5,373;0,153341
5,376;0,357398
5,379;0,559604
5,382;0,758126
5,385;0,95115
5,388;1,14963
5,391;1,35182
5,394;1,55592
5,397;1,7601
5,4;1,96255
5,403;2,16141
5,406;2,35487
5,409;2,54116
5,412;2,71855
5,415;2,88537
5,418;3,04006
5,421;3,18114
5,424;3,30724
5,427;3,41712
5,43;3,50967
5,433;3,58396
5,436;3,63917
5,439;3,67468
5,442;3,69003
5,445;3,68495
5,448;3,65932
5,451;3,61325
5,454;3,547
5,457;3,46103
5,46;3,35597
5,463;3,23264
5,466;3,09201
5,469;2,93524
5,472;2,76361
5,475;2,57858
5,478;2,38171
5,481;2,17468
5,484;1,95931
5,487;1,73745
5,49;1,51107
5,493;1,28217
5,496;1,05279
5,499;0,824992
5,502;0,600841
5,505;0,382378
5,508;0,158881
5,511;0,0676749
5,514;0,295271
5,517;0,521866
5,52;0,745414
5,523;0,963882
5,526;1,17527
5,529;1,37762
5,532;1,56905
5,535;1,74777
5,538;1,91207
5,541;2,06038
5,544;2,19124
5,547;2,30336
5,55;2,3956
5,553;2,46699
5,556;2,51674
5,559;2,54425
5,562;2,54912
5,565;2,53115
5,568;2,49033
5,571;2,42688
5,574;2,3412
5,577;2,23392
5,58;2,10584
5,583;1,95798
5,586;1,79153
5,589;1,60785
5,592;1,40848
5,595;1,1951
5,598;0,969535
5,601;0,733728
5,604;0,489731
5,607;0,239681
5,61;0,0142117
5,613;0,269691
5,616;0,524467
5,619;0,776243
5,622;1,02273
5,625;1,27441
5,628;1,52904
5,631;1,78435
5,634;2,03806
5,637;2,28786
5,64;2,53149
5,643;2,76671
5,646;2,99133
5,649;3,20327
5,652;3,40053
5,655;3,58122
5,658;3,74362
5,661;3,88612
5,664;4,00732
5,667;4,10595
5,67;4,18099
5,673;4,23159
5,676;4,25713
5,679;4,25719
5,682;4,2316
5,685;4,18041
5,688;4,10391
5,691;4,0026
5,694;3,87722
5,697;3,72873
5,7;3,55831
5,703;3,36734
5,706;3,15738
5,709;2,93021
5,712;2,68774
5,715;2,43204
5,718;2,16533
5,721;1,88993
5,724;1,60826
5,727;1,3228
5,73;1,03611
5,733;0,750749
5,736;0,469297
5,739;0,194316
5,742;0,084402
5,745;0,364375
5,748;0,643093
5,751;0,918037
5,754;1,18671
5,757;1,44664
5,76;1,69544
5,763;1,93078
5,766;2,15046
5,769;2,35239
5,772;2,53462
5,775;2,69538
5,778;2,83306
5,781;2,94628
5,784;3,03384
5,787;3,09477
5,79;3,12834
5,793;3,13405
5,796;3,11166
5,799;3,06117
5,802;2,98284
5,805;2,87718
5,808;2,74495
5,811;2,58715
5,814;2,40503
5,817;2,20005
5,82;1,9739
5,823;1,72846
5,826;1,46582
5,829;1,18821
5,832;0,898019
5,835;0,597782
5,838;0,290128
5,841;0,0222278
5,844;0,336506
5,847;0,649892
5,85;0,959559
5,853;1,26269
5,856;1,56925
5,859;1,8765
5,862;2,18167
5,865;2,482
5,868;2,77477
5,871;3,05727
5,874;3,3269
5,877;3,58115
5,88;3,8176
5,883;4,03402
5,886;4,22831
5,889;4,39856
5,892;4,54309
5,895;4,66041
5,898;4,74927
5,901;4,80867
5,904;4,83787
5,907;4,8364
5,91;4,80406
5,913;4,74091
5,916;4,64733
5,919;4,52392
5,922;4,3716
5,925;4,19154
5,928;3,98515
5,931;3,75412
5,934;3,50035
5,937;3,22596
5,94;2,93328
5,943;2,62482
5,946;2,30324
5,949;1,97134
5,952;1,63205
5,955;1,28835
5,958;0,943317
5,961;0,600043
5,964;0,26163
5,967;0,0815697
5,97;0,426502
5,973;0,770073
5,976;1,10918
5,979;1,44075
5,982;1,76173
5,985;2,06917
5,988;2,3602
5,991;2,63209
5,994;2,88225
5,997;3,1083
6;3,30801
6,003;3,47941
6,006;3,62076
6,009;3,73058
6,012;3,80766
6,015;3,85107
6,018;3,86018
6,021;3,83469
6,024;3,77456
6,027;3,68011
6,03;3,55194
6,033;3,39097
6,036;3,19841
6,039;2,97579
6,042;2,72489
6,045;2,44777
6,048;2,14675
6,051;1,82436
6,054;1,48336
6,057;1,12669
6,06;0,757441
6,063;0,378856
6,066;0,00572488
6,069;0,392883
6,072;0,779151
6,075;1,16105
6,078;1,54783
6,081;1,93606
6,084;2,32224
6,087;2,70289
6,09;3,07454
6,093;3,43379
6,096;3,77732
6,099;4,10191
6,102;4,40453
6,105;4,68228
6,108;4,93251
6,111;5,15276
6,114;5,34084
6,117;5,49483
6,12;5,61311
6,123;5,69437
6,126;5,73761
6,129;5,74218
6,132;5,70776
6,135;5,6344
6,138;5,52248
6,141;5,37274
6,144;5,18626
6,147;4,96446
6,15;4,70909
6,153;4,42222
6,156;4,10621
6,159;3,76369
6,162;3,39756
6,165;3,01096
6,168;2,60722
6,171;2,18985
6,174;1,76251
6,177;1,32899
6,18;0,893131
6,183;0,45885
6,186;0,0300633
6,189;0,402059
6,192;0,833652
6,195;1,26083
6,198;1,67971
6,201;2,08647
6,204;2,47736
6,207;2,84875
6,21;3,19717
6,213;3,51932
6,216;3,81212
6,219;4,07271
6,222;4,29854
6,225;4,48733
6,228;4,63712
6,231;4,74628
6,234;4,81356
6,237;4,83805
6,24;4,81923
6,243;4,75697
6,246;4,65153
6,249;4,50355
6,252;4,31406
6,255;4,08448
6,258;3,8166
6,261;3,51256
6,264;3,17484
6,267;2,80625
6,27;2,40989
6,273;1,98912
6,276;1,54757
6,279;1,08907
6,282;0,617617
6,285;0,137371
6,288;0,34741
6,291;0,832395
6,294;1,31322
6,297;1,79825
6,3;2,28316
6,303;2,76358
6,306;3,23516
6,309;3,69358
6,312;4,13464
6,315;4,55424
6,318;4,94844
6,321;5,31354
6,324;5,64603
6,327;5,94271
6,33;6,20063
6,333;6,41723
6,336;6,59025
6,339;6,71783
6,342;6,7985
6,345;6,83123
6,348;6,81536
6,351;6,75071
6,354;6,63751
6,357;6,47645
6,36;6,26863
6,363;6,01561
6,366;5,71934
6,369;5,38219
6,372;5,0069
6,375;4,59659
6,378;4,1547
6,381;3,68499
6,384;3,19149
6,387;2,67847
6,39;2,15043
6,393;1,61199
6,396;1,06795
6,399;0,523146
6,402;0,0175124
6,405;0,561862
6,408;1,10503
6,411;1,64212
6,414;2,16825
6,417;2,67861
6,42;3,1685
6,423;3,63337
6,426;4,06886
6,429;4,47084
6,432;4,83545
6,435;5,15917
6,438;5,43878
6,441;5,67147
6,444;5,8548
6,447;5,98679
6,45;6,06588
6,453;6,091
6,456;6,06154
6,459;5,97738
6,462;5,8389
6,465;5,64696
6,468;5,40293
6,471;5,10862
6,474;4,76633
6,477;4,37882
6,48;3,94925
6,483;3,48119
6,486;2,97859
6,489;2,44573
6,492;1,88719
6,495;1,30782
6,498;0,712683
6,501;0,107033
6,504;0,503757
6,507;1,11422
6,51;1,71887
6,513;2,32495
6,516;2,92701
6,519;3,5196
6,522;4,09733
6,525;4,6549
6,528;5,18713
6,531;5,68907
6,534;6,15599
6,537;6,58344
6,54;6,96729
6,543;7,30379
6,546;7,58957
6,549;7,82171
6,552;7,99775
6,555;8,1157
6,558;8,1741
6,561;8,17201
6,564;8,10902
6,567;7,98527
6,57;7,80145
6,573;7,5588
6,576;7,25908
6,579;6,9046
6,582;6,49816
6,585;6,04305
6,588;5,54304
6,591;5,0023
6,594;4,42542
6,597;3,81734
6,6;3,18331
6,603;2,52885
6,606;1,85972
6,609;1,18184
6,612;0,501233
6,615;0,175983
6,618;0,856419
6,621;1,53397
6,624;2,20253
6,627;2,85601
6,63;3,48842
6,633;4,09392
6,636;4,66688
6,639;5,20192
6,642;5,69395
6,645;6,13823
6,648;6,53045
6,651;6,8667
6,654;7,14358
6,657;7,35815
6,66;7,50808
6,663;7,59154
6,666;7,60733
6,669;7,55482
6,672;7,43402
6,675;7,24553
6,678;6,99057
6,681;6,67098
6,684;6,28917
6,687;5,84816
6,69;5,35148
6,693;4,80323
6,696;4,20798
6,699;3,57075
6,702;2,89699
6,705;2,1925
6,708;1,46342
6,711;0,716119
6,714;0,0427917
6,717;0,806566
6,72;1,56836
6,723;2,33404
6,726;3,09674
6,729;3,84957
6,732;4,58569
6,735;5,29835
6,738;5,98098
6,741;6,62723
6,744;7,23102
6,747;7,78662
6,75;8,28869
6,753;8,73235
6,756;9,11318
6,759;9,42732
6,762;9,67148
6,765;9,84298
6,768;9,93975
6,771;9,9604
6,774;9,90422
6,777;9,77117
6,78;9,56192
6,783;9,2778
6,786;8,92087
6,789;8,49381
6,792;7,99998
6,795;7,44336
6,798;6,82851
6,801;6,16057
6,804;5,44517
6,807;4,68843
6,81;3,89685
6,813;3,07733
6,816;2,23704
6,819;1,38339
6,822;0,523988
6,825;0,333485
6,828;1,19402
6,831;2,0499
6,834;2,89338
6,837;3,7168
6,84;4,51258
6,843;5,27339
6,846;5,99213
6,849;6,66203
6,852;7,27673
6,855;7,8303
6,858;8,31734
6,861;8,733
6,864;9,07303
6,867;9,33385
6,87;9,51256
6,873;9,60696
6,876;9,61563
6,879;9,53788
6,882;9,37381
6,885;9,12429
6,888;8,79097
6,891;8,37626
6,894;7,88332
6,897;7,31605
6,9;6,67903
6,903;5,9775
6,906;5,21732
6,909;4,40493
6,912;3,54728
6,915;2,65176
6,918;1,72616
6,921;0,778621
6,924;0,182499
6,927;1,14864
6,93;2,11114
6,933;3,07405
6,936;4,02869
6,939;4,96642
6,942;5,87869
6,945;6,75709
6,948;7,59349
6,951;8,38008
6,954;9,10941
6,957;9,77452
6,96;10,369
6,963;10,887
6,966;11,3232
6,969;11,6733
6,972;11,9335
6,975;12,1007
6,978;12,1728
6,981;12,1486
6,984;12,0275
6,987;11,81
6,99;11,4974
6,993;11,0917
6,996;10,5961
6,999;10,0142
7,002;9,35088
7,005;8,61138
7,008;7,80186
7,011;6,92913
7,014;6,00059
7,017;5,02421
7,02;4,00844
7,023;2,96215
7,026;1,89454
7,029;0,815066
7,032;0,266632
7,035;1,34084
7,038;2,41056
7,041;3,46614
7,044;4,49797
7,047;5,49661
7,05;6,45284
7,053;7,35774
7,056;8,20283
7,059;8,98007
7,062;9,68199
7,065;10,3018
7,068;10,8332
7,071;11,2709
7,074;11,6104
7,077;11,8477
7,08;11,9802
7,083;12,0058
7,086;11,9236
7,089;11,7336
7,092;11,4368
7,095;11,035
7,098;10,5311
7,101;9,92896
7,104;9,23332
7,107;8,44978
7,11;7,58478
7,113;6,64551
7,116;5,63993
7,119;4,57661
7,122;3,46472
7,125;2,31393
7,128;1,13433
7,131;0,0636825
7,134;1,26944
7,137;2,47215
7,14;3,6737
7,143;4,86325
7,146;6,03003
7,149;7,16337
7,152;8,25284
7,155;9,28832
7,158;10,2601
7,161;11,159
7,164;11,9765
7,167;12,7045
7,17;13,336
7,173;13,8645
7,176;14,2847
7,179;14,5918
7,182;14,7825
7,185;14,8541
7,188;14,8051
7,191;14,6353
7,194;14,3452
7,197;13,9366
7,2;13,4125
7,203;12,7766
7,206;12,0339
7,209;11,1904
7,212;10,2529
7,215;9,22923
7,218;8,12802
7,221;6,95862
7,224;5,73106
7,227;4,456
7,23;3,14457
7,233;1,80832
7,236;0,459114
7,239;0,891009
7,242;2,24263
7,245;3,58359
7,248;4,90174
7,251;6,18508
7,254;7,42179
7,257;8,60043
7,26;9,70998
7,263;10,74
7,266;11,6806
7,269;12,5227
7,272;13,2581
7,275;13,8793
7,278;14,3801
7,281;14,755
7,284;14,9998
7,287;15,1114
7,29;15,0878
7,293;14,9284
7,296;14,6335
7,299;14,2049
7,302;13,6456
7,305;12,9596
7,308;12,1522
7,311;11,2298
7,314;10,2
7,317;9,07126
7,32;7,85303
7,323;6,55565
7,326;5,19026
7,329;3,76866
7,332;2,30325
7,335;0,806924
7,338;0,707079
7,341;2,22525
7,344;3,73396
7,347;5,23229
7,35;6,70668
7,353;8,1437
7,356;9,53014
7,359;10,8532
7,362;12,1005
7,365;13,2603
7,368;14,3215
7,371;15,2739
7,374;16,1082
7,377;16,816
7,38;17,3901
7,383;17,8244
7,386;18,1139
7,389;18,2551
7,392;18,2457
7,395;18,0847
7,398;17,7724
7,401;17,3107
7,404;16,7026
7,407;15,9525
7,41;15,0664
7,413;14,0511
7,416;12,9148
7,419;11,6671
7,422;10,3183
7,425;8,87984
7,428;7,36406
7,431;5,78406
7,434;4,15361
7,437;2,48702
7,44;0,799053
7,443;0,895259
7,446;2,58071
7,449;4,2548
7,452;5,90237
7,455;7,50842
7,458;9,0582
7,461;10,5374
7,464;11,9321
7,467;13,2293
7,47;14,4166
7,473;15,4825
7,476;16,4165
7,479;17,2095
7,482;17,8531
7,485;18,3407
7,488;18,6666
7,491;18,8269
7,494;18,819
7,497;18,6417
7,5;18,2954
7,503;17,7821
7,506;17,1053
7,509;16,2698
7,512;15,2821
7,515;14,15
7,518;12,8827
7,521;11,4907
7,524;9,98556
7,527;8,38008
7,53;6,688
7,533;4,92395
7,536;3,1033
7,539;1,24204
7,542;0,643361
7,545;2,53611
7,548;4,41922
7,551;6,2884
7,554;8,12673
7,557;9,91746
7,56;11,6441
7,563;13,2908
7,566;14,8419
7,569;16,2831
7,572;17,6004
7,575;18,7813
7,578;19,814
7,581;20,6883
7,584;21,3952
7,587;21,9271
7,59;22,2781
7,593;22,4437
7,596;22,4211
7,599;22,2093
7,602;21,8087
7,605;21,2217
7,608;20,4523
7,611;19,5061
7,614;18,3904
7,617;17,114
7,62;15,6874
7,623;14,1222
7,626;12,4316
7,629;10,63
7,632;8,73272
7,635;6,75627
7,638;4,71783
7,641;2,63533
7,644;0,527201
7,647;1,58777
7,65;3,70331
7,653;5,8004
7,656;7,86003
7,659;9,8634
7,662;11,7921
7,665;13,6282
7,668;15,3546
7,671;16,9549
7,674;18,414
7,677;19,7175
7,68;20,8528
7,683;21,8084
7,686;22,5746
7,689;23,1429
7,692;23,507
7,695;23,6622
7,698;23,6056
7,701;23,3361
7,704;22,8549
7,707;22,1646
7,71;21,2701
7,713;20,1779
7,716;18,8966
7,719;17,4363
7,722;15,8089
7,725;14,0279
7,728;12,1082
7,731;10,0662
7,734;7,91941
7,737;5,68634
7,74;3,38653
7,743;1,0402
7,746;1,33185
7,749;3,70845
7,752;6,08098
7,755;8,42805
7,758;10,7284
7,761;12,9609
7,764;15,1051
7,767;17,141
7,77;19,0495
7,773;20,8126
7,776;22,4134
7,779;23,8364
7,782;25,0675
7,785;26,0942
7,788;26,9059
7,791;27,4939
7,794;27,8511
7,797;27,9729
7,8;27,8564
7,803;27,5011
7,806;26,9084
7,809;26,0821
7,812;25,0279
7,815;23,7538
7,818;22,2696
7,821;20,5873
7,824;18,7205
7,827;16,6849
7,83;14,4976
7,833;12,1771
7,836;9,74339
7,839;7,21766
7,842;4,62196
7,845;1,97915
7,848;0,687308
7,851;3,35358
7,854;6,0084
7,857;8,62778
7,86;11,1879
7,863;13,6654
7,866;16,0372
7,869;18,2814
7,872;20,3768
7,875;22,3036
7,878;24,0431
7,881;25,5786
7,884;26,8946
7,887;27,9779
7,89;28,817
7,893;29,4027
7,896;29,7279
7,899;29,7879
7,902;29,5803
7,905;29,1051
7,908;28,3647
7,911;27,3639
7,914;26,1099
7,917;24,6122
7,92;22,8825
7,923;20,9348
7,926;18,7852
7,929;16,4515
7,932;13,9535
7,935;11,3125
7,938;8,55123
7,941;5,69375
7,944;2,76508
7,947;0,208907
7,95;3,20177
7,953;6,1867
7,956;9,14952
7,959;12,0634
7,962;14,9017
7,965;17,6385
7,968;20,2484
7,971;22,7069
7,974;24,991
7,977;27,0788
7,98;28,9502
7,983;30,5867
7,986;31,9722
7,989;33,0922
7,992;33,9349
7,995;34,4908
7,998;34,7527
8,001;34,7165
8,004;34,3801
8,007;33,7447
8,01;32,8138
8,013;31,5937
8,016;30,0934
8,019;28,3244
8,022;26,3008
8,025;24,0389
8,028;21,5576
8,031;18,8775
8,034;16,0214
8,037;13,0138
8,04;9,88071
8,043;6,64941
8,046;3,34831
8,049;0,00662702
8,052;3,34584
8,055;6,69173
8,058;10,0009
8,061;13,2432
8,064;16,3892
8,067;19,4097
8,07;22,2767
8,073;24,9634
8,076;27,4443
8,079;29,6956
8,082;31,6955
8,085;33,4242
8,088;34,8642
8,091;36,0006
8,094;36,821
8,097;37,3158
8,1;37,4783
8,103;37,3047
8,106;36,7942
8,109;35,9491
8,112;34,7745
8,115;33,2789
8,118;31,4733
8,121;29,3718
8,124;26,9914
8,127;24,3515
8,13;21,474
8,133;18,3831
8,136;15,1052
8,139;11,6685
8,142;8,10281
8,145;4,43927
8,148;0,710189
8,151;3,05132
8,154;6,81163
8,157;10,5496
8,16;14,2315
8,163;17,8237
8,166;21,2934
8,169;24,6083
8,172;27,7376
8,175;30,6519
8,178;33,3234
8,181;35,7263
8,184;37,8371
8,187;39,6349
8,19;41,1012
8,193;42,2205
8,196;42,9804
8,199;43,3714
8,202;43,3874
8,205;43,0258
8,208;42,287
8,211;41,1752
8,214;39,6976
8,217;37,8651
8,22;35,6917
8,223;33,1945
8,226;30,3937
8,229;27,3124
8,232;23,9764
8,235;20,414
8,238;16,6555
8,241;12,7335
8,244;8,68209
8,247;4,53686
8,25;0,334443
8,253;3,88774
8,256;8,10454
8,259;12,278
8,262;16,3702
8,265;20,3438
8,268;24,1622
8,271;27,7899
8,274;31,193
8,277;34,3392
8,28;37,1985
8,283;39,743
8,286;41,9477
8,289;43,7904
8,292;45,252
8,295;46,3165
8,298;46,9718
8,301;47,2089
8,304;47,0229
8,307;46,4125
8,31;45,3801
8,313;43,9321
8,316;42,0787
8,319;39,8337
8,322;37,2145
8,325;34,2421
8,328;30,9407
8,331;27,3379
8,334;23,4639
8,337;19,3516
8,34;15,0365
8,343;10,5559
8,346;5,94894
8,349;1,25629
8,352;3,48044
8,355;8,21895
8,358;12,9293
8,361;17,569
8,364;22,0956
8,367;26,4678
8,37;30,645
8,373;34,5883
8,376;38,2606
8,379;41,6269
8,382;44,6548
8,385;47,3147
8,388;49,58
8,391;51,4276
8,394;52,838
8,397;53,7953
8,4;54,2879
8,403;54,308
8,406;53,8521
8,409;52,921
8,412;51,5198
8,415;49,6578
8,418;47,3484
8,421;44,6095
8,424;41,4625
8,427;37,933
8,43;34,0501
8,433;29,8462
8,436;25,3569
8,439;20,6207
8,442;15,6784
8,445;10,573
8,448;5,34944
8,451;0,0538059
8,454;5,26672
8,457;10,5771
8,46;15,8296
8,463;20,9765
8,466;25,9706
8,469;30,766
8,472;35,3182
8,475;39,5844
8,478;43,5243
8,481;47,1001
8,484;50,2771
8,487;53,024
8,49;55,3129
8,493;57,12
8,496;58,4258
8,499;59,215
8,502;59,4768
8,505;59,2053
8,508;58,399
8,511;57,0616
8,514;55,2013
8,517;52,8313
8,52;49,9692
8,523;46,6375
8,526;42,8627
8,529;38,6758
8,532;34,1117
8,535;29,2086
8,538;24,0083
8,541;18,5557
8,544;12,898
8,547;7,0846
8,55;1,16685
8,553;4,80277
8,556;10,7709
8,559;16,6965
8,562;22,526
8,565;28,2062
8,568;33,685
8,571;38,9117
8,574;43,8374
8,577;48,4157
8,58;52,603
8,583;56,3588
8,586;59,6463
8,589;62,4327
8,592;64,6894
8,595;66,3924
8,598;67,5224
8,601;68,0652
8,604;68,012
8,607;67,3589
8,61;66,1077
8,613;64,2654
8,616;61,8445
8,619;58,8628
8,622;55,343
8,625;51,3132
8,628;46,806
8,631;41,8587
8,634;36,5127
8,637;30,8133
8,64;24,8094
8,643;18,5528
8,646;12,0981
8,649;5,50204
8,652;1,17707
8,655;7,87968
8,658;14,5584
8,661;21,1528
8,664;27,6031
8,667;33,8502
8,67;39,8365
8,673;45,5062
8,676;50,806
8,679;55,6858
8,682;60,0987
8,685;64,0016
8,688;67,3558
8,691;70,1274
8,694;72,2874
8,697;73,8119
8,7;74,6829
8,703;74,8878
8,706;74,4203
8,709;73,2798
8,712;71,4718
8,715;69,0081
8,718;65,906
8,721;62,1892
8,724;57,8866
8,727;53,0331
8,73;47,6684
8,733;41,8371
8,736;35,5886
8,739;28,976
8,742;22,0565
8,745;14,8901
8,748;7,53959
8,751;0,0698214
8,754;7,4528
8,757;14,9609
8,76;22,3996
8,763;29,7015
8,766;36,7998
8,769;43,6293
8,772;50,1266
8,775;56,2308
8,778;61,8844
8,781;67,0333
8,784;71,6276
8,787;75,6221
8,79;78,9765
8,793;81,6564
8,796;83,6327
8,799;84,8829
8,802;85,3905
8,805;85,1459
8,808;84,1458
8,811;82,3942
8,814;79,9014
8,817;76,6846
8,82;72,7679
8,823;68,1815
8,826;62,962
8,829;57,152
8,832;50,7997
8,835;43,9583
8,838;36,6861
8,841;29,0454
8,844;21,1026
8,847;12,9268
8,85;4,5902
8,853;3,83343
8,856;12,2689
8,859;20,653
8,862;28,91
8,865;36,9647
8,868;44,7431
8,871;52,1734
8,874;59,1862
8,877;65,7154
8,88;71,699
8,883;77,0793
8,886;81,8035
8,889;85,8247
8,892;89,1016
8,895;91,5997
8,898;93,2909
8,901;94,1543
8,904;94,1765
8,907;93,3514
8,91;91,6803
8,913;89,1725
8,916;85,8447
8,919;81,721
8,922;76,833
8,925;71,2194
8,928;64,9255
8,931;58,0034
8,934;50,5108
8,937;42,5112
8,94;34,0732
8,943;25,2694
8,946;16,1767
8,949;6,87475
8,952;2,55409
8,955;12,0259
8,958;21,4684
8,961;30,7965
8,964;39,9253
8,967;48,7714
8,97;57,2532
8,973;65,2917
8,976;72,8115
8,979;79,7413
8,982;86,0146
8,985;91,5704
8,988;96,3536
8,991;100,316
8,994;103,415
8,997;105,619
9;106,9
9,003;107,24
9,006;106,63
9,009;105,069
9,012;102,564
9,015;99,1315
9,018;94,7951
9,021;89,5878
9,024;83,5505
9,027;76,7316
9,03;69,1871
9,033;60,9798
9,036;52,1788
9,039;42,8593
9,042;33,1015
9,045;22,9901
9,048;12,6137
9,051;2,06384
9,054;8,56581
9,057;19,1801
9,06;29,6962
9,063;40,0186
9,066;50,0532
9,069;59,7076
9,072;68,8924
9,075;77,5214
9,078;85,5132
9,081;92,7914
9,084;99,2855
9,087;104,932
9,09;109,673
9,093;113,46
9,096;116,253
9,099;118,019
9,102;118,736
9,105;118,389
9,108;116,974
9,111;114,496
9,114;110,971
9,117;106,422
9,12;100,884
9,123;94,3991
9,126;87,0193
9,129;78,8047
9,132;69,8235
9,135;60,151
9,138;49,8695
9,141;39,0673
9,144;27,838
9,147;16,2795
9,15;4,49371
9,153;7,41498
9,156;19,3402
9,159;31,1876
9,162;42,8498
9,165;54,2207
9,168;65,1959
9,171;75,6737
9,174;85,5566
9,177;94,7513
9,18;103,17
9,183;110,732
9,186;117,363
9,189;122,997
9,192;127,576
9,195;131,051
9,198;133,384
9,201;134,546
9,204;134,517
9,207;133,291
9,21;130,868
9,213;127,264
9,216;122,502
9,219;116,616
9,222;109,652
9,225;101,666
9,228;92,7211
9,231;82,8919
9,234;72,2605
9,237;60,9169
9,24;48,9584
9,243;36,4883
9,246;23,6151
9,249;10,4519
9,252;2,88485
9,255;16,2763
9,258;29,6151
9,261;42,7808
9,264;55,6536
9,267;68,1158
9,27;80,0522
9,273;91,3518
9,276;101,908
9,279;111,622
9,282;120,398
9,285;128,153
9,288;134,809
9,291;140,298
9,294;144,563
9,297;147,557
9,3;149,243
9,303;149,599
9,306;148,61
9,309;146,277
9,312;142,612
9,315;137,637
9,318;131,389
9,321;123,915
9,324;115,273
9,327;105,533
9,33;94,7758
9,333;83,09
9,336;70,5746
9,339;57,3365
9,342;43,4898
9,345;29,1548
9,348;14,4572
9,351;0,473434
9,354;15,5042
9,357;30,5006
9,36;45,3402
9,363;59,8882
9,366;74,0117
9,369;87,5806
9,372;100,469
9,375;112,556
9,378;123,727
9,381;133,876
9,384;142,903
9,387;150,721
9,39;157,249
9,393;162,42
9,396;166,178
9,399;168,48
9,402;169,294
9,405;168,603
9,408;166,402
9,411;162,701
9,414;157,522
9,417;150,902
9,42;142,89
9,423;133,549
9,426;122,953
9,429;111,189
9,432;98,3549
9,435;84,5582
9,438;69,9166
9,441;54,5558
9,444;38,6093
9,447;22,2162
9,45;5,52117
9,453;11,3278
9,456;28,1801
9,459;44,8967
9,462;61,3264
9,465;77,3193
9,468;92,7282
9,471;107,411
9,474;121,229
9,477;134,053
9,48;145,761
9,483;156,239
9,486;165,384
9,489;173,104
9,492;179,321
9,495;183,968
9,498;186,991
9,501;188,353
9,504;188,029
9,507;186,01
9,51;182,304
9,513;176,931
9,516;169,928
9,519;161,346
9,522;151,253
9,525;139,727
9,528;126,864
9,531;112,769
9,534;97,5598
9,537;81,3666
9,54;64,3278
9,543;46,5908
9,546;28,3104
9,549;9,64737
9,552;9,23311
9,555;28,1626
9,558;46,9838
9,561;65,5265
9,564;83,622
9,567;101,104
9,57;117,812
9,573;133,588
9,576;148,286
9,579;161,764
9,582;173,894
9,585;184,556
9,588;193,644
9,591;201,066
9,594;206,743
9,597;210,611
9,6;212,624
9,603;212,75
9,606;210,975
9,609;207,301
9,612;201,749
9,615;194,354
9,618;185,171
9,621;174,271
9,624;161,738
9,627;147,674
9,63;132,195
9,633;115,431
9,636;97,5238
9,639;78,6258
9,642;58,9006
9,645;38,5199
9,648;17,6625
9,651;3,48717
9,654;24,7409
9,657;45,9207
9,66;66,8356
9,663;87,2955
9,666;107,113
9,669;126,105
9,672;144,096
9,675;160,915
9,678;176,404
9,681;190,414
9,684;202,808
9,687;213,464
9,69;222,273
9,693;229,144
9,696;234
9,699;236,785
9,702;237,458
9,705;235,998
9,708;232,405
9,711;226,695
9,714;218,904
9,717;209,089
9,72;197,324
9,723;183,7
9,726;168,328
9,729;151,333
9,732;132,857
9,735;113,057
9,738;92,1001
9,741;70,1679
9,744;47,4507
9,747;24,1475
9,75;0,463923
9,753;23,3896
9,756;47,1994
9,759;70,7639
9,762;93,869
9,765;116,304
9,768;137,862
9,771;158,342
9,774;177,554
9,777;195,314
9,78;211,454
9,783;225,816
9,786;238,26
9,789;248,658
9,792;256,904
9,795;262,909
9,798;266,602
9,801;267,934
9,804;266,876
9,807;263,422
9,81;257,586
9,813;249,403
9,816;238,931
9,819;226,248
9,822;211,453
9,825;194,664
9,828;176,017
9,831;155,669
9,834;133,79
9,837;110,566
9,84;86,1978
9,843;60,8955
9,846;34,8807
9,849;8,38249
9,852;18,364
9,855;45,1197
9,858;71,6567
9,861;97,7347
9,864;123,116
9,867;147,566
9,87;170,86
9,873;192,779
9,876;213,117
9,879;231,679
9,882;248,286
9,885;262,774
9,888;274,999
9,891;284,835
9,894;292,176
9,897;296,939
9,9;299,063
9,903;298,511
9,906;295,268
9,909;289,344
9,912;280,776
9,915;269,62
9,918;255,96
9,921;239,901
9,924;221,57
9,927;201,117
9,93;178,711
9,933;154,539
9,936;128,808
9,939;101,737
9,942;73,5612
9,945;44,5261
9,948;14,8871
9,951;15,0933
9,954;45,1476
9,957;75,0187
9,96;104,436
9,963;133,133
9,966;160,844
9,969;187,315
9,972;212,298
9,975;235,558
9,978;256,873
9,981;276,038
9,984;292,866
9,987;307,188
9,99;318,858
9,993;327,754
9,996;333,774
9,999;336,845
10,002;336,919
10,005;333,974
10,008;328,014
10,011;319,074
10,014;307,212
10,017;292,515
10,02;275,095
10,023;255,09
10,026;232,662
10,029;207,995
10,032;181,297
10,035;152,792
10,038;122,726
10,041;91,3571
10,044;58,9592
10,047;25,8166
10,05;7,77775
10,053;41,5246
10,056;75,134
10,059;108,303
10,062;140,729
10,065;172,115
10,068;202,172
10,071;230,621
10,074;257,192
10,077;281,635
10,08;303,715
10,083;323,216
10,086;339,944
10,089;353,73
10,092;364,429
10,095;371,923
10,098;376,123
10,101;376,967
10,104;374,424
10,107;368,493
10,11;359,204
10,113;346,618
10,116;330,824
10,119;311,943
10,122;290,121
10,125;265,536
10,128;238,389
10,131;208,907
10,134;177,338
10,137;143,952
10,14;109,037
10,143;72,8959
10,146;35,8462
10,149;1,78547
10,152;39,6644
10,155;77,4642
10,158;114,844
10,161;151,465
10,164;186,991
10,167;221,096
10,17;253,462
10,173;283,787
10,176;311,782
10,179;337,18
10,182;359,734
10,185;379,22
10,188;395,443
10,191;408,233
10,194;417,451
10,197;422,989
10,2;424,772
10,203;422,757
10,206;416,936
10,209;407,334
10,212;394,012
10,215;377,063
10,218;356,614
10,221;332,825
10,224;305,887
10,227;276,021
10,23;243,473
10,233;208,519
10,236;171,457
10,239;132,605
10,242;92,2994
10,245;50,8941
10,248;8,75362
10,251;33,748
10,254;76,2307
10,257;118,325
10,26;159,649
10,263;199,825
10,266;238,484
10,269;275,268
10,272;309,832
10,275;341,849
10,278;371,014
10,281;397,043
10,284;419,682
10,287;438,702
10,29;453,907
10,293;465,134
10,296;472,253
10,299;475,171
10,302;473,833
10,305;468,222
10,308;458,357
10,311;444,299
10,314;426,143
10,317;404,024
10,32;378,115
10,323;348,622
10,326;315,784
10,329;279,875
10,332;241,195
10,335;200,074
10,338;156,865
10,341;111,941
10,344;65,6959
10,347;18,5355
10,35;29,1218
10,353;76,8505
10,356;124,234
10,359;170,844
10,362;216,256
10,365;260,052
10,368;301,826
10,371;341,189
10,374;377,77
10,377;411,219
10,38;441,214
10,383;467,461
10,386;489,697
10,389;507,695
10,392;521,261
10,395;530,244
10,398;534,53
10,401;534,048
10,404;528,769
10,407;518,707
10,41;503,919
10,413;484,504
10,416;460,606
10,419;432,408
10,422;400,133
10,425;364,044
10,428;324,438
10,431;281,648
10,434;236,036
10,437;187,994
10,44;137,935
10,443;86,298
10,446;33,5351
10,449;19,8863
10,452;73,4901
10,455;126,808
10,458;179,357
10,461;230,661
10,464;280,247
10,467;327,659
10,47;372,453
10,473;414,209
10,476;452,53
10,479;487,046
10,482;517,42
10,485;543,351
10,488;564,572
10,491;580,861
10,494;592,037
10,497;597,962
10,5;598,548
10,503;593,75
10,506;583,575
10,509;568,077
10,512;547,358
10,515;521,568
10,518;490,903
10,521;455,605
10,524;415,96
10,527;372,294
10,53;324,971
10,533;274,393
10,536;220,991
10,539;165,226
10,542;107,584
10,545;48,5708
10,548;11,293
10,551;71,4741
10,554;131,446
10,557;190,667
10,56;248,6
10,563;304,713
10,566;358,489
10,569;409,428
10,572;457,051
10,575;500,907
10,578;540,575
10,581;575,667
10,584;605,837
10,587;630,779
10,59;650,23
10,593;663,978
10,596;671,86
10,599;673,762
10,602;669,626
10,605;659,448
10,608;643,276
10,611;621,214
10,614;593,419
10,617;560,102
10,62;521,523
10,623;477,993
10,626;429,869
10,629;377,552
10,632;321,484
10,635;262,142
10,638;200,038
10,641;135,712
10,644;69,7271
10,647;2,66519
10,65;64,8774
10,653;132,296
10,656;198,997
10,659;264,373
10,662;327,827
10,665;388,776
10,668;446,652
10,671;500,913
10,674;551,046
10,677;596,571
10,68;637,045
10,683;672,069
10,686;701,29
10,689;724,404
10,692;741,16
10,695;751,363
10,698;754,875
10,701;751,618
10,704;741,574
10,707;724,785
10,71;701,356
10,713;671,45
10,716;635,293
10,719;593,164
10,722;545,403
10,725;492,398
10,728;434,591
10,731;372,468
10,734;306,558
10,737;237,427
10,74;165,676
10,743;91,9317
10,746;16,8438
10,749;58,9212
10,752;134,686
10,755;209,782
10,758;283,528
10,761;355,252
10,764;424,293
10,767;490,011
10,77;551,791
10,773;609,051
10,776;661,243
10,779;707,861
10,782;748,448
10,785;782,596
10,788;809,952
10,791;830,222
10,794;843,175
10,797;848,643
10,8;846,524
10,803;836,784
10,806;819,457
10,809;794,647
10,812;762,524
10,815;723,326
10,818;677,356
10,821;624,981
10,824;566,628
10,827;502,778
10,83;433,97
10,833;360,787
10,836;283,857
10,839;203,846
10,842;121,454
10,845;37,4039
10,848;47,5581
10,851;132,674
10,854;217,192
10,857;300,347
10,86;381,381
10,863;459,549
10,866;534,129
10,869;604,424
10,872;669,772
10,875;729,548
10,878;783,178
10,881;830,134
10,884;869,948
10,887;902,211
10,89;926,58
10,893;942,781
10,896;950,609
10,899;949,938
10,902;940,712
10,905;922,955
10,908;896,768
10,911;862,326
10,914;819,882
10,917;769,763
10,92;712,365
10,923;648,153
10,926;577,659
10,929;501,473
10,932;420,24
10,935;334,656
10,938;245,462
10,941;153,434
10,944;59,3806
10,947;35,8651
10,95;131,455
10,953;226,543
10,956;320,271
10,959;411,785
10,962;500,246
10,965;584,837
10,968;664,769
10,971;739,291
10,974;807,693
10,977;869,317
10,98;923,562
10,983;969,887
10,986;1.007,82
10,989;1.036,96
10,992;1.056,99
10,995;1.067,65
10,998;1.068,79
11,001;1.060,34
11,004;1.042,29
11,007;1.014,75
11,01;977,901
11,013;932,003
11,016;877,408
11,019;814,546
11,022;743,927
11,025;666,13
11,028;581,807
11,031;491,669
11,034;396,488
11,037;297,085
11,04;194,325
11,043;89,1101
11,046;17,6312
11,049;124,948
11,052;231,892
11,055;337,497
11,058;440,805
11,061;540,868
11,064;636,764
11,067;727,6
11,07;812,524
11,073;890,73
11,076;961,467
11,079;1.024,05
11,082;1.077,85
11,085;1.122,32
11,088;1.157,01
11,091;1.181,53
11,094;1.195,58
11,097;1.198,97
11,1;1.191,6
11,103;1.173,45
11,106;1.144,61
11,109;1.105,27
11,112;1.055,71
11,115;996,294
11,118;927,499
11,121;849,875
11,124;764,059
11,127;670,766
11,13;570,783
11,133;464,963
11,136;354,218
11,139;239,509
11,142;121,843
11,145;2,25569
11,148;118,189
11,151;238,412
11,154;357,345
11,157;473,906
11,16;587,031
11,163;695,677
11,166;798,835
11,169;895,538
11,172;984,871
11,175;1.065,98
11,178;1.138,07
11,181;1.200,44
11,184;1.252,45
11,187;1.293,57
11,19;1.323,35
11,193;1.341,44
11,196;1.347,59
11,199;1.341,67
11,202;1.323,65
11,205;1.293,6
11,208;1.251,71
11,211;1.198,28
11,214;1.133,7
11,217;1.058,48
11,22;973,212
11,223;878,605
11,226;775,441
11,229;664,589
11,232;546,993
11,235;423,663
11,238;295,669
11,241;164,131
11,244;30,2076
11,247;104,912
11,25;240,021
11,253;373,916
11,256;505,382
11,259;633,221
11,262;756,255
11,265;873,345
11,268;983,394
11,271;1.085,36
11,274;1.178,28
11,277;1.261,24
11,28;1.333,43
11,283;1.394,12
11,286;1.442,7
11,289;1.478,62
11,292;1.501,5
11,295;1.511,01
11,298;1.507
11,301;1.489,4
11,304;1.458,26
11,307;1.413,79
11,31;1.356,28
11,313;1.286,16
11,316;1.203,98
11,319;1.110,38
11,322;1.006,14
11,325;892,106
11,328;769,249
11,331;638,609
11,334;501,308
11,337;358,533
11,34;211,532
11,343;61,5991
11,346;89,9382
11,349;241,727
11,352;392,415
11,355;540,639
11,358;685,047
11,361;824,314
11,364;957,149
11,367;1.082,31
11,37;1.198,62
11,373;1.304,97
11,376;1.400,34
11,379;1.483,78
11,382;1.554,46
11,385;1.611,66
11,388;1.654,77
11,391;1.683,3
11,394;1.696,89
11,397;1.695,32
11,4;1.678,49
11,403;1.646,45
11,406;1.599,38
11,409;1.537,6
11,412;1.461,56
11,415;1.371,85
11,418;1.269,18
11,421;1.154,37
11,424;1.028,39
11,427;892,283
11,43;747,204
11,433;594,398
11,436;435,185
11,439;270,953
11,442;103,146
11,445;66,7509
11,448;237,224
11,451;406,755
11,454;573,813
11,457;736,875
11,46;894,448
11,463;1.045,07
11,466;1.187,35
11,469;1.319,93
11,472;1.441,56
11,475;1.551,07
11,478;1.647,39
11,481;1.729,56
11,484;1.796,73
11,487;1.848,2
11,49;1.883,4
11,493;1.901,9
11,496;1.903,41
11,499;1.887,8
11,502;1.855,09
11,505;1.805,45
11,508;1.739,22
11,511;1.656,87
11,514;1.559,03
11,517;1.446,48
11,52;1.320,12
11,523;1.181
11,526;1.030,27
11,529;869,215
11,532;699,21
11,535;521,722
11,538;338,297
11,541;150,542
11,544;39,881
11,547;231,278
11,55;421,947
11,553;610,165
11,556;794,222
11,559;972,431
11,562;1.143,15
11,565;1.304,79
11,568;1.455,83
11,571;1.594,83
11,574;1.720,47
11,577;1.831,52
11,58;1.926,87
11,583;2.005,56
11,586;2.066,76
11,589;2.109,81
11,592;2.134,18
11,595;2.139,52
11,598;2.125,66
11,601;2.092,59
11,604;2.040,46
11,607;1.969,62
11,61;1.880,56
11,613;1.773,98
11,616;1.650,69
11,619;1.511,69
11,622;1.358,13
11,625;1.191,29
11,628;1.012,56
11,631;823,488
11,634;625,692
11,637;420,892
11,64;210,883
11,643;2,4806
11,646;217,303
11,649;431,674
11,652;643,66
11,655;851,337
11,658;1.052,81
11,661;1.246,21
11,664;1.429,75
11,667;1.601,71
11,67;1.760,46
11,673;1.904,47
11,676;2.032,36
11,679;2.142,84
11,682;2.234,82
11,685;2.307,32
11,688;2.359,57
11,691;2.390,95
11,694;2.401,02
11,697;2.389,56
11,7;2.356,52
11,703;2.302,03
11,706;2.226,44
11,709;2.130,29
11,712;2.014,29
11,715;1.879,35
11,718;1.726,55
11,721;1.557,14
11,724;1.372,54
11,727;1.174,28
11,73;964,076
11,733;743,719
11,736;515,127
11,739;280,298
11,742;41,3033
11,745;199,736
11,748;440,666
11,751;679,328
11,754;913,56
11,757;1.141,22
11,76;1.360,22
11,763;1.568,52
11,766;1.764,18
11,769;1.945,33
11,772;2.110,27
11,775;2.257,37
11,778;2.385,21
11,781;2.492,48
11,784;2.578,09
11,787;2.641,1
11,79;2.680,8
11,793;2.696,66
11,796;2.688,38
11,799;2.655,85
11,802;2.599,21
11,805;2.518,79
11,808;2.415,15
11,811;2.289,06
11,814;2.141,5
11,817;1.973,65
11,82;1.786,87
11,823;1.582,71
11,826;1.362,9
11,829;1.129,29
11,832;883,894
11,835;628,839
11,838;366,353
11,841;98,7438
11,844;171,614
11,847;442,308
11,85;710,915
11,853;975,005
11,856;1.232,17
11,859;1.480,04
11,862;1.716,33
11,865;1.938,83
11,868;2.145,43
11,871;2.334,17
11,874;2.503,23
11,877;2.650,94
11,88;2.775,82
11,883;2.876,6
11,886;2.952,19
11,889;3.001,74
11,892;3.024,63
11,895;3.020,45
11,898;2.989,06
11,901;2.930,55
11,904;2.845,25
11,907;2.733,75
11,91;2.596,87
11,913;2.435,65
11,916;2.251,39
11,919;2.045,57
11,922;1.819,9
11,925;1.576,28
11,928;1.316,76
11,931;1.043,57
11,934;759,084
11,937;465,772
11,94;166,214
11,943;136,937
11,946;440,977
11,949;743,189
11,952;1.040,84
11,955;1.331,22
11,958;1.611,67
11,961;1.879,58
11,964;2.132,47
11,967;2.367,95
11,97;2.583,77
11,973;2.777,87
11,976;2.948,34
11,979;3.093,48
11,982;3.211,8
11,985;3.302,06
11,988;3.363,25
11,991;3.394,61
11,994;3.395,65
