0,002;0
0,004;2,82843e-05
0,006;8,48151e-05
0,008;0,000169479
0,01;0,000282089
0,012;0,000422381
0,014;0,000590017
0,016;0,000784588
0,018;0,00100561
0,02;0,00125253
0,022;0,00152472
0,024;0,0018215
0,026;0,0021421
0,028;0,00248569
0,03;0,0028514
0,032;0,00323828
0,034;0,00364533
0,036;0,00407147
0,038;0,00451562
0,04;0,0049766
0,042;0,00545321
0,044;0,00594419
0,046;0,00644827
0,048;0,0069641
0,05;0,00749033
0,052;0,00802558
0,054;0,00856842
0,056;0,00911743
0,058;0,00967113
0,06;0,0102281
0,062;0,0107868
0,064;0,0113457
0,066;0,0119034
0,068;0,0124585
0,07;0,0130093
0,072;0,0135544
0,074;0,0140924
0,076;0,0146219
0,078;0,0151413
0,08;0,0156493
0,082;0,0161446
0,084;0,0166257
0,086;0,0170915
0,088;0,0175405
0,09;0,0179717
0,092;0,0183838
0,094;0,0187758
0,096;0,0191464
0,098;0,0194948
0,1;0,01982
0,102;0,020121
0,104;0,020397
0,106;0,0206473
0,108;0,0208712
0,11;0,021068
0,112;0,0212371
0,114;0,0213781
0,116;0,0214906
0,118;0,0215742
0,12;0,0216287
0,122;0,0216539
0,124;0,0216496
0,126;0,0216159
0,128;0,0215528
0,13;0,0214604
0,132;0,0213389
0,134;0,0211887
0,136;0,02101
0,138;0,0208034
0,14;0,0205693
0,142;0,0203083
0,144;0,0200211
0,146;0,0197084
0,148;0,019371
0,15;0,0190098
0,152;0,0186257
0,154;0,0182197
0,156;0,0177929
0,158;0,0173463
0,16;0,0168812
0,162;0,0163987
0,164;0,0159001
0,166;0,0153868
0,168;0,01486
0,17;0,0143211
0,172;0,0137717
0,174;0,013213
0,176;0,0126467
0,178;0,0120742
0,18;0,011497
0,182;0,0109167
0,184;0,0103347
0,186;0,00975272
0,188;0,00917223
0,19;0,00859479
0,192;0,00802194
0,194;0,00745523
0,196;0,00689616
0,198;0,00634623
0,2;0,00580694
0,202;0,00527973
0,204;0,00476602
0,206;0,0042672
0,208;0,00378462
0,21;0,00331958
0,212;0,00287336
0,214;0,00244717
0,216;0,00204217
0,218;0,00165946
0,22;0,0013001
0,222;0,000965087
0,224;0,000655333
0,226;0,000371703
0,228;0,000114988
0,23;0,000114092
0,232;0,000314889
0,234;0,000486829
0,236;0,000629417
0,238;0,000742231
0,24;0,000824933
0,242;0,000877261
0,244;0,000899035
0,246;0,000890156
0,248;0,000850607
0,25;0,000780453
0,252;0,000679841
0,254;0,000548996
0,256;0,000388229
0,258;0,000197929
0,26;2,14382e-05
0,262;0,000269324
0,264;0,000545107
0,266;0,000848089
0,268;0,0011775
0,27;0,00153249
0,272;0,00191215
0,274;0,0023155
0,276;0,00274151
0,278;0,00318905
0,28;0,00365697
0,282;0,00414404
0,284;0,004649
0,286;0,00517052
0,288;0,00570723
0,29;0,00625772
0,292;0,00682055
0,294;0,00739421
0,296;0,00797721
0,298;0,008568
0,3;0,00916502
0,302;0,00976667
0,304;0,0103714
0,306;0,0109775
0,308;0,0115834
0,31;0,0121876
0,312;0,0127883
0,314;0,0133841
0,316;0,0139732
0,318;0,0145541
0,32;0,0151253
0,322;0,0156851
0,324;0,0162322
0,326;0,016765
0,328;0,0172821
0,33;0,0177821
0,332;0,0182636
0,334;0,0187254
0,336;0,0191661
0,338;0,0195846
0,34;0,0199796
0,342;0,0203503
0,344;0,0206954
0,346;0,0210141
0,348;0,0213054
0,35;0,0215686
0,352;0,021803
0,354;0,0220078
0,356;0,0221824
0,358;0,0223265
0,36;0,0224394
0,362;0,022521
0,364;0,0225709
0,366;0,0225889
0,368;0,0225751
0,37;0,0225293
0,372;0,0224516
0,374;0,0223423
0,376;0,0222015
0,378;0,0220296
0,38;0,021827
0,382;0,0215942
0,384;0,0213318
0,386;0,0210405
0,388;0,0207209
0,39;0,020374
0,392;0,0200005
0,394;0,0196015
0,396;0,019178
0,398;0,018731
0,4;0,0182618
0,402;0,0177716
0,404;0,0172616
0,406;0,0167331
0,408;0,0161877
0,41;0,0156266
0,412;0,0150513
0,414;0,0144635
0,416;0,0138646
0,418;0,0132562
0,42;0,0126399
0,422;0,0120174
0,424;0,0113903
0,426;0,0107603
0,428;0,010129
0,43;0,00949813
0,432;0,00886939
0,434;0,00824444
0,436;0,00762496
0,438;0,00701261
0,44;0,00640903
0,442;0,00581583
0,444;0,00523462
0,446;0,00466695
0,448;0,00411437
0,45;0,00357837
0,452;0,00306039
0,454;0,00256185
0,456;0,00208409
0,458;0,00162843
0,46;0,00119609
0,462;0,000788279
0,464;0,000406104
0,466;5,06198e-05
0,468;0,000277189
0,47;0,000576411
0,472;0,000846211
0,474;0,00108583
0,476;0,00129459
0,478;0,00147189
0,48;0,00161722
0,482;0,00173014
0,484;0,00181032
0,486;0,00185749
0,488;0,00187149
0,49;0,00185223
0,492;0,00179972
0,494;0,00171406
0,496;0,00159543
0,498;0,0014441
0,5;0,00126043
0,502;0,00104488
0,504;0,000797965
0,506;0,000520311
0,508;0,000212614
0,51;0,000124344
0,512;0,000489704
0,514;0,00088253
0,516;0,00130181
0,518;0,00174646
0,52;0,00221533
0,522;0,00270721
0,524;0,0032208
0,526;0,00375478
0,528;0,00430774
0,53;0,00487823
0,532;0,00546476
0,534;0,00606578
0,536;0,00667971
0,538;0,00730494
0,54;0,0079398
0,542;0,00858262
0,544;0,00923169
0,546;0,0098853
0,548;0,0105417
0,55;0,0111991
0,552;0,0118559
0,554;0,0125102
0,556;0,0131603
0,558;0,0138044
0,56;0,0144409
0,562;0,015068
0,564;0,015684
0,566;0,0162873
0,568;0,0168763
0,57;0,0174493
0,572;0,0180049
0,574;0,0185415
0,576;0,0190576
0,578;0,0195519
0,58;0,020023
0,582;0,0204696
0,584;0,0208905
0,586;0,0212845
0,588;0,0216506
0,59;0,0219877
0,592;0,0222949
0,594;0,0225714
0,596;0,0228163
0,598;0,023029
0,6;0,0232088
0,602;0,0233553
0,604;0,023468
0,606;0,0235465
0,608;0,0235907
0,61;0,0236002
0,612;0,0235752
0,614;0,0235155
0,616;0,0234213
0,618;0,0232928
0,62;0,0231303
0,622;0,0229342
0,624;0,022705
0,626;0,0224432
0,628;0,0221494
0,63;0,0218246
0,632;0,0214693
0,634;0,0210846
0,636;0,0206715
0,638;0,020231
0,64;0,0197642
0,642;0,0192724
0,644;0,0187568
0,646;0,0182188
0,648;0,0176598
0,65;0,0170812
0,652;0,0164846
0,654;0,0158715
0,656;0,0152436
0,658;0,0146024
0,66;0,0139498
0,662;0,0132873
0,664;0,0126169
0,666;0,0119401
0,668;0,011259
0,67;0,0105751
0,672;0,00989046
0,674;0,0092068
0,676;0,00852596
0,678;0,00784976
0,68;0,00718001
0,682;0,00651851
0,684;0,00586702
0,686;0,0052273
0,688;0,00460108
0,69;0,00399004
0,692;0,00339582
0,694;0,00282005
0,696;0,00226426
0,698;0,00172999
0,7;0,00121867
0,702;0,000731706
0,704;0,000270424
0,706;0,000163909
0,708;0,000570099
0,71;0,000947027
0,712;0,00129365
0,714;0,001609
0,716;0,00189219
0,718;0,00214243
0,72;0,00235901
0,722;0,0025413
0,724;0,00268878
0,726;0,00280099
0,728;0,00287761
0,73;0,00291836
0,732;0,00292311
0,734;0,00289178
0,736;0,00282441
0,738;0,00272114
0,74;0,00258219
0,742;0,00240788
0,744;0,00219864
0,746;0,00195497
0,748;0,00167748
0,75;0,00136686
0,752;0,0010239
0,754;0,00064946
0,756;0,00024451
0,758;0,000189917
0,76;0,0006527
0,762;0,00114264
0,764;0,00165848
0,766;0,00219886
0,768;0,00276239
0,77;0,00334758
0,772;0,00395292
0,774;0,0045768
0,776;0,00521759
0,778;0,00587361
0,78;0,00654313
0,782;0,00722437
0,784;0,00791554
0,786;0,00861481
0,788;0,00932032
0,79;0,0100302
0,792;0,0107426
0,794;0,0114555
0,796;0,0121672
0,798;0,0128756
0,8;0,0135789
0,802;0,0142753
0,804;0,0149627
0,806;0,0156395
0,808;0,0163038
0,81;0,0169537
0,812;0,0175876
0,814;0,0182037
0,816;0,0188004
0,818;0,0193761
0,82;0,0199291
0,822;0,020458
0,824;0,0209613
0,826;0,0214377
0,828;0,0218858
0,83;0,0223045
0,832;0,0226925
0,834;0,0230488
0,836;0,0233724
0,838;0,0236624
0,84;0,023918
0,842;0,0241384
0,844;0,024323
0,846;0,0244713
0,848;0,0245828
0,85;0,0246572
0,852;0,0246942
0,854;0,0246937
0,856;0,0246557
0,858;0,0245801
0,86;0,0244671
0,862;0,0243171
0,864;0,0241303
0,866;0,0239072
0,868;0,0236483
0,87;0,0233542
0,872;0,0230258
0,874;0,0226639
0,876;0,0222693
0,878;0,0218431
0,88;0,0213863
0,882;0,0209002
0,884;0,020386
0,886;0,0198451
0,888;0,0192787
0,89;0,0186885
0,892;0,018076
0,894;0,0174427
0,896;0,0167904
0,898;0,0161206
0,9;0,0154353
0,902;0,0147362
0,904;0,0140252
0,906;0,0133041
0,908;0,0125748
0,91;0,0118393
0,912;0,0110996
0,914;0,0103575
0,916;0,00961515
0,918;0,00887443
0,92;0,00813733
0,922;0,00740584
0,924;0,00668191
0,926;0,00596748
0,928;0,00526447
0,93;0,00457477
0,932;0,00390023
0,934;0,00324268
0,936;0,00260388
0,938;0,00198558
0,94;0,00138944
0,942;0,000817082
0,944;0,000270069
0,946;0,00025011
0,948;0,000742031
0,95;0,00120434
0,952;0,00163578
0,954;0,00203514
0,956;0,00240133
0,958;0,00273331
0,96;0,00303017
0,962;0,00329105
0,964;0,00351522
0,966;0,00370204
0,968;0,00385094
0,97;0,00396149
0,972;0,00403334
0,974;0,00406625
0,976;0,00406007
0,978;0,00401478
0,98;0,00393043
0,982;0,0038072
0,984;0,00364538
0,986;0,00344533
0,988;0,00320754
0,99;0,0029326
0,992;0,00262119
0,994;0,00227409
0,996;0,00189218
0,998;0,00147643
1;0,0010279
1,002;0,000547748
1,004;3,72115e-05
1,006;0,000502389
1,008;0,00106965
1,01;0,00166311
1,012;0,0022812
1,014;0,00292232
1,016;0,00358478
1,018;0,00426685
1,02;0,00496674
1,022;0,0056826
1,024;0,00641255
1,026;0,00715465
1,028;0,00790695
1,03;0,00866745
1,032;0,00943414
1,034;0,010205
1,036;0,0109779
1,038;0,0117509
1,04;0,0125218
1,042;0,0132887
1,044;0,0140494
1,046;0,014802
1,048;0,0155444
1,05;0,0162746
1,052;0,0169907
1,054;0,0176907
1,056;0,0183728
1,058;0,019035
1,06;0,0196757
1,062;0,020293
1,064;0,0208853
1,066;0,021451
1,068;0,0219885
1,07;0,0224964
1,072;0,0229733
1,074;0,0234178
1,076;0,0238288
1,078;0,024205
1,08;0,0245455
1,082;0,0248493
1,084;0,0251155
1,086;0,0253433
1,088;0,0255322
1,09;0,0256815
1,092;0,0257908
1,094;0,0258598
1,096;0,0258882
1,098;0,0258758
1,1;0,0258228
1,102;0,025729
1,104;0,0255949
1,106;0,0254206
1,108;0,0252065
1,11;0,0249533
1,112;0,0246614
1,114;0,0243317
1,116;0,0239649
1,118;0,023562
1,12;0,0231241
1,122;0,0226521
1,124;0,0221475
1,126;0,0216113
1,128;0,0210451
1,13;0,0204504
1,132;0,0198285
1,134;0,0191813
1,136;0,0185103
1,138;0,0178174
1,14;0,0171043
1,142;0,0163729
1,144;0,0156252
1,146;0,0148631
1,148;0,0140886
1,15;0,0133038
1,152;0,0125108
1,154;0,0117116
1,156;0,0109084
1,158;0,0101034
1,16;0,00929859
1,162;0,00849622
1,164;0,00769841
1,166;0,00690729
1,168;0,00612498
1,17;0,00535358
1,172;0,00459516
1,174;0,00385175
1,176;0,00312537
1,178;0,00241797
1,18;0,00173146
1,182;0,00106771
1,184;0,000428505
1,186;0,000184409
1,188;0,000769364
1,19;0,00132476
1,192;0,00184909
1,194;0,00234089
1,196;0,00279883
1,198;0,00322163
1,2;0,00360812
1,202;0,00395721
1,204;0,00426794
1,206;0,00453941
1,208;0,00477086
1,21;0,00496161
1,212;0,00511109
1,214;0,00521887
1,216;0,00528458
1,218;0,00530801
1,22;0,00528903
1,222;0,00522763
1,224;0,00512393
1,226;0,00497815
1,228;0,0047906
1,23;0,00456175
1,232;0,00429215
1,234;0,00398246
1,236;0,00363344
1,238;0,00324599
1,24;0,00282109
1,242;0,00235981
1,244;0,00186334
1,246;0,00133295
1,248;0,000770014
1,25;0,000175992
1,252;0,000447576
1,254;0,00109907
1,256;0,00177678
1,258;0,00247894
1,26;0,00320371
1,262;0,00394919
1,264;0,00471341
1,266;0,00549438
1,268;0,00629001
1,27;0,00709821
1,272;0,00791685
1,274;0,00874376
1,276;0,00957673
1,278;0,0104136
1,28;0,011252
1,282;0,0120899
1,284;0,0129249
1,286;0,0137548
1,288;0,0145775
1,29;0,0153907
1,292;0,0161922
1,294;0,0169798
1,296;0,0177516
1,298;0,0185053
1,3;0,0192389
1,302;0,0199505
1,304;0,0206382
1,306;0,0213
1,308;0,0219341
1,31;0,0225389
1,312;0,0231127
1,314;0,0236539
1,316;0,0241611
1,318;0,0246327
1,32;0,0250676
1,322;0,0254645
1,324;0,0258223
1,326;0,0261401
1,328;0,0264168
1,33;0,0266517
1,332;0,0268442
1,334;0,0269936
1,336;0,0270995
1,338;0,0271616
1,34;0,0271796
1,342;0,0271534
1,344;0,0270831
1,346;0,0269687
1,348;0,0268106
1,35;0,026609
1,352;0,0263645
1,354;0,0260777
1,356;0,0257492
1,358;0,0253799
1,36;0,0249707
1,362;0,0245227
1,364;0,0240369
1,366;0,0235147
1,368;0,0229574
1,37;0,0223664
1,372;0,0217432
1,374;0,0210895
1,376;0,020407
1,378;0,0196975
1,38;0,0189627
1,382;0,0182047
1,384;0,0174254
1,386;0,0166269
1,388;0,0158113
1,39;0,0149807
1,392;0,0141374
1,394;0,0132835
1,396;0,0124213
1,398;0,0115531
1,4;0,0106813
1,402;0,00980809
1,404;0,00893585
1,406;0,0080669
1,408;0,00720357
1,41;0,00634816
1,412;0,00550296
1,414;0,00467025
1,416;0,00385225
1,418;0,00305118
1,42;0,00226919
1,422;0,00150839
1,424;0,000770831
1,426;5,85217e-05
1,428;0,000626609
1,43;0,0012827
1,432;0,00190796
1,434;0,00250068
1,436;0,00305924
1,438;0,0035821
1,44;0,00406782
1,442;0,00451506
1,444;0,00492257
1,446;0,00528921
1,448;0,00561395
1,45;0,00589587
1,452;0,00613416
1,454;0,00632812
1,456;0,00647719
1,458;0,00658089
1,46;0,0066389
1,462;0,006651
1,464;0,0066171
1,466;0,00653722
1,468;0,00641152
1,47;0,00624027
1,472;0,00602386
1,474;0,00576282
1,476;0,00545778
1,478;0,00510949
1,48;0,00471883
1,482;0,00428678
1,484;0,00381444
1,486;0,00330302
1,488;0,00275381
1,49;0,00216825
1,492;0,00154785
1,494;0,000894199
1,496;0,000209012
1,498;0,00050593
1,5;0,00124876
1,502;0,00201754
1,504;0,00281024
1,506;0,00362479
1,508;0,00445905
1,51;0,00531081
1,512;0,00617783
1,514;0,00705782
1,516;0,00794844
1,518;0,00884734
1,52;0,00975213
1,522;0,0106604
1,524;0,0115697
1,526;0,0124777
1,528;0,0133819
1,53;0,0142799
1,532;0,0151694
1,534;0,0160478
1,536;0,0169129
1,538;0,0177623
1,54;0,0185938
1,542;0,0194051
1,544;0,020194
1,546;0,0209584
1,548;0,0216962
1,55;0,0224054
1,552;0,0230841
1,554;0,0237304
1,556;0,0243426
1,558;0,024919
1,56;0,025458
1,562;0,0259581
1,564;0,026418
1,566;0,0268362
1,568;0,0272118
1,57;0,0275436
1,572;0,0278306
1,574;0,0280721
1,576;0,0282674
1,578;0,0284158
1,58;0,0285169
1,582;0,0285704
1,584;0,0285761
1,586;0,0285339
1,588;0,0284438
1,59;0,028306
1,592;0,0281208
1,594;0,0278887
1,596;0,0276102
1,598;0,0272859
1,6;0,0269168
1,602;0,0265037
1,604;0,0260476
1,606;0,0255497
1,608;0,0250114
1,61;0,0244339
1,612;0,0238187
1,614;0,0231675
1,616;0,022482
1,618;0,0217638
1,62;0,021015
1,622;0,0202374
1,624;0,0194331
1,626;0,0186041
1,628;0,0177528
1,63;0,0168812
1,632;0,0159918
1,634;0,0150868
1,636;0,0141686
1,638;0,0132397
1,64;0,0123026
1,642;0,0113597
1,644;0,0104135
1,646;0,0094666
1,648;0,00852146
1,65;0,00758062
1,652;0,0066466
1,654;0,00572189
1,656;0,00480897
1,658;0,00391029
1,66;0,00302828
1,662;0,00216529
1,664;0,00132367
1,666;0,000505678
1,668;0,000286468
1,67;0,00105062
1,672;0,00178471
1,674;0,00248673
1,676;0,00315478
1,678;0,00378701
1,68;0,00438171
1,682;0,00493723
1,684;0,00545204
1,686;0,00592472
1,688;0,00635394
1,69;0,0067385
1,692;0,00707733
1,694;0,00736945
1,696;0,00761402
1,698;0,00781033
1,7;0,00795779
1,702;0,00805594
1,704;0,00810446
1,706;0,00810315
1,708;0,00805194
1,71;0,0079509
1,712;0,00780025
1,714;0,0076003
1,716;0,00735155
1,718;0,00705457
1,72;0,00671009
1,722;0,00631898
1,724;0,00588222
1,726;0,0054009
1,728;0,00487625
1,73;0,00430962
1,732;0,00370245
1,734;0,00305632
1,736;0,00237289
1,738;0,00165394
1,74;0,000901335
1,742;0,000117038
1,744;0,000696901
1,746;0,00153835
1,748;0,0024051
1,75;0,00329489
1,752;0,00420535
1,754;0,0051341
1,756;0,00607868
1,758;0,00703659
1,76;0,0080053
1,762;0,00898224
1,764;0,00996482
1,766;0,0109504
1,768;0,0119364
1,77;0,0129202
1,772;0,0138991
1,774;0,0148705
1,776;0,0158319
1,778;0,0167806
1,78;0,0177141
1,782;0,0186299
1,784;0,0195255
1,786;0,0203985
1,788;0,0212466
1,79;0,0220674
1,792;0,0228588
1,794;0,0236185
1,796;0,0243446
1,798;0,025035
1,8;0,0256879
1,802;0,0263014
1,804;0,0268738
1,806;0,0274037
1,808;0,0278895
1,81;0,0283298
1,812;0,0287234
1,814;0,0290693
1,816;0,0293664
1,818;0,0296138
1,82;0,0298109
1,822;0,0299571
1,824;0,0300519
1,826;0,0300949
1,828;0,030086
1,83;0,0300251
1,832;0,0299124
1,834;0,0297481
1,836;0,0295325
1,838;0,0292661
1,84;0,0289496
1,842;0,0285838
1,844;0,0281696
1,846;0,027708
1,848;0,0272001
1,85;0,0266473
1,852;0,0260511
1,854;0,0254128
1,856;0,0247342
1,858;0,024017
1,86;0,0232631
1,862;0,0224745
1,864;0,0216531
1,866;0,0208012
1,868;0,019921
1,87;0,0190148
1,872;0,0180849
1,874;0,0171338
1,876;0,0161641
1,878;0,0151783
1,88;0,0141789
1,882;0,0131687
1,884;0,0121504
1,886;0,0111265
1,888;0,0100999
1,89;0,00907329
1,892;0,00804938
1,894;0,00703093
1,896;0,00602066
1,898;0,00502127
1,9;0,00403545
1,902;0,00306583
1,904;0,00211502
1,906;0,0011856
1,908;0,000280055
1,91;0,000599158
1,912;0,00144966
1,914;0,00226915
1,916;0,00305539
1,918;0,00380625
1,92;0,00451968
1,922;0,00519372
1,924;0,00582653
1,926;0,00641636
1,928;0,00696158
1,93;0,00746068
1,932;0,00791226
1,934;0,00831507
1,936;0,00866795
1,938;0,00896991
1,94;0,00922006
1,942;0,00941767
1,944;0,00956216
1,946;0,00965305
1,948;0,00969003
1,95;0,00967294
1,952;0,00960175
1,954;0,00947658
1,956;0,00929768
1,958;0,00906547
1,96;0,00878049
1,962;0,00844342
1,964;0,00805511
1,966;0,00761652
1,968;0,00712875
1,97;0,00659303
1,972;0,00601074
1,974;0,00538335
1,976;0,00471249
1,978;0,00399988
1,98;0,00324737
1,982;0,00245691
1,984;0,00163057
1,986;0,000770489
1,988;0,000121077
1,99;0,00104179
1,992;0,00198924
1,994;0,00296094
1,996;0,00395431
1,998;0,00496675
2;0,00599558
2,002;0,00703808
2,004;0,00809149
2,006;0,009153
2,008;0,0102198
2,01;0,0112891
2,012;0,0123579
2,014;0,0134236
2,016;0,0144831
2,018;0,0155337
2,02;0,0165726
2,022;0,0175969
2,024;0,018604
2,026;0,0195911
2,028;0,0205555
2,03;0,0214947
2,032;0,0224061
2,034;0,0232873
2,036;0,0241358
2,038;0,0249494
2,04;0,0257258
2,042;0,0264629
2,044;0,0271588
2,046;0,0278114
2,048;0,028419
2,05;0,0289799
2,052;0,0294926
2,054;0,0299556
2,056;0,0303676
2,058;0,0307275
2,06;0,0310342
2,062;0,0312868
2,064;0,0314846
2,066;0,031627
2,068;0,0317136
2,07;0,0317439
2,072;0,031718
2,074;0,0316357
2,076;0,0314972
2,078;0,0313029
2,08;0,0310531
2,082;0,0307484
2,084;0,0303896
2,086;0,0299776
2,088;0,0295133
2,09;0,0289981
2,092;0,0284331
2,094;0,0278198
2,096;0,0271598
2,098;0,0264548
2,1;0,0257065
2,102;0,0249171
2,104;0,0240883
2,106;0,0232226
2,108;0,022322
2,11;0,021389
2,112;0,020426
2,114;0,0194356
2,116;0,0184202
2,118;0,0173827
2,12;0,0163257
2,122;0,0152521
2,124;0,0141646
2,126;0,0130662
2,128;0,0119598
2,13;0,0108483
2,132;0,00973469
2,134;0,0086219
2,136;0,00751293
2,138;0,00641072
2,14;0,00531823
2,142;0,00423839
2,144;0,00317409
2,146;0,00212819
2,148;0,00110351
2,15;0,000102797
2,152;0,000871237
2,154;0,00181596
2,156;0,00272882
2,158;0,00360733
2,16;0,00444911
2,162;0,00525187
2,164;0,0060134
2,166;0,00673163
2,168;0,00740459
2,17;0,00803041
2,172;0,00860736
2,174;0,00913385
2,176;0,0096084
2,178;0,0100297
2,18;0,0103965
2,182;0,0107078
2,184;0,0109626
2,186;0,0111603
2,188;0,0113002
2,19;0,0113819
2,192;0,011405
2,194;0,0113695
2,196;0,0112754
2,198;0,0111227
2,2;0,0109119
2,202;0,0106434
2,204;0,010318
2,206;0,00993624
2,208;0,00949924
2,21;0,00900803
2,212;0,00846386
2,214;0,00786812
2,216;0,00722231
2,218;0,0065281
2,22;0,00578727
2,222;0,00500173
2,224;0,00417353
2,226;0,0033048
2,228;0,00239782
2,23;0,00145496
2,232;0,000478672
2,234;0,000528478
2,236;0,00156385
2,238;0,00262471
2,24;0,00370827
2,242;0,00481167
2,244;0,005932
2,246;0,00706628
2,248;0,00821152
2,25;0,00936467
2,252;0,0105227
2,254;0,0116824
2,256;0,0128409
2,258;0,0139949
2,26;0,0151415
2,262;0,0162774
2,264;0,0173998
2,266;0,0185055
2,268;0,0195917
2,27;0,0206553
2,272;0,0216936
2,274;0,0227037
2,276;0,0236829
2,278;0,0246285
2,28;0,025538
2,282;0,0264088
2,284;0,0272387
2,286;0,0280254
2,288;0,0287666
2,29;0,0294604
2,292;0,0301049
2,294;0,0306982
2,296;0,0312388
2,298;0,031725
2,3;0,0321556
2,302;0,0325292
2,304;0,032845
2,306;0,0331018
2,308;0,033299
2,31;0,0334359
2,312;0,0335122
2,314;0,0335274
2,316;0,0334816
2,318;0,0333747
2,32;0,033207
2,322;0,0329787
2,324;0,0326905
2,326;0,032343
2,328;0,0319371
2,33;0,0314738
2,332;0,0309542
2,334;0,0303796
2,336;0,0297516
2,338;0,0290716
2,34;0,0283416
2,342;0,0275632
2,344;0,0267386
2,346;0,0258699
2,348;0,0249593
2,35;0,0240092
2,352;0,0230222
2,354;0,0220007
2,356;0,0209474
2,358;0,0198652
2,36;0,0187568
2,362;0,0176253
2,364;0,0164735
2,366;0,0153045
2,368;0,0141214
2,37;0,0129274
2,372;0,0117256
2,374;0,0105192
2,376;0,00931147
2,378;0,00810556
2,38;0,00690471
2,382;0,00571212
2,384;0,004531
2,386;0,00336451
2,388;0,00221578
2,39;0,00108788
2,392;1,61276e-05
2,394;0,00109328
2,396;0,00214068
2,398;0,00315548
2,4;0,00413493
2,402;0,00507637
2,404;0,00597725
2,406;0,00683511
2,408;0,0076476
2,41;0,0084125
2,412;0,0091277
2,414;0,00979123
2,416;0,0104012
2,418;0,0109561
2,42;0,0114541
2,422;0,011894
2,424;0,0122745
2,426;0,0125944
2,428;0,0128529
2,43;0,0130492
2,432;0,0131827
2,434;0,013253
2,436;0,0132596
2,438;0,0132027
2,44;0,0130822
2,442;0,0128983
2,444;0,0126516
2,446;0,0123425
2,448;0,0119717
2,45;0,0115403
2,452;0,0110492
2,454;0,0104998
2,456;0,0098933
2,458;0,00923134
2,46;0,0085156
2,462;0,00774791
2,464;0,00693025
2,466;0,00606474
2,468;0,00515361
2,47;0,00419925
2,472;0,00320413
2,474;0,00217085
2,476;0,00110212
2,478;7,48815e-07
2,48;0,00113038
2,482;0,00228829
2,484;0,00346992
2,486;0,00467216
2,488;0,00589183
2,49;0,0071257
2,492;0,0083705
2,494;0,00962292
2,496;0,0108796
2,498;0,0121373
2,5;0,0133925
2,502;0,014642
2,504;0,0158824
2,506;0,0171104
2,508;0,0183227
2,51;0,019516
2,512;0,0206872
2,514;0,021833
2,516;0,0229504
2,518;0,0240364
2,52;0,0250881
2,522;0,0261025
2,524;0,0270769
2,526;0,0280088
2,528;0,0288954
2,53;0,0297345
2,532;0,0305237
2,534;0,0312608
2,536;0,0319439
2,538;0,0325709
2,54;0,0331402
2,542;0,0336502
2,544;0,0340994
2,546;0,0344865
2,548;0,0348105
2,55;0,0350704
2,552;0,0352654
2,554;0,0353949
2,556;0,0354585
2,558;0,0354559
2,56;0,035387
2,562;0,0352519
2,564;0,0350509
2,566;0,0347845
2,568;0,0344533
2,57;0,034058
2,572;0,0335997
2,574;0,0330794
2,576;0,0324985
2,578;0,0318585
2,58;0,0311609
2,582;0,0304076
2,584;0,0296005
2,586;0,0287416
2,588;0,0278333
2,59;0,0268778
2,592;0,0258776
2,594;0,0248354
2,596;0,0237539
2,598;0,0226358
2,6;0,0214842
2,602;0,020302
2,604;0,0190924
2,606;0,0178586
2,608;0,0166038
2,61;0,0153313
2,612;0,0140445
2,614;0,0127469
2,616;0,0114418
2,618;0,0101327
2,62;0,00882314
2,622;0,0075166
2,624;0,00621656
2,626;0,00492649
2,628;0,00364985
2,63;0,00239006
2,632;0,0011505
2,634;6,55006e-05
2,636;0,00125466
2,638;0,00241378
2,64;0,00353972
2,642;0,00462944
2,644;0,00567998
2,646;0,00668849
2,648;0,00765222
2,65;0,00856855
2,652;0,00943497
2,654;0,0102491
2,656;0,0110087
2,658;0,0117117
2,66;0,0123561
2,662;0,0129401
2,664;0,0134621
2,666;0,0139206
2,668;0,0143143
2,67;0,0146421
2,672;0,014903
2,674;0,0150963
2,676;0,0152212
2,678;0,0152774
2,68;0,0152647
2,682;0,015183
2,684;0,0150324
2,686;0,0148132
2,688;0,014526
2,69;0,0141713
2,692;0,0137501
2,694;0,0132634
2,696;0,0127124
2,698;0,0120984
2,7;0,0114231
2,702;0,0106882
2,704;0,00989544
2,706;0,009047
2,708;0,00814501
2,71;0,00719182
2,712;0,00618989
2,714;0,00514184
2,716;0,00405039
2,718;0,00291841
2,72;0,00174884
2,722;0,000544773
2,724;0,00069064
2,726;0,00195414
2,728;0,0032424
2,73;0,00455202
2,732;0,00587953
2,734;0,00722141
2,736;0,00857411
2,738;0,00993403
2,74;0,0112976
2,742;0,0126611
2,744;0,0140209
2,746;0,0153735
2,748;0,0167151
2,75;0,0180423
2,752;0,0193513
2,754;0,0206389
2,756;0,0219013
2,758;0,0231354
2,76;0,0243376
2,762;0,0255049
2,764;0,026634
2,766;0,0277218
2,768;0,0287655
2,77;0,0297621
2,772;0,030709
2,774;0,0316036
2,776;0,0324433
2,778;0,0332259
2,78;0,0339493
2,782;0,0346113
2,784;0,0352103
2,786;0,0357444
2,788;0,0362122
2,79;0,0366124
2,792;0,0369437
2,794;0,0372052
2,796;0,0373962
2,798;0,037516
2,8;0,0375641
2,802;0,0375405
2,804;0,037445
2,806;0,0372778
2,808;0,0370393
2,81;0,0367299
2,812;0,0363505
2,814;0,0359019
2,816;0,0353853
2,818;0,0348019
2,82;0,0341532
2,822;0,0334408
2,824;0,0326667
2,826;0,0318326
2,828;0,0309408
2,83;0,0299937
2,832;0,0289935
2,834;0,027943
2,836;0,0268449
2,838;0,025702
2,84;0,0245173
2,842;0,0232939
2,844;0,0220351
2,846;0,0207441
2,848;0,0194244
2,85;0,0180794
2,852;0,0167127
2,854;0,0153278
2,856;0,0139286
2,858;0,0125186
2,86;0,0111016
2,862;0,00968144
2,864;0,00826184
2,866;0,00684659
2,868;0,00543949
2,87;0,00404428
2,872;0,00266472
2,874;0,0013045
2,876;3,27344e-05
2,878;0,00134338
2,88;0,0026239
2,882;0,00387085
2,884;0,00508086
2,886;0,00625065
2,888;0,00737704
2,89;0,00845698
2,892;0,00948752
2,894;0,0104659
2,896;0,0113893
2,898;0,0122553
2,9;0,0130615
2,902;0,0138057
2,904;0,0144858
2,906;0,0150998
2,908;0,0156461
2,91;0,0161232
2,912;0,0165296
2,914;0,0168642
2,916;0,0171259
2,918;0,0173141
2,92;0,0174281
2,922;0,0174674
2,924;0,017432
2,926;0,0173217
2,928;0,0171368
2,93;0,0168777
2,932;0,0165449
2,934;0,0161393
2,936;0,0156618
2,938;0,0151137
2,94;0,0144962
2,942;0,0138109
2,944;0,0130597
2,946;0,0122443
2,948;0,0113669
2,95;0,0104297
2,952;0,00943522
2,954;0,00838593
2,956;0,0072846
2,958;0,00613409
2,96;0,0049374
2,962;0,00369767
2,964;0,00241814
2,966;0,00110217
2,968;0,000246772
2,97;0,00162514
2,972;0,0030293
2,974;0,00445554
2,976;0,00590008
2,978;0,0073591
2,98;0,00882873
2,982;0,0103051
2,984;0,0117841
2,986;0,0132621
2,988;0,0147349
2,99;0,0161987
2,992;0,0176495
2,994;0,0190834
2,996;0,0204967
2,998;0,0218855
3;0,0232461
3,002;0,0245747
3,004;0,0258679
3,006;0,0271221
3,008;0,028334
3,01;0,0295002
3,012;0,0306175
3,014;0,031683
3,016;0,0326937
3,018;0,0336469
3,02;0,0345399
3,022;0,0353702
3,024;0,0361357
3,026;0,036834
3,028;0,0374634
3,03;0,038022
3,032;0,0385082
3,034;0,0389207
3,036;0,0392582
3,038;0,0395197
3,04;0,0397045
3,042;0,039812
3,044;0,0398417
3,046;0,0397935
3,048;0,0396674
3,05;0,0394636
3,052;0,0391826
3,054;0,0388251
3,056;0,0383918
3,058;0,0378838
3,06;0,0373024
3,062;0,0366491
3,064;0,0359254
3,066;0,0351333
3,068;0,0342747
3,07;0,0333518
3,072;0,0323671
3,074;0,031323
3,076;0,0302223
3,078;0,0290678
3,08;0,0278625
3,082;0,0266096
3,084;0,0253124
3,086;0,0239742
3,088;0,0225986
3,09;0,0211891
3,092;0,0197496
3,094;0,0182838
3,096;0,0167955
3,098;0,0152888
3,1;0,0137675
3,102;0,0122358
3,104;0,0106978
3,106;0,00915739
3,108;0,00761883
3,11;0,00608618
3,112;0,00456354
3,114;0,00305499
3,116;0,00156456
3,118;9,62625e-05
3,12;0,00134597
3,122;0,00275825
3,124;0,00413678
3,126;0,00547782
3,128;0,00677777
3,13;0,00803308
3,132;0,00924037
3,134;0,0103963
3,136;0,0114978
3,138;0,0125419
3,14;0,0135256
3,142;0,0144462
3,144;0,0153013
3,146;0,0160884
3,148;0,0168054
3,15;0,0174502
3,152;0,0180211
3,154;0,0185164
3,156;0,0189347
3,158;0,0192748
3,16;0,0195357
3,162;0,0197165
3,164;0,0198167
3,166;0,0198359
3,168;0,0197739
3,17;0,0196309
3,172;0,019407
3,174;0,0191028
3,176;0,018719
3,178;0,0182564
3,18;0,0177163
3,182;0,0170999
3,184;0,0164088
3,186;0,0156448
3,188;0,0148097
3,19;0,0139058
3,192;0,0129352
3,194;0,0119006
3,196;0,0108046
3,198;0,00965005
3,2;0,00843993
3,202;0,00717741
3,204;0,00586578
3,206;0,00450847
3,208;0,00310905
3,21;0,00167118
3,212;0,000198659
3,214;0,00130464
3,216;0,00283475
3,218;0,00438762
3,22;0,00595915
3,222;0,00754517
3,224;0,00914146
3,226;0,0107438
3,228;0,0123479
3,23;0,0139495
3,232;0,0155443
3,234;0,0171281
3,236;0,0186966
3,238;0,0202456
3,24;0,021771
3,242;0,0232686
3,244;0,0247345
3,246;0,0261646
3,248;0,0275552
3,25;0,0289024
3,252;0,0302027
3,254;0,0314524
3,256;0,0326482
3,258;0,0337868
3,26;0,0348651
3,262;0,0358802
3,264;0,0368292
3,266;0,0377095
3,268;0,0385188
3,27;0,0392547
3,272;0,0399152
3,274;0,0404984
3,276;0,0410027
3,278;0,0414266
3,28;0,0417688
3,282;0,0420285
3,284;0,0422047
3,286;0,0422968
3,288;0,0423046
3,29;0,0422278
3,292;0,0420667
3,294;0,0418214
3,296;0,0414925
3,298;0,0410809
3,3;0,0405874
3,302;0,0400134
3,304;0,0393601
3,306;0,0386293
3,308;0,0378228
3,31;0,0369427
3,312;0,0359911
3,314;0,0349706
3,316;0,0338838
3,318;0,0327334
3,32;0,0315225
3,322;0,0302542
3,324;0,0289318
3,326;0,0275588
3,328;0,0261388
3,33;0,0246754
3,332;0,0231726
3,334;0,0216342
3,336;0,0200644
3,338;0,0184673
3,34;0,0168471
3,342;0,0152081
3,344;0,0135547
3,346;0,0118911
3,348;0,010222
3,35;0,00855158
3,352;0,00688446
3,354;0,00522505
3,356;0,00357777
3,358;0,00194704
3,36;0,000337229
3,362;0,00124735
3,364;0,00280242
3,366;0,00432381
3,368;0,00580742
3,37;0,00724923
3,372;0,00864535
3,374;0,009992
3,376;0,0112855
3,378;0,0125224
3,38;0,0136992
3,382;0,0148128
3,384;0,0158601
3,386;0,0168381
3,388;0,0177444
3,39;0,0185762
3,392;0,0193313
3,394;0,0200076
3,396;0,0206031
3,398;0,0211162
3,4;0,0215455
3,402;0,0218895
3,404;0,0221473
3,406;0,0223182
3,408;0,0224014
3,41;0,0223968
3,412;0,0223041
3,414;0,0221236
3,416;0,0218555
3,418;0,0215006
3,42;0,0210595
3,422;0,0205334
3,424;0,0199235
3,426;0,0192314
3,428;0,0184589
3,43;0,0176078
3,432;0,0166803
3,434;0,0156788
3,436;0,0146059
3,438;0,0134643
3,44;0,012257
3,442;0,0109872
3,444;0,00965803
3,446;0,00827308
3,448;0,00683593
3,45;0,00535036
3,452;0,00382025
3,454;0,00224963
3,456;0,000642631
3,458;0,000996507
3,46;0,00266346
3,462;0,00435381
3,464;0,00606309
3,466;0,00778677
3,468;0,00952027
3,47;0,011259
3,472;0,0129983
3,474;0,0147335
3,476;0,01646
3,478;0,0181732
3,48;0,0198686
3,482;0,0215415
3,484;0,0231874
3,486;0,024802
3,488;0,0263809
3,49;0,0279199
3,492;0,0294147
3,494;0,0308614
3,496;0,032256
3,498;0,0335947
3,5;0,0348739
3,502;0,0360901
3,504;0,0372399
3,506;0,0383203
3,508;0,0393282
3,51;0,0402609
3,512;0,0411157
3,514;0,0418903
3,516;0,0425825
3,518;0,0431904
3,52;0,0437122
3,522;0,0441464
3,524;0,0444917
3,526;0,0447471
3,528;0,0449119
3,53;0,0449854
3,532;0,0449673
3,534;0,0448575
3,536;0,0446563
3,538;0,044364
3,54;0,0439813
3,542;0,0435091
3,544;0,0429485
3,546;0,0423009
3,548;0,0415679
3,55;0,0407514
3,552;0,0398534
3,554;0,0388763
3,556;0,0378224
3,558;0,0366946
3,56;0,0354957
3,562;0,0342288
3,564;0,0328972
3,566;0,0315045
3,568;0,0300541
3,57;0,0285499
3,572;0,0269959
3,574;0,0253962
3,576;0,0237548
3,578;0,0220762
3,58;0,0203648
3,582;0,018625
3,584;0,0168616
3,586;0,0150791
3,588;0,0132823
3,59;0,011476
3,592;0,009665
3,594;0,00785407
3,596;0,00604806
3,598;0,0042518
3,6;0,00247009
3,602;0,000707703
3,604;0,00103064
3,606;0,00274026
3,608;0,00441658
3,61;0,00605506
3,612;0,0076513
3,614;0,00920098
3,616;0,0106999
3,618;0,012144
3,62;0,0135294
3,622;0,0148522
3,624;0,016109
3,626;0,0172961
3,628;0,0184104
3,63;0,0194489
3,632;0,0204086
3,634;0,0212868
3,636;0,0220812
3,638;0,0227894
3,64;0,0234096
3,642;0,0239399
3,644;0,0243787
3,646;0,0247249
3,648;0,0249772
3,65;0,0251351
3,652;0,0251978
3,654;0,0251651
3,656;0,0250371
3,658;0,0248137
3,66;0,0244957
3,662;0,0240836
3,664;0,0235784
3,666;0,0229814
3,668;0,0222941
3,67;0,0215181
3,672;0,0206553
3,674;0,0197081
3,676;0,0186788
3,678;0,01757
3,68;0,0163846
3,682;0,0151256
3,684;0,0137964
3,686;0,0124003
3,688;0,0109409
3,69;0,00942222
3,692;0,00784805
3,694;0,00622258
3,696;0,00455006
3,698;0,00283489
3,7;0,00108159
3,702;0,000705212
3,704;0,0025208
3,706;0,00436038
3,708;0,00621906
3,71;0,00809192
3,712;0,00997399
3,714;0,0118602
3,716;0,0137457
3,718;0,0156253
3,72;0,017494
3,722;0,0193468
3,724;0,0211788
3,726;0,022985
3,728;0,0247606
3,73;0,0265009
3,732;0,0282011
3,734;0,0298566
3,736;0,0314631
3,738;0,033016
3,74;0,0345113
3,742;0,0359448
3,744;0,0373126
3,746;0,0386111
3,748;0,0398366
3,75;0,0409858
3,752;0,0420555
3,754;0,0430427
3,756;0,0439448
3,758;0,0447592
3,76;0,0454837
3,762;0,046116
3,764;0,0466545
3,766;0,0470977
3,768;0,0474441
3,77;0,0476927
3,772;0,0478427
3,774;0,0478937
3,776;0,0478453
3,778;0,0476975
3,78;0,0474506
3,782;0,0471052
3,784;0,0466619
3,786;0,046122
3,788;0,0454865
3,79;0,0447573
3,792;0,043936
3,794;0,0430247
3,796;0,0420257
3,798;0,0409417
3,8;0,0397752
3,802;0,0385295
3,804;0,0372076
3,806;0,0358131
3,808;0,0343494
3,81;0,0328205
3,812;0,0312303
3,814;0,029583
3,816;0,0278829
3,818;0,0261345
3,82;0,0243423
3,822;0,0225111
3,824;0,0206457
3,826;0,0187511
3,828;0,0168322
3,83;0,0148942
3,832;0,0129421
3,834;0,0109812
3,836;0,00901672
3,838;0,00705383
3,84;0,0050978
3,842;0,00315386
3,844;0,00122719
3,846;0,00067703
3,848;0,0025537
3,85;0,00439778
3,852;0,00620431
3,854;0,00796841
3,856;0,00968534
3,858;0,0113504
3,86;0,0129592
3,862;0,0145073
3,864;0,0159905
3,866;0,0174047
3,868;0,0187461
3,87;0,020011
3,872;0,021196
3,874;0,0222977
3,876;0,0233132
3,878;0,0242395
3,88;0,0250742
3,882;0,0258148
3,884;0,0264593
3,886;0,0270058
3,888;0,0274528
3,89;0,0277988
3,892;0,0280429
3,894;0,0281843
3,896;0,0282224
3,898;0,028157
3,9;0,0279882
3,902;0,0277162
3,904;0,0273416
3,906;0,0268654
3,908;0,0262886
3,91;0,0256126
3,912;0,0248392
3,914;0,0239702
3,916;0,0230078
3,918;0,0219545
3,92;0,020813
3,922;0,0195862
3,924;0,0182772
3,926;0,0168895
3,928;0,0154266
3,93;0,0138923
3,932;0,0122906
3,934;0,0106257
3,936;0,00890205
3,938;0,00712403
3,94;0,00529635
3,942;0,00342384
3,944;0,00151141
3,946;0,000435887
3,948;0,0024129
3,95;0,0044144
3,952;0,00643508
3,954;0,00846957
3,956;0,0105125
3,958;0,0125584
3,96;0,0146018
3,962;0,0166372
3,964;0,0186594
3,966;0,0206627
3,968;0,0226419
3,97;0,0245916
3,972;0,0265066
3,974;0,0283818
3,976;0,0302121
3,978;0,0319926
3,98;0,0337184
3,982;0,0353848
3,984;0,0369874
3,986;0,0385218
3,988;0,0399839
3,99;0,0413695
3,992;0,0426749
3,994;0,0438965
3,996;0,0450311
3,998;0,0460753
4;0,0470263
4,002;0,0478815
4,004;0,0486384
4,006;0,0492949
4,008;0,0498491
4,01;0,0502994
4,012;0,0506445
4,014;0,0508833
4,016;0,0510149
4,018;0,051039
4,02;0,0509553
4,022;0,0507639
4,024;0,0504652
4,026;0,0500597
4,028;0,0495486
4,03;0,0489328
4,032;0,0482141
4,034;0,0473941
4,036;0,0464749
4,038;0,0454589
4,04;0,0443486
4,042;0,0431468
4,044;0,0418566
4,046;0,0404813
4,048;0,0390246
4,05;0,0374902
4,052;0,035882
4,054;0,0342042
4,056;0,0324613
4,058;0,0306578
4,06;0,0287985
4,062;0,0268881
4,064;0,0249318
4,066;0,0229346
4,068;0,0209019
4,07;0,0188391
4,072;0,0167515
4,074;0,0146448
4,076;0,0125245
4,078;0,0103963
4,08;0,00826579
4,082;0,00613868
4,084;0,00402064
4,086;0,00191735
4,088;0,00016558
4,09;0,00222256
4,092;0,00424807
4,094;0,00623667
4,096;0,008183
4,098;0,0100818
4,1;0,011928
4,102;0,0137166
4,104;0,0154426
4,106;0,0171016
4,108;0,0186888
4,11;0,0202
4,112;0,0216311
4,114;0,0229782
4,116;0,0242375
4,118;0,0254055
4,12;0,0264791
4,122;0,0274552
4,124;0,0283311
4,126;0,0291043
4,128;0,0297727
4,13;0,0303342
4,132;0,0307874
4,134;0,0311308
4,136;0,0313633
4,138;0,0314842
4,14;0,0314931
4,142;0,0313897
4,144;0,0311741
4,146;0,0308469
4,148;0,0304087
4,15;0,0298605
4,152;0,0292037
4,154;0,0284398
4,156;0,0275708
4,158;0,0265989
4,16;0,0255264
4,162;0,0243561
4,164;0,0230911
4,166;0,0217345
4,168;0,0202898
4,17;0,0187609
4,172;0,0171515
4,174;0,0154661
4,176;0,0137088
4,178;0,0118844
4,18;0,0099975
4,182;0,00805318
4,184;0,00605651
4,186;0,00401275
4,188;0,00192727
4,19;0,000194404
4,192;0,00234668
4,194;0,00452385
4,196;0,00672014
4,198;0,00892973
4,2;0,0111467
4,202;0,0133652
4,204;0,0155794
4,206;0,0177832
4,208;0,0199708
4,21;0,0221364
4,212;0,0242741
4,214;0,0263782
4,216;0,028443
4,218;0,030463
4,22;0,0324328
4,222;0,034347
4,224;0,0362005
4,226;0,0379882
4,228;0,0397052
4,23;0,0413469
4,232;0,0429089
4,234;0,0443868
4,236;0,0457765
4,238;0,0470744
4,24;0,0482767
4,242;0,0493802
4,244;0,0503818
4,246;0,0512786
4,248;0,0520681
4,25;0,0527482
4,252;0,0533168
4,254;0,0537722
4,256;0,0541131
4,258;0,0543385
4,26;0,0544476
4,262;0,0544399
4,264;0,0543153
4,266;0,0540739
4,268;0,0537164
4,27;0,0532434
4,272;0,0526561
4,274;0,0519558
4,276;0,0511444
4,278;0,0502238
4,28;0,0491963
4,282;0,0480645
4,284;0,0468313
4,286;0,0454999
4,288;0,0440737
4,29;0,0425563
4,292;0,0409517
4,294;0,039264
4,296;0,0374977
4,298;0,0356573
4,3;0,0337476
4,302;0,0317737
4,304;0,0297407
4,306;0,027654
4,308;0,0255191
4,31;0,0233415
4,312;0,021127
4,314;0,0188816
4,316;0,0166111
4,318;0,0143215
4,32;0,012019
4,322;0,00970968
4,324;0,00739965
4,326;0,00509509
4,328;0,00280216
4,33;0,000526977
4,332;0,00172436
4,334;0,00394581
4,336;0,00613142
4,338;0,00827531
4,34;0,0103717
4,342;0,012415
4,344;0,0143995
4,346;0,0163201
4,348;0,0181714
4,35;0,0199484
4,352;0,0216463
4,354;0,0232605
4,356;0,0247865
4,358;0,0262202
4,36;0,0275576
4,362;0,0287949
4,364;0,0299289
4,366;0,0309563
4,368;0,0318742
4,37;0,0326801
4,372;0,0333716
4,374;0,0339467
4,376;0,0344038
4,378;0,0347415
4,38;0,0349587
4,382;0,0350547
4,384;0,0350291
4,386;0,0348817
4,388;0,0346128
4,39;0,034223
4,392;0,0337131
4,394;0,0330844
4,396;0,0323383
4,398;0,0314767
4,4;0,0305017
4,402;0,0294158
4,404;0,0282217
4,406;0,0269225
4,408;0,0255215
4,41;0,0240223
4,412;0,0224287
4,414;0,0207449
4,416;0,0189753
4,418;0,0171244
4,42;0,0151971
4,422;0,0131984
4,424;0,0111336
4,426;0,00900804
4,428;0,00682735
4,43;0,00459726
4,432;0,00232365
4,434;1,253e-05
4,436;0,00232999
4,438;0,0046977
4,44;0,00708433
4,442;0,00948353
4,444;0,0118889
4,446;0,0142941
4,448;0,0166927
4,45;0,0190782
4,452;0,0214443
4,454;0,0237847
4,456;0,026093
4,458;0,0283632
4,46;0,030589
4,462;0,0327645
4,464;0,0348838
4,466;0,0369411
4,468;0,038931
4,47;0,0408481
4,472;0,042687
4,474;0,0444429
4,476;0,0461108
4,478;0,0476863
4,48;0,049165
4,482;0,0505429
4,484;0,0518161
4,486;0,0529811
4,488;0,0540347
4,49;0,0549739
4,492;0,055796
4,494;0,0564987
4,496;0,0570799
4,498;0,057538
4,5;0,0578716
4,502;0,0580796
4,504;0,0581612
4,506;0,0581161
4,508;0,0579443
4,51;0,0576461
4,512;0,057222
4,514;0,056673
4,516;0,0560004
4,518;0,0552059
4,52;0,0542914
4,522;0,0532592
4,524;0,0521119
4,526;0,0508524
4,528;0,0494839
4,53;0,0480098
4,532;0,0464341
4,534;0,0447607
4,536;0,042994
4,538;0,0411386
4,54;0,0391993
4,542;0,0371812
4,544;0,0350895
4,546;0,0329297
4,548;0,0307075
4,55;0,0284288
4,552;0,0260995
4,554;0,0237258
4,556;0,0213139
4,558;0,0188703
4,56;0,0164013
4,562;0,0139136
4,564;0,0114138
4,566;0,00890851
4,568;0,0064044
4,57;0,00390815
4,572;0,00142643
4,574;0,00103411
4,576;0,00346689
4,578;0,00586539
4,58;0,00822316
4,582;0,0105339
4,584;0,0127913
4,586;0,0149893
4,588;0,017122
4,59;0,0191836
4,592;0,0211685
4,594;0,0230713
4,596;0,0248869
4,598;0,0266102
4,6;0,0282365
4,602;0,0297615
4,604;0,0311809
4,606;0,0324907
4,608;0,0336873
4,61;0,0347674
4,612;0,0357279
4,614;0,0365662
4,616;0,0372798
4,618;0,0378666
4,62;0,038325
4,622;0,0386535
4,624;0,0388511
4,626;0,038917
4,628;0,038851
4,63;0,038653
4,632;0,0383234
4,634;0,0378628
4,636;0,0372724
4,638;0,0365535
4,64;0,0357079
4,642;0,0347377
4,644;0,0336453
4,646;0,0324334
4,648;0,0311051
4,65;0,0296638
4,652;0,0281132
4,654;0,0264573
4,656;0,0247003
4,658;0,0228468
4,66;0,0209017
4,662;0,0188699
4,664;0,0167569
4,666;0,014568
4,668;0,0123091
4,67;0,00998607
4,672;0,00760503
4,674;0,00517225
4,676;0,00269416
4,678;0,000177284
4,68;0,0023717
4,682;0,00494604
4,684;0,00753891
4,686;0,0101434
4,688;0,0127526
4,69;0,0153596
4,692;0,0179574
4,694;0,020539
4,696;0,0230976
4,698;0,0256263
4,7;0,0281183
4,702;0,0305669
4,704;0,0329656
4,706;0,0353079
4,708;0,0375874
4,71;0,039798
4,712;0,0419337
4,714;0,0439887
4,716;0,0459574
4,718;0,0478345
4,72;0,0496148
4,722;0,0512934
4,724;0,0528658
4,726;0,0543276
4,728;0,0556748
4,73;0,0569036
4,732;0,0580105
4,734;0,0589926
4,736;0,0598469
4,738;0,060571
4,74;0,0611629
4,742;0,0616207
4,744;0,0619431
4,746;0,0621291
4,748;0,0621779
4,75;0,0620892
4,752;0,0618631
4,754;0,0615001
4,756;0,0610008
4,758;0,0603665
4,76;0,0595987
4,762;0,0586992
4,764;0,0576702
4,766;0,0565144
4,768;0,0552346
4,77;0,0538341
4,772;0,0523164
4,774;0,0506856
4,776;0,0489456
4,778;0,0471011
4,78;0,0451568
4,782;0,0431178
4,784;0,0409894
4,786;0,0387771
4,788;0,0364867
4,79;0,0341243
4,792;0,031696
4,794;0,0292083
4,796;0,0266676
4,798;0,0240807
4,8;0,0214544
4,802;0,0187957
4,804;0,0161116
4,806;0,0134092
4,808;0,0106958
4,81;0,00797851
4,812;0,00526461
4,814;0,00256134
4,816;0,000124086
4,818;0,00278447
4,82;0,0054127
4,822;0,00800171
4,824;0,0105446
4,826;0,0130344
4,828;0,0154645
4,83;0,0178283
4,832;0,0201195
4,834;0,0223317
4,836;0,0244591
4,838;0,0264958
4,84;0,0284363
4,842;0,0302753
4,844;0,0320077
4,846;0,0336287
4,848;0,035134
4,85;0,0365193
4,852;0,0377808
4,854;0,0389149
4,856;0,0399185
4,858;0,0407887
4,86;0,0415229
4,862;0,0421192
4,864;0,0425756
4,866;0,0428909
4,868;0,0430639
4,87;0,043094
4,872;0,0429809
4,874;0,0427248
4,876;0,0423262
4,878;0,0417858
4,88;0,041105
4,882;0,0402855
4,884;0,0393291
4,886;0,0382382
4,888;0,0370157
4,89;0,0356645
4,892;0,0341882
4,894;0,0325904
4,896;0,0308753
4,898;0,0290473
4,9;0,0271111
4,902;0,0250718
4,904;0,0229346
4,906;0,0207051
4,908;0,0183891
4,91;0,0159928
4,912;0,0135222
4,914;0,0109841
4,916;0,00838501
4,918;0,0057318
4,92;0,00303148
4,922;0,000291191
4,924;0,00248181
4,926;0,00528017
4,928;0,00809647
4,93;0,0109232
4,932;0,0137529
4,934;0,0165779
4,936;0,0193908
4,938;0,0221841
4,94;0,0249501
4,942;0,0276817
4,944;0,0303713
4,946;0,0330118
4,948;0,0355961
4,95;0,0381171
4,952;0,0405682
4,954;0,0429427
4,956;0,0452341
4,958;0,0474362
4,96;0,049543
4,962;0,0515488
4,964;0,0534481
4,966;0,0552357
4,968;0,0569067
4,97;0,0584564
4,972;0,0598806
4,974;0,0611753
4,976;0,0623369
4,978;0,063362
4,98;0,0642479
4,982;0,0649919
4,984;0,0655918
4,986;0,066046
4,988;0,0663529
4,99;0,0665115
4,992;0,0665213
4,994;0,066382
4,996;0,0660938
4,998;0,0656572
5;0,0650732
5,002;0,0643432
5,004;0,063469
5,006;0,0624526
5,008;0,0612966
5,01;0,0600039
5,012;0,0585777
5,014;0,0570217
5,016;0,0553399
5,018;0,0535365
5,02;0,0516163
5,022;0,0495841
5,024;0,0474453
5,026;0,0452054
5,028;0,0428702
5,03;0,0404459
5,032;0,0379388
5,034;0,0353554
5,036;0,0327027
5,038;0,0299874
5,04;0,0272169
5,042;0,0243983
5,044;0,0215393
5,046;0,0186472
5,048;0,0157299
5,05;0,012795
5,052;0,00985037
5,054;0,00690383
5,056;0,00396323
5,058;0,00103642
5,06;0,00186876
5,062;0,00474456
5,064;0,00758325
5,066;0,0103772
5,068;0,013119
5,07;0,0158011
5,072;0,0184164
5,074;0,0209577
5,076;0,0234183
5,078;0,0257915
5,08;0,0280707
5,082;0,0302498
5,084;0,0323229
5,086;0,0342843
5,088;0,0361286
5,09;0,0378507
5,092;0,0394459
5,094;0,0409098
5,096;0,0422382
5,098;0,0434275
5,1;0,0444742
5,102;0,0453755
5,104;0,0461287
5,106;0,0467316
5,108;0,0471824
5,11;0,0474797
5,112;0,0476225
5,114;0,0476103
5,116;0,0474427
5,118;0,0471202
5,12;0,0466432
5,122;0,046013
5,124;0,0452309
5,126;0,0442989
5,128;0,0432193
5,13;0,0419946
5,132;0,0406281
5,134;0,0391231
5,136;0,0374835
5,138;0,0357135
5,14;0,0338176
5,142;0,0318007
5,144;0,029668
5,146;0,0274251
5,148;0,0250777
5,15;0,0226321
5,152;0,0200946
5,154;0,0174718
5,156;0,0147707
5,158;0,0119983
5,16;0,0091619
5,162;0,00626901
5,164;0,00332726
5,166;0,000344432
5,168;0,00267158
5,17;0,00571276
5,172;0,00877106
5,174;0,0118383
5,176;0,0149064
5,178;0,0179671
5,18;0,0210122
5,182;0,0240337
5,184;0,0270234
5,186;0,0299733
5,188;0,0328755
5,19;0,0357221
5,192;0,0385056
5,194;0,0412184
5,196;0,0438532
5,198;0,0464028
5,2;0,0488604
5,202;0,0512193
5,204;0,053473
5,206;0,0556154
5,208;0,0576406
5,21;0,0595431
5,212;0,0613176
5,214;0,0629593
5,216;0,0644636
5,218;0,0658262
5,22;0,0670434
5,222;0,0681118
5,224;0,0690282
5,226;0,06979
5,228;0,0703951
5,23;0,0708415
5,232;0,0711278
5,234;0,0712532
5,236;0,071217
5,238;0,0710192
5,24;0,0706599
5,242;0,0701401
5,244;0,0694608
5,246;0,0686236
5,248;0,0676306
5,25;0,0664843
5,252;0,0651874
5,254;0,0637432
5,256;0,0621554
5,258;0,060428
5,26;0,0585655
5,262;0,0565726
5,264;0,0544544
5,266;0,0522165
5,268;0,0498647
5,27;0,047405
5,272;0,0448439
5,274;0,0421881
5,276;0,0394446
5,278;0,0366205
5,28;0,0337232
5,282;0,0307605
5,284;0,02774
5,286;0,0246698
5,288;0,0215581
5,29;0,018413
5,292;0,0152429
5,294;0,0120561
5,296;0,00886132
5,298;0,00566689
5,3;0,00248137
5,302;0,000686733
5,304;0,00382894
5,306;0,00693684
5,308;0,0100021
5,31;0,0130165
5,312;0,0159719
5,314;0,0188604
5,316;0,0216742
5,318;0,0244056
5,32;0,0270473
5,322;0,0295921
5,324;0,0320331
5,326;0,0343637
5,328;0,0365774
5,33;0,0386683
5,332;0,0406305
5,334;0,0424588
5,336;0,044148
5,338;0,0456934
5,34;0,0470907
5,342;0,0483361
5,344;0,0494259
5,346;0,0503571
5,348;0,051127
5,35;0,0517332
5,352;0,0521741
5,354;0,0524481
5,356;0,0525543
5,358;0,0524922
5,36;0,0522618
5,362;0,0518635
5,364;0,051298
5,366;0,0505667
5,368;0,0496713
5,37;0,0486139
5,372;0,0473972
5,374;0,0460243
5,376;0,0444984
5,378;0,0428236
5,38;0,0410041
5,382;0,0390445
5,384;0,0369499
5,386;0,0347257
5,388;0,0323777
5,39;0,0299119
5,392;0,0273347
5,394;0,0246529
5,396;0,0218736
5,398;0,0190039
5,4;0,0160514
5,402;0,0130239
5,404;0,0099294
5,406;0,00677597
5,408;0,00357198
5,41;0,000325904
5,412;0,00295365
5,414;0,00625799
5,416;0,00957832
5,418;0,0129058
5,42;0,0162316
5,422;0,0195469
5,424;0,0228427
5,426;0,0261103
5,428;0,0293409
5,43;0,0325259
5,432;0,0356566
5,434;0,0387247
5,436;0,041722
5,438;0,0446402
5,44;0,0474716
5,442;0,0502085
5,444;0,0528434
5,446;0,0553691
5,448;0,0577789
5,45;0,0600661
5,452;0,0622245
5,454;0,0642481
5,456;0,0661313
5,458;0,067869
5,46;0,0694563
5,462;0,0708888
5,464;0,0721625
5,466;0,0732737
5,468;0,0742192
5,47;0,0749964
5,472;0,075603
5,474;0,076037
5,476;0,0762971
5,478;0,0763824
5,48;0,0762924
5,482;0,0760271
5,484;0,075587
5,486;0,074973
5,488;0,0741866
5,49;0,0732295
5,492;0,0721042
5,494;0,0708135
5,496;0,0693604
5,498;0,0677487
5,5;0,0659825
5,502;0,0640663
5,504;0,062005
5,506;0,0598038
5,508;0,0574685
5,51;0,0550052
5,512;0,0524201
5,514;0,0497201
5,516;0,0469122
5,518;0,0440038
5,52;0,0410024
5,522;0,037916
5,524;0,0347526
5,526;0,0315206
5,528;0,0282285
5,53;0,0248851
5,532;0,0214991
5,534;0,0180795
5,536;0,0146355
5,538;0,0111761
5,54;0,00771062
5,542;0,00424822
5,544;0,000798155
5,546;0,00263035
5,548;0,00602813
5,55;0,00938608
5,552;0,0126952
5,554;0,0159466
5,556;0,0191315
5,558;0,0222413
5,56;0,0252678
5,562;0,0282025
5,564;0,0310377
5,566;0,0337657
5,568;0,0363789
5,57;0,0388703
5,572;0,0412332
5,574;0,0434609
5,576;0,0455474
5,578;0,047487
5,58;0,0492742
5,582;0,0509041
5,584;0,0523722
5,586;0,0536743
5,588;0,0548067
5,59;0,0557662
5,592;0,0565499
5,594;0,0571556
5,596;0,0575815
5,598;0,057826
5,6;0,0578884
5,602;0,0577683
5,604;0,0574656
5,606;0,056981
5,608;0,0563156
5,61;0,0554708
5,612;0,0544486
5,614;0,0532516
5,616;0,0518827
5,618;0,0503454
5,62;0,0486435
5,622;0,0467813
5,624;0,0447636
5,626;0,0425955
5,628;0,0402827
5,63;0,0378311
5,632;0,035247
5,634;0,0325373
5,636;0,0297088
5,638;0,0267691
5,64;0,0237258
5,642;0,0205869
5,644;0,0173607
5,646;0,0140555
5,648;0,0106802
5,65;0,00724358
5,652;0,0037548
5,654;0,000223074
5,656;0,00334224
5,658;0,00693168
5,66;0,0105357
5,662;0,0141447
5,664;0,0177491
5,666;0,0213393
5,668;0,0249056
5,67;0,0284385
5,672;0,0319287
5,674;0,0353666
5,676;0,038743
5,678;0,0420489
5,68;0,0452754
5,682;0,0484138
5,684;0,0514555
5,686;0,0543923
5,688;0,0572163
5,69;0,0599198
5,692;0,0624953
5,694;0,0649359
5,696;0,067235
5,698;0,069386
5,7;0,0713832
5,702;0,073221
5,704;0,0748942
5,706;0,0763983
5,708;0,0777289
5,71;0,0788823
5,712;0,0798551
5,714;0,0806446
5,716;0,0812484
5,718;0,0816646
5,72;0,0818919
5,722;0,0819294
5,724;0,0817767
5,726;0,0814341
5,728;0,0809021
5,73;0,0801819
5,732;0,0792753
5,734;0,0781843
5,736;0,0769117
5,738;0,0754606
5,74;0,0738346
5,742;0,0720378
5,744;0,0700748
5,746;0,0679506
5,748;0,0656706
5,75;0,0632408
5,752;0,0606673
5,754;0,057957
5,756;0,0551168
5,758;0,052154
5,76;0,0490766
5,762;0,0458924
5,764;0,0426099
5,766;0,0392377
5,768;0,0357847
5,77;0,0322599
5,772;0,0286726
5,774;0,0250324
5,776;0,0213489
5,778;0,0176318
5,78;0,0138911
5,782;0,0101365
5,784;0,00637826
5,786;0,00262626
5,788;0,00110947
5,79;0,00481894
5,792;0,00849222
5,794;0,0121195
5,796;0,0156909
5,798;0,0191971
5,8;0,0226284
5,802;0,0259756
5,804;0,0292298
5,806;0,0323821
5,808;0,0354239
5,81;0,0383471
5,812;0,0411436
5,814;0,0438058
5,816;0,0463265
5,818;0,0486987
5,82;0,050916
5,822;0,0529721
5,824;0,0548614
5,826;0,0565787
5,828;0,0581191
5,83;0,0594783
5,832;0,0606524
5,834;0,0616381
5,836;0,0624324
5,838;0,063033
5,84;0,063438
5,842;0,0636461
5,844;0,0636565
5,846;0,0634689
5,848;0,0630834
5,85;0,062501
5,852;0,0617228
5,854;0,0607507
5,856;0,0595871
5,858;0,0582347
5,86;0,0566969
5,862;0,0549776
5,864;0,0530811
5,866;0,0510122
5,868;0,0487763
5,87;0,046379
5,872;0,0438266
5,874;0,0411256
5,876;0,0382831
5,878;0,0353064
5,88;0,0322033
5,882;0,0289819
5,884;0,0256506
5,886;0,0222182
5,888;0,0186937
5,89;0,0150864
5,892;0,0114057
5,894;0,00766143
5,896;0,00386345
5,898;2,18254e-05
5,9;0,00385326
5,902;0,00775153
5,904;0,0116626
5,906;0,0155761
5,908;0,0194815
5,91;0,0233685
5,912;0,0272266
5,914;0,0310456
5,916;0,0348151
5,918;0,0385252
5,92;0,0421657
5,922;0,0457269
5,924;0,0491992
5,926;0,0525732
5,928;0,0558398
5,93;0,0589901
5,932;0,0620157
5,934;0,0649081
5,936;0,0676596
5,938;0,0702627
5,94;0,0727101
5,942;0,0749952
5,944;0,0771116
5,946;0,0790535
5,948;0,0808155
5,95;0,0823926
5,952;0,0837803
5,954;0,0849748
5,956;0,0859726
5,958;0,0867707
5,96;0,0873668
5,962;0,087759
5,964;0,0879459
5,966;0,0879269
5,968;0,0877017
5,97;0,0872705
5,972;0,0866344
5,974;0,0857947
5,976;0,0847533
5,978;0,0835129
5,98;0,0820763
5,982;0,0804473
5,984;0,0786298
5,986;0,0766286
5,988;0,0744486
5,99;0,0720954
5,992;0,0695752
5,994;0,0668943
5,996;0,0640598
5,998;0,0610789
6;0,0579595
6,002;0,0547096
6,004;0,0513378
6,006;0,0478529
6,008;0,044264
6,01;0,0405806
6,012;0,0368123
6,014;0,0329692
6,016;0,0290612
6,018;0,0250989
6,02;0,0210926
6,022;0,017053
6,024;0,0129909
6,026;0,00891693
6,028;0,00484206
6,03;0,00077714
6,032;0,00326699
6,034;0,00727952
6,036;0,0112497
6,038;0,0151669
6,04;0,0190206
6,042;0,0228004
6,044;0,0264962
6,046;0,0300979
6,048;0,0335959
6,05;0,0369807
6,052;0,0402432
6,054;0,0433743
6,056;0,0463657
6,058;0,0492092
6,06;0,0518969
6,062;0,0544216
6,064;0,0567762
6,066;0,0589542
6,068;0,0609497
6,07;0,062757
6,072;0,0643711
6,074;0,0657874
6,076;0,0670019
6,078;0,068011
6,08;0,0688118
6,082;0,0694019
6,084;0,0697795
6,086;0,0699432
6,088;0,0698923
6,09;0,0696266
6,092;0,0691467
6,094;0,0684534
6,096;0,0675484
6,098;0,0664338
6,1;0,0651123
6,102;0,063587
6,104;0,0618619
6,106;0,0599413
6,108;0,0578299
6,11;0,0555332
6,112;0,0530571
6,114;0,050408
6,116;0,0475926
6,118;0,0446182
6,12;0,0414926
6,122;0,0382239
6,124;0,0348207
6,126;0,0312917
6,128;0,0276463
6,13;0,0238941
6,132;0,0200449
6,134;0,0161087
6,136;0,0120961
6,138;0,00801763
6,14;0,00388403
6,142;0,000293724
6,144;0,00450455
6,146;0,00873726
6,148;0,0129806
6,15;0,0172233
6,152;0,0214539
6,154;0,0256613
6,156;0,0298342
6,158;0,0339613
6,16;0,0380317
6,162;0,0420344
6,164;0,0459586
6,166;0,0497937
6,168;0,0535295
6,17;0,0571558
6,172;0,0606628
6,174;0,064041
6,176;0,0672812
6,178;0,0703746
6,18;0,0733127
6,182;0,0760875
6,184;0,0786914
6,186;0,0811173
6,188;0,0833583
6,19;0,0854083
6,192;0,0872616
6,194;0,0889129
6,196;0,0903576
6,198;0,0915916
6,2;0,0926113
6,202;0,0934136
6,204;0,0939962
6,206;0,0943572
6,208;0,0944954
6,21;0,09441
6,212;0,094101
6,214;0,093569
6,216;0,092815
6,218;0,0918409
6,22;0,0906487
6,222;0,0892416
6,224;0,0876229
6,226;0,0857966
6,228;0,0837674
6,23;0,0815404
6,232;0,0791213
6,234;0,0765162
6,236;0,0737319
6,238;0,0707756
6,24;0,0676548
6,242;0,0643778
6,244;0,060953
6,246;0,0573894
6,248;0,0536963
6,25;0,0498834
6,252;0,0459606
6,254;0,0419384
6,256;0,0378272
6,258;0,0336379
6,26;0,0293817
6,262;0,0250697
6,264;0,0207134
6,266;0,0163243
6,268;0,0119141
6,27;0,00749456
6,272;0,00307743
6,274;0,00132552
6,276;0,00570252
6,278;0,0100419
6,28;0,0143319
6,282;0,0185612
6,284;0,0227184
6,286;0,0267922
6,288;0,0307717
6,29;0,0346462
6,292;0,0384052
6,294;0,0420384
6,296;0,0455362
6,298;0,0488889
6,3;0,0520874
6,302;0,055123
6,304;0,0579874
6,306;0,0606726
6,308;0,0631714
6,31;0,0654767
6,312;0,0675823
6,314;0,0694821
6,316;0,0711709
6,318;0,0726439
6,32;0,0738969
6,322;0,0749261
6,324;0,0757287
6,326;0,0763021
6,328;0,0766445
6,33;0,0767547
6,332;0,0766321
6,334;0,0762767
6,336;0,0756891
6,338;0,0748706
6,34;0,0738231
6,342;0,0725491
6,344;0,0710515
6,346;0,0693343
6,348;0,0674016
6,35;0,0652582
6,352;0,0629098
6,354;0,0603621
6,356;0,0576218
6,358;0,0546959
6,36;0,0515919
6,362;0,048318
6,364;0,0448826
6,366;0,0412946
6,368;0,0375634
6,37;0,0336988
6,372;0,0297109
6,374;0,0256101
6,376;0,0214073
6,378;0,0171136
6,38;0,0127402
6,382;0,00829867
6,384;0,00380084
6,386;0,00074141
6,388;0,00531602
6,39;0,00991084
6,392;0,0145136
6,394;0,0191122
6,396;0,0236941
6,398;0,0282473
6,4;0,0327595
6,402;0,0372187
6,404;0,0416128
6,406;0,0459301
6,408;0,050159
6,41;0,054288
6,412;0,0583061
6,414;0,0622023
6,416;0,0659661
6,418;0,0695873
6,42;0,0730561
6,422;0,0763629
6,424;0,0794988
6,426;0,0824552
6,428;0,0852239
6,43;0,0877974
6,432;0,0901684
6,434;0,0923304
6,436;0,0942774
6,438;0,0960038
6,44;0,0975049
6,442;0,0987762
6,444;0,099814
6,446;0,100615
6,448;0,101178
6,45;0,101499
6,452;0,101579
6,454;0,101416
6,456;0,101011
6,458;0,100364
6,46;0,0994774
6,462;0,0983522
6,464;0,0969915
6,466;0,0953987
6,468;0,0935776
6,47;0,0915328
6,472;0,0892696
6,474;0,0867935
6,476;0,0841109
6,478;0,0812288
6,48;0,0781545
6,482;0,074896
6,484;0,0714617
6,486;0,0678605
6,488;0,0641018
6,49;0,0601955
6,492;0,0561518
6,494;0,0519812
6,496;0,0476947
6,498;0,0433035
6,5;0,0388194
6,502;0,034254
6,504;0,0296195
6,506;0,0249281
6,508;0,0201922
6,51;0,0154245
6,512;0,0106376
6,514;0,00584419
6,516;0,00105711
6,518;0,0037109
6,52;0,00844708
6,522;0,0131388
6,524;0,0177734
6,526;0,0223385
6,528;0,0268219
6,53;0,0312114
6,532;0,0354952
6,534;0,0396619
6,536;0,0437
6,538;0,0475987
6,54;0,0513474
6,542;0,0549359
6,544;0,0583544
6,546;0,0615935
6,548;0,0646444
6,55;0,0674988
6,552;0,0701486
6,554;0,0725867
6,556;0,0748061
6,558;0,0768007
6,56;0,0785649
6,562;0,0800937
6,564;0,0813826
6,566;0,082428
6,568;0,0832266
6,57;0,0837761
6,572;0,0840747
6,574;0,0841211
6,576;0,0839151
6,578;0,0834566
6,58;0,0827468
6,582;0,081787
6,584;0,0805796
6,586;0,0791274
6,588;0,077434
6,59;0,0755035
6,592;0,0733409
6,594;0,0709515
6,596;0,0683414
6,598;0,0655173
6,6;0,0624865
6,602;0,0592567
6,604;0,0558363
6,606;0,0522341
6,608;0,0484596
6,61;0,0445225
6,612;0,0404332
6,614;0,0362023
6,616;0,031841
6,618;0,0273606
6,62;0,022773
6,622;0,0180903
6,624;0,0133248
6,626;0,0084892
6,628;0,00359618
6,63;0,00134124
6,632;0,00630995
6,634;0,0112967
6,636;0,0162883
6,638;0,0212714
6,64;0,0262327
6,642;0,031159
6,644;0,036037
6,646;0,0408537
6,648;0,0455962
6,65;0,0502517
6,652;0,0548077
6,654;0,0592518
6,656;0,0635722
6,658;0,0677571
6,66;0,0717952
6,662;0,0756755
6,664;0,0793874
6,666;0,0829209
6,668;0,0862663
6,67;0,0894143
6,672;0,0923564
6,674;0,0950845
6,676;0,0975909
6,678;0,0998686
6,68;0,101911
6,682;0,103713
6,684;0,10527
6,686;0,106575
6,688;0,107627
6,69;0,108421
6,692;0,108956
6,694;0,109229
6,696;0,109239
6,698;0,108986
6,7;0,108471
6,702;0,107694
6,704;0,106657
6,706;0,105363
6,708;0,103814
6,71;0,102014
6,712;0,0999685
6,714;0,0976818
6,716;0,0951599
6,718;0,0924091
6,72;0,0894366
6,722;0,0862498
6,724;0,0828571
6,726;0,0792672
6,728;0,0754894
6,73;0,0715335
6,732;0,06741
6,734;0,0631294
6,736;0,0587031
6,738;0,0541426
6,74;0,0494599
6,742;0,0446674
6,744;0,0397776
6,746;0,0348036
6,748;0,0297584
6,75;0,0246554
6,752;0,0195081
6,754;0,0143302
6,756;0,00913551
6,758;0,0039378
6,76;0,00124906
6,762;0,00641121
6,764;0,0115349
6,766;0,0166063
6,768;0,021612
6,77;0,0265384
6,772;0,0313723
6,774;0,0361007
6,776;0,0407109
6,778;0,0451903
6,78;0,049527
6,782;0,0537091
6,784;0,0577252
6,786;0,0615645
6,788;0,0652164
6,79;0,068671
6,792;0,0719189
6,794;0,0749509
6,796;0,0777589
6,798;0,080335
6,8;0,082672
6,802;0,0847633
6,804;0,0866032
6,806;0,0881862
6,808;0,089508
6,81;0,0905645
6,812;0,0913526
6,814;0,0918699
6,816;0,0921146
6,818;0,0920857
6,82;0,091783
6,822;0,0912068
6,824;0,0903583
6,826;0,0892394
6,828;0,0878528
6,83;0,0862018
6,832;0,0842905
6,834;0,0821235
6,836;0,0797064
6,838;0,0770452
6,84;0,0741467
6,842;0,0710183
6,844;0,0676681
6,846;0,0641047
6,848;0,0603373
6,85;0,0563758
6,852;0,0522303
6,854;0,0479117
6,856;0,0434313
6,858;0,0388009
6,86;0,0340325
6,862;0,0291387
6,864;0,0241324
6,866;0,0190268
6,868;0,0138354
6,87;0,00857182
6,872;0,00325012
6,874;0,00211562
6,876;0,00751116
6,878;0,0129222
6,88;0,0183342
6,882;0,0237328
6,884;0,0291037
6,886;0,0344323
6,888;0,0397046
6,89;0,0449062
6,892;0,0500234
6,894;0,0550422
6,896;0,0599493
6,898;0,0647313
6,9;0,0693754
6,902;0,0738689
6,904;0,0781997
6,906;0,0823561
6,908;0,0863266
6,91;0,0901006
6,912;0,0936675
6,914;0,0970178
6,916;0,100142
6,918;0,103032
6,92;0,105679
6,922;0,108076
6,924;0,110216
6,926;0,112094
6,928;0,113703
6,93;0,11504
6,932;0,1161
6,934;0,11688
6,936;0,117378
6,938;0,117591
6,94;0,11752
6,942;0,117163
6,944;0,116522
6,946;0,115598
6,948;0,114392
6,95;0,112908
6,952;0,111149
6,954;0,10912
6,956;0,106825
6,958;0,104271
6,96;0,101463
6,962;0,0984097
6,964;0,095118
6,966;0,0915964
6,968;0,0878543
6,97;0,0839011
6,972;0,0797472
6,974;0,0754034
6,976;0,070881
6,978;0,0661918
6,98;0,0613482
6,982;0,0563628
6,984;0,0512487
6,986;0,0460195
6,988;0,0406888
6,99;0,0352708
6,992;0,0297798
6,994;0,0242304
6,996;0,0186372
6,998;0,0130152
7;0,0073792
7,002;0,00174433
7,004;0,00387442
7,006;0,00946205
7,008;0,0150036
7,01;0,0204843
7,012;0,0258893
7,014;0,0312043
7,016;0,0364148
7,018;0,0415069
7,02;0,0464668
7,022;0,0512811
7,024;0,0559368
7,026;0,0604213
7,028;0,0647223
7,03;0,0688282
7,032;0,0727278
7,034;0,0764103
7,036;0,0798657
7,038;0,0830844
7,04;0,0860576
7,042;0,088777
7,044;0,0912349
7,046;0,0934246
7,048;0,0953398
7,05;0,096975
7,052;0,0983255
7,054;0,0993873
7,056;0,100157
7,058;0,100633
7,06;0,100812
7,062;0,100695
7,064;0,100281
7,066;0,0995703
7,068;0,098565
7,07;0,0972673
7,072;0,0956802
7,074;0,0938075
7,076;0,0916539
7,078;0,0892247
7,08;0,0865261
7,082;0,0835648
7,084;0,0803485
7,086;0,0768853
7,088;0,0731842
7,09;0,0692548
7,092;0,0651071
7,094;0,060752
7,096;0,0562008
7,098;0,0514654
7,1;0,0465581
7,102;0,0414919
7,104;0,0362799
7,106;0,030936
7,108;0,0254742
7,11;0,0199089
7,112;0,0142548
7,114;0,00852688
7,116;0,00274027
7,118;0,00308963
7,12;0,00894736
7,122;0,0148173
7,124;0,0206839
7,126;0,0265314
7,128;0,0323442
7,13;0,0381069
7,132;0,0438038
7,134;0,0494199
7,136;0,0549399
7,138;0,0603491
7,14;0,0656328
7,142;0,0707768
7,144;0,0757673
7,146;0,0805906
7,148;0,0852338
7,15;0,0896841
7,152;0,0939295
7,154;0,0979583
7,156;0,10176
7,158;0,105323
7,16;0,108638
7,162;0,111697
7,164;0,11449
7,166;0,117009
7,168;0,119249
7,17;0,121201
7,172;0,122862
7,174;0,124225
7,176;0,125287
7,178;0,126044
7,18;0,126495
7,182;0,126637
7,184;0,12647
7,186;0,125994
7,188;0,12521
7,19;0,124119
7,192;0,122723
7,194;0,121027
7,196;0,119034
7,198;0,11675
7,2;0,114179
7,202;0,111329
7,204;0,108206
7,206;0,104819
7,208;0,101176
7,21;0,0972866
7,212;0,093161
7,214;0,0888097
7,216;0,0842441
7,218;0,079476
7,22;0,074518
7,222;0,0693829
7,224;0,0640842
7,226;0,0586358
7,228;0,0530521
7,23;0,0473478
7,232;0,0415379
7,234;0,0356377
7,236;0,0296629
7,238;0,0236294
7,24;0,0175531
7,242;0,0114501
7,244;0,00533679
7,246;0,00077064
7,248;0,00685588
7,25;0,0129027
7,252;0,0188948
7,254;0,0248163
7,256;0,0306512
7,258;0,0363839
7,26;0,0419989
7,262;0,0474811
7,264;0,0528157
7,266;0,0579883
7,268;0,0629849
7,27;0,0677919
7,272;0,0723962
7,274;0,0767854
7,276;0,0809473
7,278;0,0848707
7,28;0,0885447
7,282;0,0919591
7,284;0,0951046
7,286;0,0979725
7,288;0,100555
7,29;0,102844
7,292;0,104833
7,294;0,106518
7,296;0,107892
7,298;0,108952
7,3;0,109695
7,302;0,110118
7,304;0,11022
7,306;0,109999
7,308;0,109457
7,31;0,108594
7,312;0,107411
7,314;0,105913
7,316;0,104101
7,318;0,101982
7,32;0,0995591
7,322;0,0968394
7,324;0,0938296
7,326;0,0905373
7,328;0,0869709
7,33;0,0831395
7,332;0,079053
7,334;0,074722
7,336;0,0701576
7,338;0,0653718
7,34;0,060377
7,342;0,0551863
7,344;0,0498132
7,346;0,0442718
7,348;0,0385766
7,35;0,0327427
7,352;0,0267855
7,354;0,0207206
7,356;0,0145641
7,358;0,00833219
7,36;0,00204151
7,362;0,00429129
7,364;0,0106494
7,366;0,0170158
7,368;0,0233736
7,37;0,0297059
7,372;0,0359957
7,374;0,0422262
7,376;0,0483806
7,378;0,0544425
7,38;0,0603957
7,382;0,0662239
7,384;0,0719117
7,386;0,0774435
7,388;0,0828045
7,39;0,0879801
7,392;0,0929563
7,394;0,0977195
7,396;0,102257
7,398;0,106556
7,4;0,110604
7,402;0,114392
7,404;0,117908
7,406;0,121142
7,408;0,124086
7,41;0,126731
7,412;0,12907
7,414;0,131097
7,416;0,132804
7,418;0,134188
7,42;0,135245
7,422;0,13597
7,424;0,136362
7,426;0,13642
7,428;0,136142
7,43;0,135528
7,432;0,134581
7,434;0,133302
7,436;0,131694
7,438;0,129761
7,44;0,127508
7,442;0,12494
7,444;0,122063
7,446;0,118886
7,448;0,115415
7,45;0,111661
7,452;0,107632
7,454;0,103339
7,456;0,0987925
7,458;0,0940052
7,46;0,088989
7,462;0,0837572
7,464;0,0783233
7,466;0,0727015
7,468;0,0669067
7,47;0,0609541
7,472;0,0548592
7,474;0,0486382
7,476;0,0423075
7,478;0,0358838
7,48;0,0293842
7,482;0,0228258
7,484;0,0162261
7,486;0,00960258
7,488;0,00297292
7,49;0,00364522
7,492;0,0102342
7,494;0,0167764
7,496;0,0232542
7,498;0,0296504
7,5;0,0359478
7,502;0,0421295
7,504;0,0481787
7,506;0,0540793
7,508;0,0598152
7,51;0,065371
7,512;0,0707316
7,514;0,0758824
7,516;0,0808095
7,518;0,0854993
7,52;0,0899392
7,522;0,0941168
7,524;0,0980207
7,526;0,10164
7,528;0,104965
7,53;0,107986
7,532;0,110695
7,534;0,113084
7,536;0,115147
7,538;0,116877
7,54;0,118269
7,542;0,119319
7,544;0,120025
7,546;0,120383
7,548;0,120392
7,55;0,120052
7,552;0,119363
7,554;0,118326
7,556;0,116944
7,558;0,11522
7,56;0,113159
7,562;0,110764
7,564;0,108043
7,566;0,105002
7,568;0,101648
7,57;0,0979909
7,572;0,094039
7,574;0,0898028
7,576;0,0852931
7,578;0,0805218
7,58;0,075501
7,582;0,070244
7,584;0,0647643
7,586;0,0590763
7,588;0,0531949
7,59;0,0471356
7,592;0,0409142
7,594;0,0345471
7,596;0,0280511
7,598;0,0214433
7,6;0,0147413
7,602;0,00796276
7,604;0,00112565
7,606;0,00575186
7,608;0,0126515
7,61;0,0195549
7,612;0,0264436
7,614;0,0332992
7,616;0,0401035
7,618;0,0468382
7,62;0,0534853
7,622;0,0600269
7,624;0,0664454
7,626;0,0727236
7,628;0,0788445
7,63;0,0847916
7,632;0,0905488
7,634;0,0961005
7,636;0,101432
7,638;0,106528
7,64;0,111375
7,642;0,115959
7,644;0,120269
7,646;0,124293
7,648;0,128018
7,65;0,131435
7,652;0,134535
7,654;0,137308
7,656;0,139748
7,658;0,141846
7,66;0,143597
7,662;0,144995
7,664;0,146037
7,666;0,146719
7,668;0,14704
7,67;0,146997
7,672;0,14659
7,674;0,14582
7,676;0,144688
7,678;0,143197
7,68;0,141351
7,682;0,139153
7,684;0,13661
7,686;0,133728
7,688;0,130513
7,69;0,126974
7,692;0,123121
7,694;0,118962
7,696;0,114508
7,698;0,109772
7,7;0,104765
7,702;0,0994995
7,704;0,0939905
7,706;0,0882518
7,708;0,0822983
7,71;0,0761458
7,712;0,0698102
7,714;0,0633084
7,716;0,0566573
7,718;0,0498746
7,72;0,0429781
7,722;0,0359861
7,724;0,0289171
7,726;0,0217898
7,728;0,0146232
7,73;0,00743636
7,732;0,000248371
7,734;0,00692158
7,736;0,0140543
7,738;0,0211309
7,74;0,0281322
7,742;0,0350395
7,744;0,0418344
7,746;0,0484984
7,748;0,0550137
7,75;0,0613627
7,752;0,0675283
7,754;0,0734937
7,756;0,0792429
7,758;0,0847601
7,76;0,0900303
7,762;0,0950392
7,764;0,099773
7,766;0,104219
7,768;0,108364
7,77;0,112198
7,772;0,11571
7,774;0,118889
7,776;0,121727
7,778;0,124216
7,78;0,126349
7,782;0,12812
7,784;0,129523
7,786;0,130554
7,788;0,13121
7,79;0,131489
7,792;0,131389
7,794;0,13091
7,796;0,130054
7,798;0,128821
7,8;0,127215
7,802;0,125239
7,804;0,122898
7,806;0,120198
7,808;0,117146
7,81;0,113748
7,812;0,110015
7,814;0,105955
7,816;0,101579
7,818;0,096898
7,82;0,091924
7,822;0,0866699
7,824;0,0811494
7,826;0,0753769
7,828;0,0693673
7,83;0,0631365
7,832;0,0567008
7,834;0,0500769
7,836;0,0432825
7,838;0,0363352
7,84;0,0292535
7,842;0,0220561
7,844;0,014762
7,846;0,00739049
7,848;3,88296e-05
7,85;0,00750623
7,852;0,0149919
7,854;0,0224758
7,856;0,029938
7,858;0,0373587
7,86;0,0447179
7,862;0,0519959
7,864;0,0591733
7,866;0,0662307
7,868;0,0731492
7,87;0,0799102
7,872;0,0864953
7,874;0,0928869
7,876;0,0990676
7,878;0,105021
7,88;0,11073
7,882;0,11618
7,884;0,121355
7,886;0,126242
7,888;0,130828
7,89;0,135098
7,892;0,139043
7,894;0,14265
7,896;0,14591
7,898;0,148814
7,9;0,151352
7,902;0,153519
7,904;0,155308
7,906;0,156713
7,908;0,157731
7,91;0,158357
7,912;0,15859
7,914;0,158429
7,916;0,157874
7,918;0,156925
7,92;0,155585
7,922;0,153856
7,924;0,151743
7,926;0,149251
7,928;0,146386
7,93;0,143155
7,932;0,139566
7,934;0,135628
7,936;0,131352
7,938;0,126748
7,94;0,121828
7,942;0,116605
7,944;0,111093
7,946;0,105305
7,948;0,0992568
7,95;0,0929643
7,952;0,0864437
7,954;0,0797122
7,956;0,0727874
7,958;0,0656876
7,96;0,0584315
7,962;0,0510381
7,964;0,0435271
7,966;0,0359183
7,968;0,0282318
7,97;0,020488
7,972;0,0127076
7,974;0,00491125
7,976;0,00288034
7,978;0,0106464
7,98;0,018366
7,982;0,0260188
7,984;0,033584
7,986;0,0410415
7,988;0,0483713
7,99;0,0555535
7,992;0,0625689
7,994;0,0693984
7,996;0,0760238
7,998;0,082427
8;0,0885906
8,002;0,0944979
8,004;0,100133
8,006;0,10548
8,008;0,110525
8,01;0,115253
8,012;0,119652
8,014;0,12371
8,016;0,127414
8,018;0,130756
8,02;0,133725
8,022;0,136314
8,024;0,138513
8,026;0,140319
8,028;0,141724
8,03;0,142725
8,032;0,143318
8,034;0,143501
8,036;0,143274
8,038;0,142637
8,04;0,141589
8,042;0,140135
8,044;0,138276
8,046;0,136018
8,048;0,133366
8,05;0,130327
8,052;0,126908
8,054;0,123117
8,056;0,118965
8,058;0,114462
8,06;0,109619
8,062;0,104449
8,064;0,0989654
8,066;0,0931823
8,068;0,0871147
8,07;0,0807785
8,072;0,0741902
8,074;0,0673669
8,076;0,0603266
8,078;0,0530877
8,08;0,0456694
8,082;0,0380911
8,084;0,0303728
8,086;0,0225349
8,088;0,0145983
8,09;0,00658381
8,092;0,00148719
8,094;0,00959326
8,096;0,0177128
8,098;0,0258243
8,1;0,033906
8,102;0,0419363
8,104;0,0498938
8,106;0,0577572
8,108;0,0655053
8,11;0,0731173
8,112;0,0805728
8,114;0,0878516
8,116;0,0949342
8,118;0,101801
8,12;0,108434
8,122;0,114816
8,124;0,120927
8,126;0,126753
8,128;0,132277
8,13;0,137483
8,132;0,142358
8,134;0,146889
8,136;0,151062
8,138;0,154866
8,14;0,15829
8,142;0,161325
8,144;0,163963
8,146;0,166194
8,148;0,168014
8,15;0,169417
8,152;0,170398
8,154;0,170954
8,156;0,171083
8,158;0,170785
8,16;0,170059
8,162;0,168907
8,164;0,167331
8,166;0,165335
8,168;0,162924
8,17;0,160103
8,172;0,15688
8,174;0,153263
8,176;0,14926
8,178;0,144883
8,18;0,140141
8,182;0,135048
8,184;0,129616
8,186;0,12386
8,188;0,117793
8,19;0,111433
8,192;0,104796
8,194;0,0978982
8,196;0,0907587
8,198;0,083396
8,2;0,0758293
8,202;0,0680786
8,204;0,0601643
8,206;0,0521074
8,208;0,043929
8,21;0,0356508
8,212;0,0272949
8,214;0,0188833
8,216;0,0104384
8,218;0,00198264
8,22;0,00646135
8,222;0,0148711
8,224;0,0232241
8,226;0,031498
8,228;0,0396707
8,23;0,0477202
8,232;0,0556249
8,234;0,0633635
8,236;0,0709152
8,238;0,0782596
8,24;0,0853768
8,242;0,0922475
8,244;0,0988531
8,246;0,105176
8,248;0,111198
8,25;0,116903
8,252;0,122276
8,254;0,127302
8,256;0,131967
8,258;0,136257
8,26;0,140162
8,262;0,14367
8,264;0,146772
8,266;0,149457
8,268;0,15172
8,27;0,153552
8,272;0,15495
8,274;0,155907
8,276;0,156422
8,278;0,156493
8,28;0,156117
8,282;0,155297
8,284;0,154033
8,286;0,152328
8,288;0,150187
8,29;0,147614
8,292;0,144616
8,294;0,141199
8,296;0,137374
8,298;0,133148
8,3;0,128534
8,302;0,123542
8,304;0,118186
8,306;0,11248
8,308;0,106438
8,31;0,100075
8,312;0,0934088
8,314;0,0864563
8,316;0,0792358
8,318;0,071766
8,32;0,0640666
8,322;0,0561579
8,324;0,0480605
8,326;0,0397959
8,328;0,0313859
8,33;0,0228527
8,332;0,0142189
8,334;0,00550732
8,336;0,00325879
8,338;0,0120562
8,34;0,0208615
8,342;0,0296511
8,344;0,0384017
8,346;0,0470899
8,348;0,0556923
8,35;0,064186
8,352;0,0725481
8,354;0,0807562
8,356;0,0887882
8,358;0,0966224
8,36;0,104238
8,362;0,111613
8,364;0,11873
8,366;0,125567
8,368;0,132107
8,37;0,138332
8,372;0,144224
8,374;0,149768
8,376;0,154948
8,378;0,15975
8,38;0,164161
8,382;0,168168
8,384;0,171761
8,386;0,174928
8,388;0,177662
8,39;0,179954
8,392;0,181797
8,394;0,183186
8,396;0,184117
8,398;0,184586
8,4;0,184592
8,402;0,184134
8,404;0,183213
8,406;0,18183
8,408;0,179989
8,41;0,177693
8,412;0,174949
8,414;0,171763
8,416;0,168143
8,418;0,164098
8,42;0,159639
8,422;0,154776
8,424;0,149522
8,426;0,143891
8,428;0,137896
8,43;0,131555
8,432;0,124882
8,434;0,117896
8,436;0,110614
8,438;0,103056
8,44;0,0952413
8,442;0,0871904
8,444;0,0789247
8,446;0,0704657
8,448;0,0618358
8,45;0,0530578
8,452;0,0441549
8,454;0,0351506
8,456;0,0260689
8,458;0,0169338
8,46;0,00776975
8,462;0,00139901
8,464;0,010548
8,466;0,0196527
8,468;0,0286889
8,47;0,0376324
8,472;0,0464591
8,474;0,0551455
8,476;0,0636681
8,478;0,0720039
8,48;0,0801306
8,482;0,0880262
8,484;0,0956693
8,486;0,103039
8,488;0,110116
8,49;0,11688
8,492;0,123313
8,494;0,129398
8,496;0,135117
8,498;0,140456
8,5;0,145398
8,502;0,149932
8,504;0,154043
8,506;0,157721
8,508;0,160954
8,51;0,163735
8,512;0,166054
8,514;0,167906
8,516;0,169283
8,518;0,170183
8,52;0,170602
8,522;0,170538
8,524;0,169992
8,526;0,168962
8,528;0,167453
8,53;0,165467
8,532;0,163009
8,534;0,160084
8,536;0,1567
8,538;0,152866
8,54;0,14859
8,542;0,143885
8,544;0,138761
8,546;0,133232
8,548;0,127312
8,55;0,121016
8,552;0,114361
8,554;0,107364
8,556;0,100043
8,558;0,0924169
8,56;0,0845061
8,562;0,0763312
8,564;0,0679134
8,566;0,0592751
8,568;0,0504389
8,57;0,0414281
8,572;0,0322666
8,574;0,0229785
8,576;0,0135885
8,578;0,00412139
8,58;0,00539758
8,582;0,0149431
8,584;0,0244899
8,586;0,0340123
8,588;0,043485
8,59;0,0528826
8,592;0,0621801
8,594;0,0713524
8,596;0,080375
8,598;0,0892235
8,6;0,0978742
8,602;0,106304
8,604;0,114489
8,606;0,122409
8,608;0,130041
8,61;0,137364
8,612;0,144359
8,614;0,151007
8,616;0,15729
8,618;0,16319
8,62;0,16869
8,622;0,173777
8,624;0,178435
8,626;0,182651
8,628;0,186415
8,63;0,189715
8,632;0,192541
8,634;0,194886
8,636;0,196743
8,638;0,198106
8,64;0,198971
8,642;0,199335
8,644;0,199195
8,646;0,198553
8,648;0,197409
8,65;0,195765
8,652;0,193625
8,654;0,190994
8,656;0,187879
8,658;0,184287
8,66;0,180227
8,662;0,175709
8,664;0,170745
8,666;0,165347
8,668;0,159529
8,67;0,153306
8,672;0,146695
8,674;0,139712
8,676;0,132375
8,678;0,124704
8,68;0,116718
8,682;0,108439
8,684;0,0998878
8,686;0,0910871
8,688;0,0820601
8,69;0,0728304
8,692;0,0634225
8,694;0,0538613
8,696;0,0441719
8,698;0,0343801
8,7;0,0245119
8,702;0,0145934
8,704;0,00465112
8,706;0,00528859
8,708;0,0151992
8,71;0,0250541
8,712;0,0348271
8,714;0,044492
8,716;0,0540229
8,718;0,0633941
8,72;0,0725804
8,722;0,0815572
8,724;0,0903002
8,726;0,0987857
8,728;0,106991
8,73;0,114893
8,732;0,122472
8,734;0,129705
8,736;0,136574
8,738;0,14306
8,74;0,149145
8,742;0,154812
8,744;0,160045
8,746;0,16483
8,748;0,169153
8,75;0,173003
8,752;0,176369
8,754;0,17924
8,756;0,181609
8,758;0,183469
8,76;0,184814
8,762;0,185639
8,764;0,185942
8,766;0,185721
8,768;0,184976
8,77;0,183709
8,772;0,181922
8,774;0,179619
8,776;0,176806
8,778;0,17349
8,78;0,169678
8,782;0,16538
8,784;0,160607
8,786;0,155371
8,788;0,149686
8,79;0,143565
8,792;0,137026
8,794;0,130084
8,796;0,122757
8,798;0,115065
8,8;0,107028
8,802;0,0986661
8,804;0,0900018
8,806;0,0810577
8,808;0,0718573
8,81;0,0624246
8,812;0,0527846
8,814;0,0429628
8,816;0,032985
8,818;0,0228776
8,82;0,0126675
8,822;0,00238165
8,824;0,00795251
8,826;0,0183075
8,828;0,0286558
8,83;0,0389698
8,832;0,0492218
8,834;0,0593846
8,836;0,0694308
8,838;0,0793336
8,84;0,0890663
8,842;0,0986028
8,844;0,107917
8,846;0,116985
8,848;0,125781
8,85;0,134281
8,852;0,142463
8,854;0,150304
8,856;0,157783
8,858;0,16488
8,86;0,171575
8,862;0,177849
8,864;0,183686
8,866;0,189069
8,868;0,193984
8,87;0,198416
8,872;0,202353
8,874;0,205783
8,876;0,208698
8,878;0,211089
8,88;0,212948
8,882;0,21427
8,884;0,215051
8,886;0,215288
8,888;0,214979
8,89;0,214125
8,892;0,212727
8,894;0,210788
8,896;0,208312
8,898;0,205306
8,9;0,201777
8,902;0,197734
8,904;0,193186
8,906;0,188145
8,908;0,182624
8,91;0,176636
8,912;0,170199
8,914;0,163327
8,916;0,156038
8,918;0,148352
8,92;0,140288
8,922;0,131868
8,924;0,123114
8,926;0,114047
8,928;0,104693
8,93;0,0950751
8,932;0,0852193
8,934;0,0751514
8,936;0,0648979
8,938;0,054486
8,94;0,0439432
8,942;0,0332975
8,944;0,022577
8,946;0,0118104
8,948;0,00102614
8,95;0,00974693
8,952;0,0204801
8,954;0,0311446
8,956;0,0417121
8,958;0,0521541
8,96;0,0624427
8,962;0,0725502
8,964;0,0824494
8,966;0,0921137
8,968;0,101517
8,97;0,110634
8,972;0,119439
8,974;0,12791
8,976;0,136022
8,978;0,143755
8,98;0,151086
8,982;0,157995
8,984;0,164465
8,986;0,170475
8,988;0,176012
8,99;0,181057
8,992;0,185599
8,994;0,189623
8,996;0,193119
8,998;0,196076
9;0,198486
9,002;0,200341
9,004;0,201637
9,006;0,202368
9,008;0,202532
9,01;0,202128
9,012;0,201157
9,014;0,199619
9,016;0,197519
9,018;0,19486
9,02;0,191651
9,022;0,187897
9,024;0,18361
9,026;0,178799
9,028;0,173476
9,03;0,167655
9,032;0,161351
9,034;0,15458
9,036;0,14736
9,038;0,139709
9,04;0,131647
9,042;0,123194
9,044;0,114374
9,046;0,105208
9,048;0,0957219
9,05;0,0859392
9,052;0,075886
9,054;0,0655888
9,056;0,0550746
9,058;0,0443713
9,06;0,033507
9,062;0,0225107
9,064;0,0114114
9,066;0,000238548
9,068;0,0109781
9,07;0,0222087
9,072;0,0334234
9,074;0,0445921
9,076;0,0556851
9,078;0,0666727
9,08;0,0775255
9,082;0,0882142
9,084;0,0987103
9,086;0,108985
9,088;0,119012
9,09;0,128763
9,092;0,138211
9,094;0,147332
9,096;0,156101
9,098;0,164493
9,1;0,172486
9,102;0,180058
9,104;0,187189
9,106;0,193857
9,108;0,200047
9,11;0,205739
9,112;0,210918
9,114;0,21557
9,116;0,219682
9,118;0,223242
9,12;0,22624
9,122;0,228666
9,124;0,230514
9,126;0,231778
9,128;0,232455
9,13;0,23254
9,132;0,232034
9,134;0,230936
9,136;0,22925
9,138;0,226978
9,14;0,224127
9,142;0,220702
9,144;0,216712
9,146;0,212167
9,148;0,207079
9,15;0,20146
9,152;0,195325
9,154;0,188689
9,156;0,181569
9,158;0,173983
9,16;0,165952
9,162;0,157496
9,164;0,148637
9,166;0,139398
9,168;0,129804
9,17;0,119879
9,172;0,109649
9,174;0,099141
9,176;0,0883832
9,178;0,0774036
9,18;0,0662314
9,182;0,0548958
9,184;0,0434271
9,186;0,0318555
9,188;0,0202119
9,19;0,00852711
9,192;0,00316771
9,194;0,0148414
9,196;0,0264628
9,198;0,0380008
9,2;0,0494246
9,202;0,0607035
9,204;0,0718073
9,206;0,0827062
9,208;0,0933707
9,21;0,103772
9,212;0,113883
9,214;0,123674
9,216;0,133121
9,218;0,142197
9,22;0,150878
9,222;0,15914
9,224;0,16696
9,226;0,174317
9,228;0,181191
9,23;0,187562
9,232;0,193414
9,234;0,198729
9,236;0,203493
9,238;0,207692
9,24;0,211315
9,242;0,214351
9,244;0,216791
9,246;0,218628
9,248;0,219856
9,25;0,220472
9,252;0,220471
9,254;0,219855
9,256;0,218623
9,258;0,216779
9,26;0,214325
9,262;0,211269
9,264;0,207616
9,266;0,203377
9,268;0,198562
9,27;0,193182
9,272;0,187252
9,274;0,180786
9,276;0,173801
9,278;0,166315
9,28;0,158348
9,282;0,149919
9,284;0,141051
9,286;0,131767
9,288;0,12209
9,29;0,112047
9,292;0,101664
9,294;0,0909668
9,296;0,0799849
9,298;0,0687467
9,3;0,057282
9,302;0,0456209
9,304;0,0337943
9,306;0,0218336
9,308;0,00977039
9,31;0,00236323
9,312;0,014535
9,314;0,0267125
9,316;0,0388634
9,318;0,050955
9,32;0,0629552
9,322;0,0748318
9,324;0,086553
9,326;0,0980872
9,328;0,109404
9,33;0,120472
9,332;0,131261
9,334;0,141744
9,336;0,151891
9,338;0,161674
9,34;0,171068
9,342;0,180046
9,344;0,188584
9,346;0,19666
9,348;0,204249
9,35;0,211333
9,352;0,217891
9,354;0,223904
9,356;0,229357
9,358;0,234234
9,36;0,238521
9,362;0,242206
9,364;0,245279
9,366;0,247729
9,368;0,249551
9,37;0,250738
9,372;0,251286
9,374;0,251193
9,376;0,250458
9,378;0,249083
9,38;0,247069
9,382;0,244423
9,384;0,24115
9,386;0,237257
9,388;0,232755
9,39;0,227655
9,392;0,221969
9,394;0,215711
9,396;0,208899
9,398;0,201548
9,4;0,193679
9,402;0,185311
9,404;0,176465
9,406;0,167166
9,408;0,157437
9,41;0,147303
9,412;0,136792
9,414;0,125929
9,416;0,114745
9,418;0,103268
9,42;0,0915291
9,422;0,0795584
9,424;0,0673879
9,426;0,0550497
9,428;0,0425766
9,43;0,0300016
9,432;0,0173581
9,434;0,00467972
9,436;0,00799974
9,438;0,0206465
9,44;0,0332267
9,442;0,0457069
9,444;0,0580535
9,446;0,0702335
9,448;0,0822142
9,45;0,0939633
9,452;0,105449
9,454;0,116641
9,456;0,127508
9,458;0,138022
9,46;0,148153
9,462;0,157874
9,464;0,167159
9,466;0,175983
9,468;0,18432
9,47;0,192149
9,472;0,199448
9,474;0,206196
9,476;0,212375
9,478;0,217968
9,48;0,222959
9,482;0,227333
9,484;0,231079
9,486;0,234185
9,488;0,236643
9,49;0,238444
9,492;0,239584
9,494;0,240058
9,496;0,239865
9,498;0,239003
9,5;0,237474
9,502;0,235282
9,504;0,232431
9,506;0,228929
9,508;0,224782
9,51;0,220003
9,512;0,214602
9,514;0,208594
9,516;0,201993
9,518;0,194816
9,52;0,187082
9,522;0,178811
9,524;0,170023
9,526;0,160742
9,528;0,150991
9,53;0,140797
9,532;0,130185
9,534;0,119184
9,536;0,107822
9,538;0,096129
9,54;0,0841358
9,542;0,0718739
9,544;0,0593758
9,546;0,0466743
9,548;0,0338032
9,55;0,0207965
9,552;0,0076887
9,554;0,00548536
9,556;0,0186906
9,558;0,031892
9,56;0,0450542
9,562;0,058142
9,564;0,0711206
9,566;0,0839551
9,568;0,0966111
9,57;0,109055
9,572;0,121252
9,574;0,133171
9,576;0,144779
9,578;0,156044
9,58;0,166937
9,582;0,177428
9,584;0,187487
9,586;0,197088
9,588;0,206205
9,59;0,214812
9,592;0,222887
9,594;0,230405
9,596;0,237348
9,598;0,243696
9,6;0,24943
9,602;0,254535
9,604;0,258997
9,606;0,262802
9,608;0,265939
9,61;0,2684
9,612;0,270177
9,614;0,271264
9,616;0,271657
9,618;0,271354
9,62;0,270356
9,622;0,268664
9,624;0,266282
9,626;0,263214
9,628;0,259469
9,63;0,255055
9,632;0,249984
9,634;0,244267
9,636;0,23792
9,638;0,230958
9,64;0,223399
9,642;0,215262
9,644;0,206569
9,646;0,197342
9,648;0,187605
9,65;0,177382
9,652;0,166701
9,654;0,15559
9,656;0,144077
9,658;0,132193
9,66;0,119969
9,662;0,107437
9,664;0,0946305
9,666;0,0815824
9,668;0,0683277
9,67;0,0549013
9,672;0,041339
9,674;0,0276766
9,676;0,0139505
9,678;0,000197123
9,68;0,0135468
9,682;0,0272446
9,684;0,0408598
9,686;0,0543559
9,688;0,0676967
9,69;0,0808465
9,692;0,09377
9,694;0,106432
9,696;0,1188
9,698;0,130838
9,7;0,142515
9,702;0,1538
9,704;0,164661
9,706;0,17507
9,708;0,184997
9,71;0,194416
9,712;0,2033
9,714;0,211626
9,716;0,219371
9,718;0,226512
9,72;0,233031
9,722;0,238909
9,724;0,244129
9,726;0,248677
9,728;0,252539
9,73;0,255705
9,732;0,258165
9,734;0,259912
9,736;0,260939
9,738;0,261244
9,74;0,260824
9,742;0,25968
9,744;0,257814
9,746;0,255229
9,748;0,251932
9,75;0,24793
9,752;0,243234
9,754;0,237855
9,756;0,231805
9,758;0,225102
9,76;0,21776
9,762;0,2098
9,764;0,201242
9,766;0,192107
9,768;0,18242
9,77;0,172205
9,772;0,161489
9,774;0,150299
9,776;0,138666
9,778;0,126619
9,78;0,11419
9,782;0,101411
9,784;0,0883172
9,786;0,0749418
9,788;0,0613205
9,79;0,0474892
9,792;0,0334845
9,794;0,0193436
9,796;0,00510396
9,798;0,00919656
9,8;0,0235199
9,802;0,0378279
9,804;0,0520824
9,806;0,0662453
9,808;0,0802787
9,81;0,0941451
9,812;0,107807
9,814;0,121228
9,816;0,134372
9,818;0,147204
9,82;0,159688
9,822;0,171791
9,824;0,183481
9,826;0,194725
9,828;0,205494
9,83;0,215757
9,832;0,225486
9,834;0,234656
9,836;0,24324
9,838;0,251215
9,84;0,25856
9,842;0,265253
9,844;0,271276
9,846;0,276611
9,848;0,281245
9,85;0,285163
9,852;0,288354
9,854;0,290809
9,856;0,29252
9,858;0,293481
9,86;0,293689
9,862;0,293143
9,864;0,291842
9,866;0,28979
9,868;0,28699
9,87;0,28345
9,872;0,279178
9,874;0,274183
9,876;0,268479
9,878;0,26208
9,88;0,255002
9,882;0,247262
9,884;0,238881
9,886;0,22988
9,888;0,220283
9,89;0,210113
9,892;0,199398
9,894;0,188166
9,896;0,176444
9,898;0,164265
9,9;0,15166
9,902;0,138662
9,904;0,125305
9,906;0,111625
9,908;0,0976565
9,91;0,0834376
9,912;0,0690055
9,914;0,0543985
9,916;0,0396551
9,918;0,0248147
9,92;0,00991657
9,922;0,00499957
9,924;0,019894
9,926;0,0347269
9,928;0,0494588
9,93;0,06405
9,932;0,0784617
9,934;0,0926551
9,936;0,106592
9,938;0,120235
9,94;0,133547
9,942;0,146493
9,944;0,159037
9,946;0,171145
9,948;0,182785
9,95;0,193924
9,952;0,204533
9,954;0,214583
9,956;0,224045
9,958;0,232894
9,96;0,241106
9,962;0,248657
9,964;0,255527
9,966;0,261697
9,968;0,267149
9,97;0,271867
9,972;0,275838
9,974;0,279051
9,976;0,281495
9,978;0,283164
9,98;0,284052
9,982;0,284155
9,984;0,283472
9,986;0,282004
9,988;0,279754
9,99;0,276727
9,992;0,272929
9,994;0,26837
9,996;0,263061
9,998;0,257016
10;0,250248
10,002;0,242776
10,004;0,234618
10,006;0,225796
10,008;0,216331
10,01;0,206249
10,012;0,195575
10,014;0,184336
10,016;0,172563
10,018;0,160286
10,02;0,147537
10,022;0,134349
10,024;0,120756
10,026;0,106796
10,028;0,0925035
10,03;0,0779172
10,032;0,0630754
10,034;0,0480173
10,036;0,0327828
10,038;0,0174123
10,04;0,00194653
10,042;0,0135733
10,044;0,0291059
10,046;0,0446099
10,048;0,0600439
10,05;0,0753666
10,052;0,0905371
10,054;0,105515
10,056;0,120259
10,058;0,134731
10,06;0,148891
10,062;0,162701
10,064;0,176124
10,066;0,189123
10,068;0,201664
10,07;0,213712
10,072;0,225234
10,074;0,2362
10,076;0,246578
10,078;0,256341
10,08;0,265462
10,082;0,273915
10,084;0,281678
10,086;0,288728
10,088;0,295045
10,09;0,300613
10,092;0,305415
10,094;0,309437
10,096;0,312667
10,098;0,315096
10,1;0,316717
10,102;0,317523
10,104;0,317512
10,106;0,316683
10,108;0,315036
10,11;0,312575
10,112;0,309306
10,114;0,305236
10,116;0,300374
10,118;0,294734
10,12;0,288328
10,122;0,281173
10,124;0,273288
10,126;0,264691
10,128;0,255405
10,13;0,245454
10,132;0,234863
10,134;0,22366
10,136;0,211875
10,138;0,199536
10,14;0,186678
10,142;0,173333
10,144;0,159536
10,146;0,145323
10,148;0,130733
10,15;0,115802
10,152;0,100572
10,154;0,0850805
10,156;0,0693702
10,158;0,0534822
10,16;0,0374588
10,162;0,0213423
10,164;0,00517574
10,166;0,0109979
10,168;0,0271355
10,17;0,043194
10,172;0,0591304
10,174;0,0749021
10,176;0,0904668
10,178;0,105783
10,18;0,120809
10,182;0,135504
10,184;0,14983
10,186;0,163747
10,188;0,177217
10,19;0,190204
10,192;0,202674
10,194;0,214591
10,196;0,225924
10,198;0,236641
10,2;0,246712
10,202;0,256112
10,204;0,264812
10,206;0,27279
10,208;0,280022
10,21;0,286489
10,212;0,292173
10,214;0,297056
10,216;0,301126
10,218;0,30437
10,22;0,306778
10,222;0,308343
10,224;0,30906
10,226;0,308925
10,228;0,307938
10,23;0,3061
10,232;0,303415
10,234;0,29989
10,236;0,295531
10,238;0,29035
10,24;0,28436
10,242;0,277576
10,244;0,270013
10,246;0,261693
10,248;0,252635
10,25;0,242863
10,252;0,232402
10,254;0,221279
10,256;0,209523
10,258;0,197164
10,26;0,184235
10,262;0,170769
10,264;0,156801
10,266;0,142368
10,268;0,127509
10,27;0,112261
10,272;0,0966645
10,274;0,0807616
10,276;0,0645939
10,278;0,0482041
10,28;0,0316356
10,282;0,0149323
10,284;0,00186129
10,286;0,0187006
10,288;0,0355408
10,29;0,052337
10,292;0,0690442
10,294;0,0856179
10,296;0,102014
10,298;0,118188
10,3;0,134096
10,302;0,149697
10,304;0,164947
10,306;0,179806
10,308;0,194234
10,31;0,208191
10,312;0,22164
10,314;0,234544
10,316;0,246869
10,318;0,258579
10,32;0,269644
10,322;0,280033
10,324;0,289718
10,326;0,298671
10,328;0,306867
10,33;0,314285
10,332;0,320903
10,334;0,326702
10,336;0,331666
10,338;0,33578
10,34;0,339033
10,342;0,341414
10,344;0,342916
10,346;0,343534
10,348;0,343266
10,35;0,342109
10,352;0,340067
10,354;0,337144
10,356;0,333346
10,358;0,328683
10,36;0,323165
10,362;0,316806
10,364;0,309622
10,366;0,301632
10,368;0,292854
10,37;0,283312
10,372;0,273031
10,374;0,262035
10,376;0,250355
10,378;0,23802
10,38;0,225061
10,382;0,211514
10,384;0,197413
10,386;0,182795
10,388;0,167698
10,39;0,152162
10,392;0,136228
10,394;0,119938
10,396;0,103334
10,398;0,0864614
10,4;0,0693637
10,402;0,0520865
10,404;0,0346757
10,406;0,0171774
10,408;0,000361675
10,41;0,0178949
10,412;0,0353755
10,414;0,0527568
10,416;0,0699923
10,418;0,0870359
10,42;0,103842
10,422;0,120365
10,424;0,136561
10,426;0,152386
10,428;0,167797
10,43;0,182754
10,432;0,197214
10,434;0,21114
10,436;0,224493
10,438;0,237237
10,44;0,249336
10,442;0,260759
10,444;0,271474
10,446;0,28145
10,448;0,290661
10,45;0,299081
10,452;0,306686
10,454;0,313456
10,456;0,31937
10,458;0,324412
10,46;0,328567
10,462;0,331824
10,464;0,334172
10,466;0,335603
10,468;0,336113
10,47;0,335699
10,472;0,334362
10,474;0,332102
10,476;0,328926
10,478;0,32484
10,48;0,319854
10,482;0,31398
10,484;0,307232
10,486;0,299628
10,488;0,291187
10,49;0,28193
10,492;0,27188
10,494;0,261064
10,496;0,249508
10,498;0,237244
10,5;0,224302
10,502;0,210717
10,504;0,196523
10,506;0,181758
10,508;0,16646
10,51;0,15067
10,512;0,134429
10,514;0,117779
10,516;0,100765
10,518;0,0834309
10,52;0,0658231
10,522;0,0479879
10,524;0,0299727
10,526;0,0118253
10,528;0,00640608
10,53;0,024673
10,532;0,0429268
10,534;0,0611187
10,536;0,0792002
10,538;0,0971229
10,54;0,114839
10,542;0,1323
10,544;0,149461
10,546;0,166273
10,548;0,182694
10,55;0,198677
10,552;0,21418
10,554;0,229161
10,556;0,243579
10,558;0,257395
10,56;0,270571
10,562;0,283071
10,564;0,294862
10,566;0,30591
10,568;0,316186
10,57;0,325661
10,572;0,334307
10,574;0,342103
10,576;0,349024
10,578;0,355053
10,58;0,360171
10,582;0,364363
10,584;0,367618
10,586;0,369925
10,588;0,371278
10,59;0,37167
10,592;0,371099
10,594;0,369567
10,596;0,367076
10,598;0,36363
10,6;0,359239
10,602;0,353912
10,604;0,347662
10,606;0,340505
10,608;0,332459
10,61;0,323544
10,612;0,313783
10,614;0,3032
10,616;0,291823
10,618;0,27968
10,62;0,266804
10,622;0,253228
10,624;0,238986
10,626;0,224117
10,628;0,208658
10,63;0,192651
10,632;0,176136
10,634;0,159159
10,636;0,141762
10,638;0,123993
10,64;0,105898
10,642;0,0875239
10,644;0,0689206
10,646;0,050137
10,648;0,0312229
10,65;0,0122287
10,652;0,00679524
10,654;0,0257981
10,656;0,0447292
10,658;0,063538
10,66;0,0821742
10,662;0,100588
10,664;0,118729
10,666;0,13655
10,668;0,154003
10,67;0,171039
10,672;0,187614
10,674;0,203682
10,676;0,219201
10,678;0,234127
10,68;0,248421
10,682;0,262043
10,684;0,274956
10,686;0,287124
10,688;0,298515
10,69;0,309097
10,692;0,31884
10,694;0,327718
10,696;0,335706
10,698;0,34278
10,7;0,348922
10,702;0,354113
10,704;0,358339
10,706;0,361586
10,708;0,363845
10,71;0,365109
10,712;0,365372
10,714;0,364633
10,716;0,362892
10,718;0,360154
10,72;0,356422
10,722;0,351707
10,724;0,34602
10,726;0,339374
10,728;0,331786
10,73;0,323275
10,732;0,313862
10,734;0,303571
10,736;0,292429
10,738;0,280463
10,74;0,267706
10,742;0,254189
10,744;0,239949
10,746;0,225021
10,748;0,209445
10,75;0,193261
10,752;0,176512
10,754;0,159242
10,756;0,141496
10,758;0,12332
10,76;0,104764
10,762;0,0858744
10,764;0,0667027
10,766;0,0472993
10,768;0,0277157
10,77;0,00800367
10,772;0,0117842
10,774;0,0315954
10,776;0,0513769
10,778;0,0710762
10,78;0,0906404
10,782;0,110017
10,784;0,129155
10,786;0,148002
10,788;0,166508
10,79;0,184623
10,792;0,202297
10,794;0,219485
10,796;0,236138
10,798;0,252212
10,8;0,267663
10,802;0,282449
10,804;0,29653
10,806;0,309867
10,808;0,322424
10,81;0,334167
10,812;0,345062
10,814;0,355079
10,816;0,364192
10,818;0,372374
10,82;0,379602
10,822;0,385855
10,824;0,391117
10,826;0,39537
10,828;0,398604
10,83;0,400806
10,832;0,401972
10,834;0,402095
10,836;0,401174
10,838;0,399211
10,84;0,396209
10,842;0,392174
10,844;0,387117
10,846;0,381049
10,848;0,373985
10,85;0,365942
10,852;0,356941
10,854;0,347005
10,856;0,336158
10,858;0,324429
10,86;0,311847
10,862;0,298446
10,864;0,284258
10,866;0,269322
10,868;0,253676
10,87;0,237362
10,872;0,22042
10,874;0,202897
10,876;0,184838
10,878;0,166289
10,88;0,147301
10,882;0,127923
10,884;0,108207
10,886;0,0882037
10,888;0,067967
10,89;0,0475503
10,892;0,0270079
10,894;0,00639434
10,896;0,0142355
10,898;0,0348265
10,9;0,0553239
10,902;0,0756728
10,904;0,0958187
10,906;0,115708
10,908;0,135286
10,91;0,154502
10,912;0,173303
10,914;0,191639
10,916;0,20946
10,918;0,226717
10,92;0,243365
10,922;0,259358
10,924;0,274652
10,926;0,289206
10,928;0,30298
10,93;0,315936
10,932;0,328039
10,934;0,339254
10,936;0,349552
10,938;0,358903
10,94;0,367281
10,942;0,374662
10,944;0,381026
10,946;0,386354
10,948;0,390631
10,95;0,393843
10,952;0,395981
10,954;0,397038
10,956;0,397009
10,958;0,395893
10,96;0,393691
10,962;0,390409
10,964;0,386052
10,966;0,380633
10,968;0,374162
10,97;0,366657
10,972;0,358136
10,974;0,34862
10,976;0,338134
10,978;0,326704
10,98;0,314358
10,982;0,30113
10,984;0,287053
10,986;0,272164
10,988;0,2565
10,99;0,240104
10,992;0,223017
10,994;0,205284
10,996;0,186951
10,998;0,168068
11;0,148683
11,002;0,128847
11,004;0,108613
11,006;0,0880341
11,008;0,0671647
11,01;0,04606
11,012;0,0247761
11,014;0,00336947
11,016;0,018103
11,018;0,0395841
11,02;0,0610165
11,022;0,0823431
11,024;0,103507
11,026;0,124451
11,028;0,14512
11,03;0,165457
11,032;0,185409
11,034;0,204921
11,036;0,223941
11,038;0,242417
11,04;0,2603
11,042;0,277541
11,044;0,294093
11,046;0,309911
11,048;0,324952
11,05;0,339175
11,052;0,352541
11,054;0,365012
11,056;0,376555
11,058;0,387138
11,06;0,396731
11,062;0,405307
11,064;0,412841
11,066;0,419314
11,068;0,424705
11,07;0,428998
11,072;0,432182
11,074;0,434246
11,076;0,435183
11,078;0,434989
11,08;0,433663
11,082;0,431207
11,084;0,427627
11,086;0,422929
11,088;0,417126
11,09;0,410231
11,092;0,402261
11,094;0,393236
11,096;0,383178
11,098;0,372114
11,1;0,360071
11,102;0,34708
11,104;0,333174
11,106;0,31839
11,108;0,302765
11,11;0,28634
11,112;0,269158
11,114;0,251264
11,116;0,232704
11,118;0,213527
11,12;0,193783
11,122;0,173525
11,124;0,152805
11,126;0,131678
11,128;0,1102
11,13;0,0884285
11,132;0,0664199
11,134;0,0442332
11,136;0,0219273
11,138;0,000438626
11,14;0,0228049
11,142;0,0451119
11,144;0,0673
11,146;0,08931
11,148;0,111083
11,15;0,13256
11,152;0,153685
11,154;0,174399
11,156;0,194647
11,158;0,214376
11,16;0,23353
11,162;0,252059
11,164;0,269913
11,166;0,287042
11,168;0,3034
11,17;0,318943
11,172;0,333627
11,174;0,347414
11,176;0,360263
11,178;0,372142
11,18;0,383015
11,182;0,392853
11,184;0,401628
11,186;0,409316
11,188;0,415894
11,19;0,421344
11,192;0,425648
11,194;0,428796
11,196;0,430776
11,198;0,431581
11,2;0,431209
11,202;0,429657
11,204;0,42693
11,206;0,423032
11,208;0,417973
11,21;0,411764
11,212;0,40442
11,214;0,39596
11,216;0,386404
11,218;0,375777
11,22;0,364106
11,222;0,351419
11,224;0,337751
11,226;0,323135
11,228;0,307609
11,23;0,291215
11,232;0,273994
11,234;0,25599
11,236;0,237252
11,238;0,217828
11,24;0,197769
11,242;0,177128
11,244;0,155958
11,246;0,134316
11,248;0,112258
11,25;0,0898439
11,252;0,0671317
11,254;0,0441819
11,256;0,0210554
11,258;0,00218633
11,26;0,0254815
11,262;0,0487681
11,264;0,071984
11,266;0,0950672
11,268;0,117956
11,27;0,140589
11,272;0,162905
11,274;0,184846
11,276;0,20635
11,278;0,227362
11,28;0,247823
11,282;0,267679
11,284;0,286876
11,286;0,305362
11,288;0,323087
11,29;0,340002
11,292;0,356061
11,294;0,371221
11,296;0,385438
11,298;0,398676
11,3;0,410896
11,302;0,422065
11,304;0,432151
11,306;0,441127
11,308;0,448967
11,31;0,455649
11,312;0,461152
11,314;0,465462
11,316;0,468564
11,318;0,470449
11,32;0,47111
11,322;0,470544
11,324;0,468751
11,326;0,465734
11,328;0,4615
11,33;0,456057
11,332;0,449419
11,334;0,441602
11,336;0,432625
11,338;0,422511
11,34;0,411285
11,342;0,398975
11,344;0,385614
11,346;0,371235
11,348;0,355875
11,35;0,339573
11,352;0,322373
11,354;0,304318
11,356;0,285456
11,358;0,265836
11,36;0,245509
11,362;0,224529
11,364;0,20295
11,366;0,18083
11,368;0,158226
11,37;0,135198
11,372;0,111808
11,374;0,0881161
11,376;0,0641861
11,378;0,0400814
11,38;0,0158659
11,382;0,00839586
11,384;0,0326393
11,386;0,0567998
11,388;0,0808127
11,39;0,104614
11,392;0,128139
11,394;0,151326
11,396;0,174113
11,398;0,196436
11,4;0,218238
11,402;0,239458
11,404;0,26004
11,406;0,279928
11,408;0,299067
11,41;0,317406
11,412;0,334895
11,414;0,351486
11,416;0,367133
11,418;0,381794
11,42;0,395428
11,422;0,407997
11,424;0,419467
11,426;0,429805
11,428;0,438983
11,43;0,446974
11,432;0,453756
11,434;0,459308
11,436;0,463614
11,438;0,466662
11,44;0,468441
11,442;0,468945
11,444;0,468171
11,446;0,466119
11,448;0,462793
11,45;0,4582
11,452;0,452351
11,454;0,445259
11,456;0,436943
11,458;0,427422
11,46;0,41672
11,462;0,404864
11,464;0,391885
11,466;0,377815
11,468;0,36269
11,47;0,34655
11,472;0,329436
11,474;0,311392
11,476;0,292465
11,478;0,272706
11,48;0,252164
11,482;0,230894
11,484;0,208952
11,486;0,186395
11,488;0,163282
11,49;0,139676
11,492;0,115636
11,494;0,0912287
11,496;0,0665168
11,498;0,0415662
11,5;0,0164433
11,502;0,00878524
11,504;0,0340523
11,506;0,0592905
11,508;0,0844325
11,51;0,109411
11,512;0,13416
11,514;0,158612
11,516;0,182702
11,518;0,206365
11,52;0,229538
11,522;0,252157
11,524;0,274163
11,526;0,295496
11,528;0,316097
11,53;0,33591
11,532;0,354883
11,534;0,372963
11,536;0,390101
11,538;0,40625
11,54;0,421365
11,542;0,435405
11,544;0,448331
11,546;0,460107
11,548;0,4707
11,55;0,48008
11,552;0,488221
11,554;0,495099
11,556;0,500694
11,558;0,50499
11,56;0,507973
11,562;0,509634
11,564;0,509966
11,566;0,508967
11,568;0,506638
11,57;0,502982
11,572;0,498009
11,574;0,49173
11,576;0,484159
11,578;0,475316
11,58;0,465221
11,582;0,453901
11,584;0,441383
11,586;0,4277
11,588;0,412886
11,59;0,39698
11,592;0,380023
11,594;0,362058
11,596;0,343131
11,598;0,323293
11,6;0,302594
11,602;0,281089
11,604;0,258834
11,606;0,235888
11,608;0,21231
11,61;0,188163
11,612;0,16351
11,614;0,138416
11,616;0,112949
11,618;0,087174
11,62;0,0611609
11,622;0,0349782
11,624;0,00869567
11,626;0,0176168
11,628;0,0438891
11,63;0,0700512
11,632;0,096033
11,634;0,121765
11,636;0,147178
11,638;0,172205
11,64;0,196777
11,642;0,22083
11,644;0,244297
11,646;0,267115
11,648;0,289224
11,65;0,310562
11,652;0,331072
11,654;0,350699
11,656;0,369388
11,658;0,387089
11,66;0,403753
11,662;0,419334
11,664;0,43379
11,666;0,447079
11,668;0,459166
11,67;0,470016
11,672;0,4796
11,674;0,487888
11,676;0,494859
11,678;0,50049
11,68;0,504767
11,682;0,507674
11,684;0,509204
11,686;0,509349
11,688;0,508108
11,69;0,505483
11,692;0,501477
11,694;0,496101
11,696;0,489366
11,698;0,481289
11,7;0,471889
11,702;0,46119
11,704;0,449219
11,706;0,436006
11,708;0,421584
11,71;0,40599
11,712;0,389265
11,714;0,371451
11,716;0,352594
11,718;0,332744
11,72;0,311952
11,722;0,290271
11,724;0,26776
11,726;0,244476
11,728;0,220481
11,73;0,195838
11,732;0,170611
11,734;0,144868
11,736;0,118675
11,738;0,0921031
11,74;0,0652216
11,742;0,0381021
11,744;0,0108166
11,746;0,0165625
11,748;0,0439621
11,75;0,0713094
11,752;0,0985312
11,754;0,125555
11,756;0,152308
11,758;0,178719
11,76;0,204717
11,762;0,230232
11,764;0,255195
11,766;0,27954
11,768;0,303199
11,77;0,32611
11,772;0,34821
11,774;0,36944
11,776;0,38974
11,778;0,409057
11,78;0,427337
11,782;0,44453
11,784;0,460589
11,786;0,47547
11,788;0,48913
11,79;0,501533
11,792;0,512643
11,794;0,522429
11,796;0,530863
11,798;0,537922
11,8;0,543583
11,802;0,547831
11,804;0,550652
11,806;0,552036
11,808;0,551979
11,81;0,550478
11,812;0,547535
11,814;0,543156
11,816;0,537351
11,818;0,530134
11,82;0,521522
11,822;0,511537
11,824;0,500201
11,826;0,487546
11,828;0,473601
11,83;0,458403
11,832;0,441991
11,834;0,424407
11,836;0,405696
11,838;0,385906
11,84;0,365089
11,842;0,343299
11,844;0,320593
11,846;0,29703
11,848;0,272671
11,85;0,247582
11,852;0,221826
11,854;0,195474
11,856;0,168593
11,858;0,141255
11,86;0,113532
11,862;0,0854982
11,864;0,0572269
11,866;0,0287936
11,868;0,000273912
11,87;0,0282563
11,872;0,0567209
11,874;0,0850439
11,876;0,11315
11,878;0,140963
11,88;0,168409
11,882;0,195414
11,884;0,221906
11,886;0,247813
11,888;0,273066
11,89;0,297596
11,892;0,321336
11,894;0,344223
11,896;0,366195
11,898;0,387191
11,9;0,407154
11,902;0,426029
11,904;0,443766
11,906;0,460314
11,908;0,475629
11,91;0,489668
11,912;0,502391
11,914;0,513763
11,916;0,523752
11,918;0,53233
11,92;0,539471
11,922;0,545154
11,924;0,549364
11,926;0,552085
11,928;0,55331
11,93;0,553032
11,932;0,551251
11,934;0,54797
11,936;0,543194
11,938;0,536936
11,94;0,529209
11,942;0,520032
11,944;0,509428
11,946;0,497423
11,948;0,484047
11,95;0,469334
11,952;0,453322
11,954;0,436051
11,956;0,417566
11,958;0,397915
11,96;0,377148
11,962;0,35532
11,964;0,332486
11,966;0,308708
11,968;0,284046
11,97;0,258565
11,972;0,232333
11,974;0,205417
11,976;0,17789
11,978;0,149824
11,98;0,121292
11,982;0,0923705
11,984;0,0631359
11,986;0,0336655
11,988;0,00403787
