0,004;0
0,008;0,000113137
0,012;0,00033911
0,016;0,000676289
0,02;0,00112173
0,024;0,00167118
0,028;0,00231914
0,032;0,00305891
0,036;0,00388262
0,04;0,00478139
0,044;0,00574534
0,048;0,00676376
0,052;0,00782518
0,056;0,00891755
0,06;0,0100283
0,064;0,0111446
0,068;0,0122535
0,072;0,0133417
0,076;0,0143964
0,08;0,0154049
0,084;0,0163549
0,088;0,0172347
0,092;0,0180335
0,096;0,018741
0,1;0,0193482
0,104;0,019847
0,108;0,0202306
0,112;0,0204935
0,116;0,0206314
0,12;0,0206416
0,124;0,0205229
0,128;0,0202754
0,132;0,0199009
0,136;0,0194027
0,14;0,0187854
0,144;0,0180552
0,148;0,0172197
0,152;0,0162878
0,156;0,0152694
0,16;0,0141757
0,164;0,0130189
0,168;0,0118121
0,172;0,0105688
0,176;0,00930339
0,18;0,00803048
0,184;0,00676495
0,188;0,0055217
0,192;0,00431553
0,196;0,00316092
0,2;0,0020719
0,204;0,00106183
0,208;0,000143277
0,212;0,000672146
0,216;0,00137394
0,22;0,00195284
0,224;0,00240093
0,228;0,00271178
0,232;0,0028805
0,236;0,00290381
0,24;0,00278012
0,244;0,00250955
0,248;0,00209395
0,252;0,00153687
0,256;0,000843573
0,26;2,09547e-05
0,264;0,000922505
0,268;0,00197683
0,272;0,00313066
0,276;0,00437135
0,28;0,00568514
0,284;0,00705727
0,288;0,00847218
0,292;0,00991364
0,296;0,011365
0,3;0,0128093
0,304;0,0142295
0,308;0,0156088
0,312;0,0169306
0,316;0,0181788
0,32;0,0193383
0,324;0,0203944
0,328;0,021334
0,332;0,0221449
0,336;0,0228165
0,34;0,0233396
0,344;0,0237067
0,348;0,0239121
0,352;0,0239519
0,356;0,0238242
0,36;0,023529
0,364;0,0230681
0,368;0,0224456
0,372;0,0216671
0,376;0,0207406
0,38;0,0196753
0,384;0,0184828
0,388;0,0171756
0,392;0,0157683
0,396;0,0142763
0,4;0,0127164
0,404;0,0111063
0,408;0,00946437
0,412;0,00780968
0,416;0,0061615
0,42;0,00453921
0,424;0,0029621
0,428;0,00144906
0,432;1,8444e-05
0,436;0,00131222
0,44;0,00252642
0,444;0,00360885
0,448;0,00454561
0,452;0,00532439
0,456;0,00593463
0,46;0,00636762
0,464;0,00661669
0,468;0,00667725
0,472;0,00654687
0,476;0,00622536
0,48;0,00571475
0,484;0,00501932
0,488;0,00414555
0,492;0,00310208
0,496;0,00189962
0,5;0,000550832
0,504;0,000929787
0,508;0,00252606
0,512;0,0042203
0,516;0,00599352
0,52;0,00782563
0,524;0,00969567
0,528;0,011582
0,532;0,0134628
0,536;0,0153157
0,54;0,0171189
0,544;0,0188507
0,548;0,0204901
0,552;0,0220172
0,556;0,0234128
0,56;0,0246596
0,564;0,0257415
0,568;0,0266443
0,572;0,0273557
0,576;0,0278658
0,58;0,0281667
0,584;0,028253
0,588;0,0281217
0,592;0,0277724
0,596;0,0272071
0,6;0,0264307
0,604;0,0254502
0,608;0,0242754
0,612;0,0229182
0,616;0,021393
0,62;0,019716
0,624;0,0179057
0,628;0,0159819
0,632;0,0139664
0,636;0,0118818
0,64;0,0097521
0,644;0,00760176
0,648;0,00545587
0,652;0,00333965
0,656;0,00127819
0,66;0,000703815
0,664;0,0025824
0,668;0,00433458
0,672;0,00593865
0,676;0,00737444
0,68;0,00862359
0,684;0,00966974
0,688;0,0104988
0,692;0,011099
0,696;0,0114613
0,7;0,0115793
0,704;0,0114494
0,708;0,0110708
0,712;0,0104457
0,716;0,00957926
0,72;0,00847944
0,724;0,00715701
0,728;0,00562548
0,732;0,00390092
0,736;0,00200182
0,74;5,1131e-05
0,744;0,00223523
0,748;0,00452604
0,752;0,00689765
0,756;0,00932297
0,76;0,011774
0,764;0,0142223
0,768;0,016639
0,772;0,0189956
0,776;0,0212637
0,78;0,0234161
0,784;0,0254264
0,788;0,0272697
0,792;0,0289229
0,796;0,0303648
0,8;0,0315767
0,804;0,0325422
0,808;0,0332478
0,812;0,0336828
0,816;0,0338397
0,82;0,033714
0,824;0,0333048
0,828;0,0326143
0,832;0,0316479
0,836;0,0304146
0,84;0,0289264
0,844;0,0271984
0,848;0,0252488
0,852;0,0230983
0,856;0,0207705
0,86;0,018291
0,864;0,0156876
0,868;0,0129896
0,872;0,0102279
0,876;0,00743426
0,88;0,00464121
0,884;0,00188152
0,888;0,00081213
0,892;0,00340754
0,896;0,00587336
0,9;0,00817949
0,904;0,0102974
0,908;0,0122006
0,912;0,0138647
0,916;0,0152681
0,92;0,016392
0,924;0,0172205
0,928;0,0177414
0,932;0,0179457
0,936;0,0178282
0,94;0,0173873
0,944;0,0166252
0,948;0,015548
0,952;0,0141655
0,956;0,0124911
0,96;0,0105418
0,964;0,008338
0,968;0,00590327
0,972;0,00326406
0,976;0,000449485
0,98;0,00250902
0,984;0,00557805
0,988;0,00872259
0,992;0,0119064
0,996;0,0150926
1;0,0182437
1,004;0,0213224
1,008;0,024292
1,012;0,0271166
1,016;0,0297618
1,02;0,032195
1,024;0,0343855
1,028;0,0363057
1,032;0,0379303
1,036;0,0392378
1,04;0,0402099
1,044;0,0408322
1,048;0,0410941
1,052;0,0409894
1,056;0,0405159
1,06;0,0396758
1,064;0,0384758
1,068;0,0369266
1,072;0,0350432
1,076;0,0328446
1,08;0,030354
1,084;0,0275977
1,088;0,0246057
1,092;0,021411
1,096;0,0180493
1,1;0,0145585
1,104;0,0109783
1,108;0,00735005
1,112;0,00371576
1,116;0,000118047
1,12;0,00340053
1,124;0,00679797
1,128;0,0100333
1,132;0,0130671
1,136;0,015862
1,14;0,018383
1,144;0,0205979
1,148;0,0224782
1,152;0,0239986
1,156;0,0251381
1,16;0,0258798
1,164;0,0262114
1,168;0,0261254
1,172;0,0256189
1,176;0,0246941
1,18;0,023358
1,184;0,0216226
1,188;0,0195047
1,192;0,0170255
1,196;0,0142109
1,2;0,011091
1,204;0,0076995
1,208;0,00407377
1,212;0,000254232
1,216;0,00371606
1,22;0,00779188
1,224;0,0119264
1,228;0,0160715
1,232;0,0201789
1,236;0,0241998
1,24;0,0280864
1,244;0,0317918
1,248;0,0352709
1,252;0,0384809
1,256;0,0413816
1,26;0,0439362
1,264;0,0461115
1,268;0,0478787
1,272;0,0492133
1,276;0,0500956
1,28;0,0505113
1,284;0,0504513
1,288;0,0499119
1,292;0,0488951
1,296;0,0474085
1,3;0,0454653
1,304;0,0430842
1,308;0,0402891
1,312;0,037109
1,316;0,0335779
1,32;0,0297339
1,324;0,0256193
1,328;0,02128
1,332;0,0167647
1,336;0,012125
1,34;0,007414
1,344;0,00268648
1,348;0,00200229
1,352;0,00659694
1,356;0,0110427
1,36;0,0152861
1,364;0,0192754
1,368;0,0229616
1,372;0,0262987
1,376;0,0292444
1,38;0,0317604
1,384;0,0338135
1,388;0,0353753
1,392;0,0364231
1,396;0,0369399
1,4;0,0369148
1,404;0,0363432
1,408;0,0352268
1,412;0,0335739
1,416;0,0313989
1,42;0,0287226
1,424;0,0255719
1,428;0,0219795
1,432;0,0179835
1,436;0,0136271
1,44;0,00895814
1,444;0,00402864
1,448;0,00110597
1,452;0,00638729
1,456;0,0117547
1,46;0,017146
1,464;0,0224981
1,468;0,0277479
1,472;0,0328328
1,476;0,0376918
1,48;0,0422657
1,484;0,0464983
1,488;0,0503368
1,492;0,0537327
1,496;0,056642
1,5;0,0590262
1,504;0,0608526
1,508;0,0620947
1,512;0,0627326
1,516;0,0627534
1,52;0,0621512
1,524;0,0609274
1,528;0,0590908
1,532;0,0566574
1,536;0,0536502
1,54;0,0500994
1,544;0,0460418
1,548;0,0415202
1,552;0,0365836
1,556;0,0312862
1,56;0,0256867
1,564;0,0198483
1,568;0,0138371
1,572;0,00772228
1,576;0,00157451
1,58;0,00453434
1,584;0,0105322
1,588;0,0163478
1,592;0,0219111
1,596;0,0271547
1,6;0,032014
1,604;0,0364287
1,608;0,0403428
1,612;0,0437058
1,616;0,0464735
1,62;0,0486078
1,624;0,0500779
1,628;0,0508607
1,632;0,0509407
1,636;0,0503106
1,64;0,0489713
1,644;0,0469321
1,648;0,0442106
1,652;0,0408326
1,656;0,0368317
1,66;0,0322493
1,664;0,0271337
1,668;0,0215403
1,672;0,0155303
1,676;0,00917046
1,68;0,0025322
1,684;0,00430909
1,688;0,011275
1,692;0,0182849
1,696;0,0252569
1,7;0,032109
1,704;0,0387596
1,708;0,0451288
1,712;0,0511394
1,716;0,0567176
1,72;0,061794
1,724;0,0663046
1,728;0,0701912
1,732;0,0734025
1,736;0,0758949
1,74;0,0776326
1,744;0,0785882
1,748;0,0787435
1,752;0,0780895
1,756;0,0766264
1,76;0,0743641
1,764;0,0713219
1,768;0,0675284
1,772;0,0630213
1,776;0,057847
1,78;0,0520602
1,784;0,0457233
1,788;0,0389055
1,792;0,0316826
1,796;0,0241355
1,8;0,01635
1,804;0,00841526
1,808;0,000422918
1,812;0,00753371
1,816;0,0153609
1,82;0,0229658
1,824;0,0302569
1,828;0,0371461
1,832;0,0435487
1,836;0,0493852
1,84;0,0545821
1,844;0,0590725
1,848;0,0627974
1,852;0,0657061
1,856;0,0677571
1,86;0,0689185
1,864;0,0691687
1,868;0,0684964
1,872;0,0669012
1,876;0,0643935
1,88;0,0609943
1,884;0,0567354
1,888;0,0516592
1,892;0,0458176
1,896;0,0392724
1,9;0,0320938
1,904;0,0243605
1,908;0,0161581
1,912;0,0075786
1,916;0,00128075
1,92;0,0103185
1,924;0,0194303
1,928;0,0285099
1,932;0,0374504
1,936;0,0461457
1,94;0,0544915
1,944;0,0623867
1,948;0,0697347
1,952;0,0764442
1,956;0,0824307
1,96;0,0876175
1,964;0,0919364
1,968;0,0953288
1,972;0,0977466
1,976;0,0991526
1,98;0,0995211
1,984;0,0988384
1,988;0,0971028
1,992;0,0943254
1,996;0,0905291
2;0,0857494
2,004;0,0800333
2,008;0,0734395
2,012;0,0660374
2,016;0,0579064
2,02;0,0491354
2,024;0,0398216
2,028;0,0300691
2,032;0,0199886
2,036;0,00969526
2,04;0,00069201
2,044;0,0110522
2,048;0,0212635
2,052;0,0312048
2,056;0,0407569
2,06;0,0498043
2,064;0,0582362
2,068;0,0659481
2,072;0,072843
2,076;0,0788326
2,08;0,0838384
2,084;0,0877927
2,088;0,0906396
2,092;0,0923358
2,096;0,0928507
2,1;0,0921678
2,104;0,090284
2,108;0,0872107
2,112;0,0829732
2,116;0,0776105
2,12;0,0711755
2,124;0,0637338
2,128;0,0553637
2,132;0,046155
2,136;0,0362082
2,14;0,0256331
2,144;0,0145483
2,148;0,00307911
2,152;0,00864331
2,156;0,0204837
2,16;0,0323043
2,164;0,0439662
2,168;0,055331
2,172;0,0662628
2,176;0,0766294
2,18;0,086304
2,184;0,0951668
2,188;0,103106
2,192;0,110021
2,196;0,115821
2,2;0,120428
2,204;0,123777
2,208;0,125816
2,212;0,126512
2,216;0,125842
2,22;0,123802
2,224;0,120405
2,228;0,115677
2,232;0,109663
2,236;0,10242
2,24;0,0940229
2,244;0,0845596
2,248;0,0741315
2,252;0,0628522
2,256;0,0508463
2,26;0,0382481
2,264;0,0252
2,268;0,0118511
2,272;0,00164482
2,276;0,0151306
2,28;0,028448
2,284;0,0414393
2,288;0,0539489
2,292;0,0658258
2,296;0,076925
2,3;0,087109
2,304;0,0962502
2,308;0,104232
2,312;0,11095
2,316;0,116313
2,32;0,120248
2,324;0,122694
2,328;0,12361
2,332;0,12297
2,336;0,120769
2,34;0,117017
2,344;0,111745
2,348;0,105002
2,352;0,0968516
2,356;0,0873782
2,36;0,0766804
2,364;0,0648729
2,368;0,0520839
2,372;0,0384548
2,376;0,0241377
2,38;0,0092945
2,384;0,00590549
2,388;0,0212871
2,392;0,0366716
2,396;0,0518784
2,4;0,0667276
2,404;0,0810415
2,408;0,0946475
2,412;0,107379
2,416;0,11908
2,42;0,129603
2,424;0,138813
2,428;0,146592
2,432;0,152834
2,436;0,157452
2,44;0,160378
2,444;0,161562
2,448;0,160975
2,452;0,158606
2,456;0,154468
2,46;0,148593
2,464;0,141034
2,468;0,131866
2,472;0,12118
2,476;0,109088
2,48;0,0957204
2,484;0,0812212
2,488;0,0657508
2,492;0,0494817
2,496;0,0325977
2,5;0,0152913
2,504;0,00223833
2,508;0,0197875
2,512;0,0371504
2,516;0,0541218
2,52;0,0704988
2,524;0,0860841
2,528;0,100687
2,532;0,114129
2,536;0,126239
2,54;0,136866
2,544;0,145869
2,548;0,15313
2,552;0,158546
2,556;0,162039
2,56;0,163548
2,564;0,163039
2,568;0,1605
2,572;0,155941
2,576;0,149397
2,58;0,140929
2,584;0,130617
2,588;0,118565
2,592;0,104901
2,596;0,0897678
2,6;0,0733315
2,604;0,0557726
2,608;0,037287
2,612;0,0180831
2,616;0,00162022
2,62;0,0215963
2,624;0,0416132
2,628;0,0614365
2,632;0,0808318
2,636;0,0995677
2,64;0,117418
2,644;0,134166
2,648;0,149605
2,652;0,163541
2,656;0,175798
2,66;0,186217
2,664;0,194658
2,668;0,201005
2,672;0,205164
2,676;0,207067
2,68;0,20667
2,684;0,203959
2,688;0,198942
2,692;0,191659
2,696;0,182174
2,7;0,170579
2,704;0,156991
2,708;0,14155
2,712;0,124422
2,716;0,105791
2,72;0,085864
2,724;0,0648615
2,728;0,0430207
2,732;0,0205903
2,736;0,002172
2,74;0,025002
2,744;0,0476326
2,748;0,0697963
2,752;0,0912288
2,756;0,111672
2,76;0,130877
2,764;0,148608
2,768;0,164643
2,772;0,178778
2,776;0,19083
2,78;0,200639
2,784;0,208071
2,788;0,213014
2,792;0,215391
2,796;0,215148
2,8;0,212266
2,804;0,206754
2,808;0,198652
2,812;0,188034
2,816;0,175
2,82;0,159681
2,824;0,142236
2,828;0,122851
2,832;0,101736
2,836;0,0791227
2,84;0,0552627
2,844;0,0304249
2,848;0,00489175
2,852;0,0210434
2,856;0,04708
2,86;0,0729133
2,864;0,0982385
2,868;0,122754
2,872;0,146164
2,876;0,168185
2,88;0,188545
2,884;0,206991
2,888;0,223288
2,892;0,237227
2,896;0,248621
2,9;0,257315
2,904;0,263181
2,908;0,266126
2,912;0,266088
2,916;0,263041
2,92;0,256993
2,924;0,247988
2,928;0,236104
2,932;0,221456
2,936;0,20419
2,94;0,184484
2,944;0,162549
2,948;0,13862
2,952;0,112961
2,956;0,085857
2,96;0,0576131
2,964;0,0285503
2,968;0,000997889
2,972;0,0306891
2,976;0,0601763
2,98;0,0891117
2,984;0,117151
2,988;0,143956
2,992;0,169203
2,996;0,192579
3;0,213795
3,004;0,232582
3,008;0,248697
3,012;0,261927
3,016;0,27209
3,02;0,27904
3,024;0,282666
3,028;0,282894
3,032;0,279693
3,036;0,273067
3,04;0,263065
3,044;0,249772
3,048;0,233314
3,052;0,213857
3,056;0,191601
3,06;0,166782
3,064;0,139667
3,068;0,110555
3,072;0,0797692
3,076;0,0476547
3,08;0,0145768
3,084;0,0190852
3,088;0,0529417
3,092;0,086597
3,096;0,119655
3,1;0,151721
3,104;0,182411
3,108;0,211352
3,112;0,238189
3,116;0,262588
3,12;0,28424
3,124;0,302866
3,128;0,318221
3,132;0,330094
3,136;0,338315
3,14;0,342754
3,144;0,343325
3,148;0,339986
3,152;0,33274
3,156;0,321638
3,16;0,306774
3,164;0,288289
3,168;0,266367
3,172;0,241235
3,176;0,213157
3,18;0,182436
3,184;0,14941
3,188;0,114444
3,192;0,0779311
3,196;0,0402863
3,2;0,00194052
3,204;0,0366625
3,208;0,0750722
3,212;0,112836
3,216;0,149506
3,22;0,18464
3,224;0,217813
3,228;0,248619
3,232;0,276673
3,236;0,301622
3,24;0,323146
3,244;0,34096
3,248;0,354821
3,252;0,364532
3,256;0,369941
3,26;0,370945
3,264;0,367492
3,268;0,359583
3,272;0,34727
3,276;0,330658
3,28;0,309902
3,284;0,285209
3,288;0,256832
3,292;0,225071
3,296;0,190269
3,3;0,152805
3,304;0,113096
3,308;0,071586
3,312;0,0287469
3,316;0,014931
3,32;0,0589429
3,324;0,102775
3,328;0,145912
3,332;0,187842
3,336;0,22806
3,34;0,266081
3,344;0,301437
3,348;0,33369
3,352;0,362434
3,356;0,387298
3,36;0,407957
3,364;0,42413
3,368;0,435586
3,372;0,442148
3,376;0,443695
3,38;0,440163
3,384;0,431547
3,388;0,417903
3,392;0,399345
3,396;0,376047
3,4;0,348238
3,404;0,316204
3,408;0,280282
3,412;0,240859
3,416;0,198366
3,42;0,153274
3,424;0,106087
3,428;0,0573406
3,432;0,00759274
3,436;0,0425821
3,44;0,0925992
3,444;0,14187
3,448;0,18981
3,452;0,235844
3,456;0,279415
3,46;0,31999
3,464;0,357065
3,468;0,390173
3,472;0,418891
3,476;0,44284
3,48;0,461698
3,484;0,475196
3,488;0,483128
3,492;0,48535
3,496;0,481784
3,5;0,47242
3,504;0,457314
3,508;0,436593
3,512;0,410448
3,516;0,379137
3,52;0,34298
3,524;0,302358
3,528;0,257707
3,532;0,209515
3,536;0,158313
3,54;0,104677
3,544;0,0492136
3,548;0,00744359
3,552;0,0646402
3,556;0,12171
3,56;0,177983
3,564;0,23279
3,568;0,285476
3,572;0,335404
3,576;0,381961
3,58;0,424573
3,584;0,462702
3,588;0,495861
3,592;0,523615
3,596;0,545591
3,6;0,561478
3,604;0,571033
3,608;0,574088
3,612;0,570549
3,616;0,560395
3,62;0,543688
3,624;0,520563
3,628;0,491233
3,632;0,455987
3,636;0,415184
3,64;0,369253
3,644;0,318686
3,648;0,264035
3,652;0,205903
3,656;0,144941
3,66;0,0818388
3,664;0,0173175
3,668;0,0478788
3,672;0,112991
3,676;0,177255
3,68;0,239909
3,684;0,300203
3,688;0,357407
3,692;0,410824
3,696;0,459792
3,7;0,503695
3,704;0,541974
3,708;0,574127
3,712;0,599722
3,716;0,6184
3,72;0,629877
3,724;0,633955
3,728;0,630519
3,732;0,61954
3,736;0,601079
3,74;0,575285
3,744;0,542394
3,748;0,502727
3,752;0,456689
3,756;0,404762
3,76;0,347502
3,764;0,285533
3,768;0,219538
3,772;0,150255
3,776;0,0784684
3,78;0,00499695
3,784;0,0693124
3,788;0,143595
3,792;0,21698
3,796;0,288597
3,8;0,357591
3,804;0,423127
3,808;0,484407
3,812;0,540671
3,816;0,591214
3,82;0,635392
3,824;0,672629
3,828;0,702424
3,832;0,724361
3,836;0,73811
3,84;0,743437
3,844;0,740202
3,848;0,728366
3,852;0,707989
3,856;0,679234
3,86;0,642362
3,864;0,597731
3,868;0,545796
3,872;0,487099
3,876;0,422267
3,88;0,352006
3,884;0,277091
3,888;0,198359
3,892;0,116699
3,896;0,0330421
3,9;0,0516478
3,904;0,136386
3,908;0,22018
3,912;0,302037
3,916;0,380978
3,92;0,456053
3,924;0,526343
3,928;0,590983
3,932;0,64916
3,936;0,700136
3,94;0,743245
3,944;0,777912
3,948;0,820245
3,952;0,869819
3,956;0,926116
3,96;0,988538
3,964;1,05641
3,968;1,12898
3,972;1,20544
3,976;1,28493
3,98;1,36654
3,984;1,44935
3,988;1,53237
3,992;1,61465
3,996;1,69521
4;1,7731
4,004;1,84736
4,008;1,9171
4,012;1,98146
4,016;2,03964
4,02;2,09089
4,024;2,13455
4,028;2,17004
4,032;2,19688
4,036;2,21466
4,04;2,2231
4,044;2,222
4,048;2,21131
4,052;2,19106
4,056;2,16139
4,06;2,12258
4,064;2,07499
4,068;2,0191
4,072;1,95549
4,076;1,88484
4,08;1,80792
4,084;1,72557
4,088;1,6387
4,092;1,5483
4,096;1,45539
4,1;1,36105
4,104;1,26636
4,108;1,17243
4,112;1,08037
4,116;0,991289
4,12;0,906245
4,124;0,826277
4,128;0,752369
4,132;0,685444
4,136;0,626349
4,14;0,559257
4,144;0,484881
4,148;0,404028
4,152;0,317588
4,156;0,226526
4,16;0,131866
4,164;0,0346884
4,168;0,0638908
4,172;0,162727
4,176;0,260664
4,18;0,356543
4,184;0,449221
4,188;0,537581
4,192;0,620549
4,196;0,6971
4,2;0,76628
4,204;0,827208
4,208;0,879097
4,212;0,921254
4,216;0,953097
4,22;0,974159
4,224;0,984096
4,228;0,982688
4,232;0,969851
4,236;0,945631
4,24;0,910209
4,244;0,863899
4,248;0,807146
4,252;0,740521
4,256;0,664717
4,26;0,580539
4,264;0,488899
4,268;0,390805
4,272;0,287349
4,276;0,179697
4,28;0,0690738
4,284;0,0432499
4,288;0,155971
4,292;0,267772
4,296;0,377331
4,3;0,483343
4,304;0,584531
4,308;0,679666
4,312;0,767575
4,316;0,847162
4,32;0,93401
4,324;1,02717
4,328;1,1256
4,332;1,22819
4,336;1,33379
4,34;1,44117
4,344;1,5491
4,348;1,65631
4,352;1,76154
4,356;1,86353
4,36;1,96107
4,364;2,05296
4,368;2,13807
4,372;2,21535
4,376;2,28382
4,38;2,34259
4,384;2,39089
4,388;2,42805
4,392;2,45354
4,396;2,46695
4,4;2,46803
4,404;2,45663
4,408;2,43278
4,412;2,39666
4,416;2,34856
4,42;2,28896
4,424;2,21844
4,428;2,13772
4,432;2,04768
4,436;1,94927
4,44;1,84358
4,444;1,73178
4,448;1,61513
4,452;1,49494
4,456;1,37261
4,46;1,24955
4,464;1,12718
4,468;1,00697
4,472;0,890324
4,476;0,778658
4,48;0,673323
4,484;0,575614
4,488;0,470152
4,492;0,358104
4,496;0,240725
4,5;0,119344
4,504;0,00465033
4,508;0,129828
4,512;0,25473
4,516;0,377889
4,52;0,497844
4,524;0,613158
4,528;0,722436
4,532;0,824342
4,536;0,917613
4,54;1,00108
4,544;1,07366
4,548;1,13442
4,552;1,18254
4,556;1,21732
4,56;1,23826
4,564;1,24496
4,568;1,23724
4,572;1,21504
4,576;1,17849
4,58;1,1279
4,584;1,06373
4,588;0,986613
4,592;0,897331
4,596;0,796823
4,6;0,686168
4,604;0,566572
4,608;0,439357
4,612;0,305947
4,616;0,16785
4,62;0,0266448
4,624;0,11604
4,628;0,258544
4,632;0,399193
4,636;0,53632
4,64;0,668285
4,644;0,793492
4,648;0,910411
4,652;1,03419
4,656;1,16343
4,66;1,29668
4,664;1,4324
4,668;1,56902
4,672;1,70496
4,676;1,8386
4,68;1,96836
4,684;2,09268
4,688;2,21005
4,692;2,31904
4,696;2,41829
4,7;2,50654
4,704;2,58266
4,708;2,64565
4,712;2,69465
4,716;2,72896
4,72;2,74804
4,724;2,75152
4,728;2,73924
4,732;2,71118
4,736;2,66754
4,74;2,60868
4,744;2,53517
4,748;2,44771
4,752;2,34723
4,756;2,23478
4,76;2,11156
4,764;1,97893
4,768;1,83836
4,772;1,69143
4,776;1,5398
4,78;1,38521
4,784;1,22944
4,788;1,07431
4,792;0,921656
4,796;0,773281
4,8;0,630969
4,804;0,496443
4,808;0,354759
4,812;0,207515
4,816;0,0563882
4,82;0,0968837
4,824;0,250522
4,828;0,402726
4,832;0,551699
4,836;0,695662
4,84;0,832881
4,844;0,961684
4,848;1,08049
4,852;1,1878
4,856;1,28226
4,86;1,36265
4,864;1,42789
4,868;1,47708
4,872;1,5095
4,876;1,52462
4,88;1,52209
4,884;1,5018
4,888;1,46382
4,892;1,40842
4,896;1,33612
4,9;1,24759
4,904;1,14374
4,908;1,02564
4,912;0,894545
4,916;0,751881
4,92;0,599213
4,924;0,438244
4,928;0,270787
4,932;0,0987472
4,936;0,075898
4,94;0,251123
4,944;0,424877
4,948;0,595108
4,952;0,759786
4,956;0,91693
4,96;1,08122
4,964;1,25079
4,968;1,42371
4,972;1,59797
4,976;1,77154
4,98;1,94238
4,984;2,10845
4,988;2,26777
4,992;2,41841
4,996;2,55852
5;2,68636
5,004;2,80032
5,008;2,89894
5,012;2,98091
5,016;3,04514
5,02;3,09069
5,024;3,11688
5,028;3,12321
5,032;3,10944
5,036;3,07553
5,04;3,02171
5,044;2,94843
5,048;2,85637
5,052;2,74644
5,056;2,61977
5,06;2,4777
5,064;2,32174
5,068;2,15361
5,072;1,97517
5,076;1,78841
5,08;1,59545
5,084;1,39851
5,088;1,19985
5,092;1,00179
5,096;0,806666
5,1;0,616785
5,104;0,434426
5,108;0,245203
5,112;0,0512739
5,116;0,145128
5,12;0,341721
5,124;0,5362
5,128;0,726264
5,132;0,909642
5,136;1,08412
5,14;1,24758
5,144;1,39799
5,148;1,53348
5,152;1,65232
5,156;1,75295
5,16;1,83405
5,164;1,89448
5,168;1,93333
5,172;1,94997
5,176;1,944
5,18;1,91527
5,184;1,86392
5,188;1,79035
5,192;1,69522
5,196;1,57945
5,2;1,44421
5,204;1,29091
5,208;1,12119
5,212;0,936891
5,216;0,740039
5,22;0,532831
5,224;0,317606
5,228;0,0968165
5,232;0,126998
5,236;0,351238
5,24;0,573278
5,244;0,79049
5,248;1,00028
5,252;1,21672
5,256;1,43733
5,26;1,65955
5,264;1,8808
5,268;2,09846
5,272;2,30996
5,276;2,51274
5,28;2,70437
5,284;2,88248
5,288;3,04487
5,292;3,18948
5,296;3,31446
5,3;3,41817
5,304;3,49918
5,308;3,55636
5,312;3,58881
5,316;3,59592
5,32;3,57738
5,324;3,53319
5,328;3,46361
5,332;3,36925
5,336;3,25098
5,34;3,10997
5,344;2,94767
5,348;2,7658
5,352;2,5663
5,356;2,35137
5,36;2,12338
5,364;1,88488
5,368;1,63859
5,372;1,38732
5,376;1,13397
5,38;0,881506
5,384;0,632886
5,388;0,391067
5,392;0,142353
5,396;0,110399
5,4;0,364261
5,404;0,616263
5,408;0,863433
5,412;1,10283
5,416;1,33156
5,42;1,54686
5,424;1,74608
5,428;1,92673
5,432;2,08652
5,436;2,22339
5,44;2,33553
5,444;2,42139
5,448;2,47974
5,452;2,50963
5,456;2,51046
5,46;2,48195
5,464;2,42418
5,468;2,33755
5,472;2,22282
5,476;2,08109
5,48;1,91376
5,484;1,72258
5,488;1,50956
5,492;1,27702
5,496;1,02749
5,5;0,763763
5,504;0,488793
5,508;0,205709
5,512;0,0822432
5,516;0,371728
5,52;0,659362
5,524;0,941755
5,528;1,21554
5,532;1,49403
5,536;1,774
5,54;2,05217
5,544;2,32526
5,548;2,59003
5,552;2,84329
5,556;3,08196
5,56;3,30311
5,564;3,504
5,568;3,68207
5,572;3,83503
5,576;3,96087
5,58;4,05785
5,584;4,12458
5,588;4,15999
5,592;4,1634
5,596;4,13447
5,6;4,07325
5,604;3,98016
5,608;3,856
5,612;3,70196
5,616;3,51956
5,62;3,31069
5,624;3,07757
5,628;2,8227
5,632;2,54888
5,636;2,25915
5,64;1,95677
5,644;1,64517
5,648;1,32792
5,652;1,00869
5,656;0,691209
5,66;0,379223
5,664;0,059846
5,668;0,263242
5,672;0,586284
5,676;0,90549
5,68;1,21708
5,684;1,51732
5,688;1,8026
5,692;2,06943
5,696;2,31451
5,7;2,53476
5,704;2,72739
5,708;2,88987
5,712;3,02003
5,716;3,11605
5,72;3,1765
5,724;3,20033
5,728;3,18694
5,732;3,13615
5,736;3,04821
5,74;2,92383
5,744;2,76412
5,748;2,57065
5,752;2,34537
5,756;2,09065
5,76;1,8092
5,764;1,50408
5,768;1,17866
5,772;0,836573
5,776;0,481682
5,78;0,118035
5,784;0,25018
5,788;0,618686
5,792;0,98316
5,796;1,33929
5,8;1,69942
5,804;2,05935
5,808;2,41486
5,812;2,76174
5,816;3,09584
5,82;3,41313
5,824;3,70972
5,828;3,98196
5,832;4,22642
5,836;4,44
5,84;4,61989
5,844;4,76369
5,848;4,86937
5,852;4,93537
5,856;4,96053
5,86;4,94419
5,864;4,88618
5,868;4,78679
5,872;4,64682
5,876;4,46753
5,88;4,25068
5,884;3,99847
5,888;3,71354
5,892;3,39893
5,896;3,05807
5,9;2,69471
5,904;2,31293
5,908;1,91702
5,912;1,51152
5,916;1,10108
5,92;0,69048
5,924;0,284537
5,928;0,128538
5,932;0,543963
5,936;0,956885
5,94;1,36244
5,944;1,75579
5,948;2,13223
5,952;2,48717
5,956;2,81626
5,96;3,1154
5,964;3,38082
5,968;3,60908
5,972;3,79719
5,976;3,94255
5,98;4,04309
5,984;4,09722
5,988;4,10387
5,992;4,06255
5,996;3,9733
6;3,83673
6,004;3,65401
6,008;3,42689
6,012;3,1576
6,016;2,84894
6,02;2,50417
6,024;2,127
6,028;1,72157
6,032;1,29237
6,036;0,844233
6,04;0,38224
6,044;0,0883131
6,048;0,561983
6,052;1,03324
6,056;1,49654
6,06;1,96295
6,064;2,42704
6,068;2,88335
6,072;3,32644
6,076;3,75099
6,08;4,15187
6,084;4,52414
6,088;4,86319
6,092;5,16473
6,096;5,42489
6,1;5,64023
6,104;5,80782
6,108;5,92527
6,112;5,99075
6,116;6,003
6,12;5,96141
6,124;5,86598
6,128;5,71733
6,132;5,51674
6,136;5,26607
6,14;4,96783
6,144;4,62507
6,148;4,24142
6,152;3,821
6,156;3,36842
6,16;2,88869
6,164;2,3872
6,168;1,86963
6,172;1,34192
6,176;0,810151
6,18;0,280538
6,184;0,240688
6,188;0,763929
6,192;1,28306
6,196;1,79196
6,2;2,28456
6,204;2,75494
6,208;3,19737
6,212;3,60641
6,216;3,97695
6,22;4,3043
6,224;4,58423
6,228;4,81303
6,232;4,98754
6,236;5,10522
6,24;5,16418
6,244;5,1632
6,248;5,10174
6,252;4,97997
6,256;4,79879
6,26;4,55976
6,264;4,26518
6,268;3,918
6,272;3,52182
6,276;3,08083
6,28;2,59981
6,284;2,08403
6,288;1,53924
6,292;0,971567
6,296;0,387457
6,3;0,206383
6,304;0,803071
6,308;1,39563
6,312;1,99367
6,316;2,59022
6,32;3,17827
6,324;3,75084
6,328;4,30107
6,332;4,8223
6,336;5,30816
6,34;5,75262
6,344;6,15009
6,348;6,49549
6,352;6,78428
6,356;7,01257
6,36;7,17713
6,364;7,27545
6,368;7,30578
6,372;7,26714
6,376;7,15936
6,38;6,98308
6,384;6,73975
6,388;6,43162
6,392;6,06171
6,396;5,6338
6,4;5,15238
6,404;4,62263
6,408;4,05031
6,412;3,44177
6,416;2,8038
6,42;2,14363
6,424;1,46881
6,428;0,787107
6,432;0,106473
6,436;0,565101
6,44;1,23625
6,444;1,89909
6,448;2,54576
6,452;3,16855
6,456;3,75992
6,46;4,31264
6,464;4,81989
6,468;5,2753
6,472;5,67305
6,476;6,00796
6,48;6,27552
6,484;6,47199
6,488;6,59442
6,492;6,6407
6,496;6,60959
6,5;6,50076
6,504;6,31478
6,508;6,05313
6,512;5,7182
6,516;5,31326
6,52;4,84241
6,524;4,31059
6,528;3,72348
6,532;3,08748
6,536;2,4096
6,54;1,6974
6,544;0,958954
6,548;0,20267
6,552;0,562737
6,556;1,32837
6,56;2,08524
6,564;2,84099
6,568;3,58673
6,572;4,31364
6,576;5,013
6,58;5,67636
6,584;6,29562
6,588;6,8631
6,592;7,37168
6,596;7,81486
6,6;8,18684
6,604;8,48261
6,608;8,69802
6,612;8,82981
6,616;8,87566
6,62;8,83428
6,624;8,70534
6,628;8,48957
6,632;8,18871
6,636;7,80552
6,64;7,34376
6,644;6,80812
6,648;6,20423
6,652;5,53854
6,656;4,81831
6,66;4,0515
6,664;3,24668
6,668;2,41295
6,672;1,55982
6,676;0,697142
6,68;0,165059
6,684;1,03325
6,688;1,89731
6,692;2,74705
6,696;3,57238
6,7;4,36339
6,704;5,11048
6,708;5,8045
6,712;6,43682
6,716;6,99946
6,72;7,48519
6,724;7,8876
6,728;8,20124
6,732;8,4216
6,736;8,54525
6,74;8,56988
6,744;8,49429
6,748;8,31847
6,752;8,04355
6,756;7,67189
6,76;7,20694
6,764;6,65334
6,768;6,01676
6,772;5,30393
6,776;4,52251
6,78;3,68106
6,784;2,7889
6,788;1,85604
6,792;0,893061
6,796;0,0890156
6,8;1,07884
6,804;2,06486
6,808;3,05208
6,812;4,02892
6,816;4,98382
6,82;5,90539
6,824;6,7825
6,828;7,60446
6,832;8,36113
6,836;9,04303
6,84;9,6415
6,844;10,1487
6,848;10,558
6,852;10,8635
6,856;11,0609
6,86;11,1467
6,864;11,119
6,868;10,9771
6,872;10,7215
6,876;10,3544
6,88;9,87884
6,884;9,29958
6,888;8,62243
6,892;7,85446
6,896;7,00384
6,9;6,07982
6,904;5,09256
6,908;4,05307
6,912;2,97309
6,916;1,86491
6,92;0,741282
6,924;0,384752
6,928;1,5
6,932;2,60787
6,936;3,6953
6,94;4,74935
6,944;5,75734
6,948;6,70703
6,952;7,58675
6,956;8,38554
6,96;9,09329
6,964;9,70088
6,968;10,2003
6,972;10,5846
6,976;10,8484
6,98;10,9873
6,984;10,9988
6,988;10,8813
6,992;10,6353
6,996;10,2624
7;9,76574
7,004;9,15014
7,008;8,42171
7,012;7,58798
7,016;6,65776
7,02;5,64111
7,024;4,54917
7,028;3,39406
7,032;2,18877
7,036;0,946983
7,04;0,317062
7,044;1,58873
7,048;2,85318
7,052;4,1121
7,056;5,35066
7,06;6,55415
7,064;7,70813
7,068;8,79861
7,072;9,81222
7,076;10,7364
7,08;11,5594
7,084;12,2708
7,088;12,8611
7,092;13,3223
7,096;13,6479
7,1;13,8327
7,104;13,8735
7,108;13,7683
7,112;13,517
7,116;13,1214
7,12;12,5847
7,124;11,912
7,128;11,1099
7,132;10,1866
7,136;9,15193
7,14;8,01696
7,144;6,79412
7,148;5,49695
7,152;4,14001
7,156;2,73867
7,16;1,30896
7,164;0,132579
7,168;1,56916
7,172;3,00046
7,176;4,40965
7,18;5,77999
7,184;7,09505
7,188;8,33889
7,192;9,49628
7,196;10,5529
7,2;11,4953
7,204;12,3115
7,208;12,9908
7,212;13,524
7,216;13,9034
7,22;14,1232
7,224;14,1794
7,228;14,0699
7,232;13,7944
7,236;13,3546
7,24;12,7543
7,244;11,999
7,248;11,0962
7,252;10,0551
7,256;8,88675
7,26;7,60361
7,264;6,21974
7,268;4,75045
7,272;3,21222
7,276;1,62246
7,28;0,000629883
7,284;1,63832
7,288;3,27152
7,292;4,89762
7,296;6,49748
7,3;8,0521
7,304;9,5428
7,308;10,9515
7,312;12,261
7,316;13,455
7,32;14,5184
7,324;15,4376
7,328;16,2005
7,332;16,7966
7,336;17,2176
7,34;17,4569
7,344;17,51
7,348;17,3746
7,352;17,0505
7,356;16,54
7,36;15,8473
7,364;14,9788
7,368;13,9431
7,372;12,751
7,376;11,4149
7,38;9,94924
7,384;8,37004
7,388;6,69479
7,392;4,94228
7,396;3,13237
7,4;1,28578
7,404;0,576157
7,408;2,43174
7,412;4,27572
7,416;6,08637
7,42;7,84213
7,424;9,52191
7,428;11,1053
7,432;12,5729
7,436;13,9063
7,44;15,0889
7,444;16,1051
7,448;16,9418
7,452;17,5874
7,456;18,0325
7,46;18,2703
7,464;18,2959
7,468;18,1072
7,472;17,7045
7,476;17,0905
7,48;16,2705
7,484;15,2523
7,488;14,046
7,492;12,664
7,496;11,1211
7,5;9,43379
7,504;7,62061
7,508;5,70169
7,512;3,69859
7,516;1,63404
7,52;0,46829
7,524;2,58407
7,528;4,6886
7,532;6,77368
7,536;8,81467
7,54;10,7872
7,544;12,6676
7,548;14,4328
7,552;16,0612
7,556;17,5323
7,56;18,8276
7,564;19,9302
7,568;20,8254
7,572;21,5009
7,576;21,9467
7,58;22,1555
7,584;22,1227
7,588;21,8466
7,592;21,328
7,596;20,571
7,6;19,5823
7,604;18,3713
7,608;16,9502
7,612;15,3339
7,616;13,5395
7,62;11,5864
7,624;9,49614
7,628;7,29199
7,632;4,99878
7,636;2,64261
7,64;0,250541
7,644;2,14967
7,648;4,54654
7,652;6,9119
7,656;9,21772
7,66;11,4364
7,664;13,5411
7,668;15,5062
7,672;17,3072
7,676;18,9216
7,68;20,3288
7,684;21,5103
7,688;22,4502
7,692;23,1353
7,696;23,5553
7,7;23,7029
7,704;23,5738
7,708;23,167
7,712;22,4849
7,716;21,5328
7,72;20,3196
7,724;18,857
7,728;17,1601
7,732;15,2465
7,736;13,1369
7,74;10,854
7,744;8,42325
7,748;5,87172
7,752;3,22827
7,756;0,523087
7,76;2,21265
7,764;4,94711
7,768;7,6648
7,772;10,3337
7,776;12,922
7,78;15,3986
7,784;17,7335
7,788;19,898
7,792;21,8651
7,796;23,61
7,8;25,1101
7,804;26,3457
7,808;27,2999
7,812;27,9589
7,816;28,3122
7,82;28,3531
7,824;28,0781
7,828;27,4877
7,832;26,5859
7,836;25,3805
7,84;23,8828
7,844;22,1077
7,848;20,0737
7,852;17,8022
7,856;15,3177
7,86;12,6474
7,864;9,82095
7,868;6,87015
7,872;3,82847
7,876;0,730772
7,88;2,38711
7,884;5,48877
7,888;8,55426
7,892;11,5473
7,896;14,4321
7,9;17,1738
7,904;19,739
7,908;22,0959
7,912;24,2151
7,916;26,0695
7,92;27,6349
7,924;28,8904
7,928;29,8184
7,932;30,4051
7,936;30,6404
7,94;30,5185
7,944;30,0375
7,948;29,1998
7,952;28,012
7,956;26,4849
7,96;24,6332
7,964;22,4759
7,968;20,0355
7,972;17,3379
7,976;14,4125
7,98;11,2917
7,984;8,01014
7,988;4,60498
7,992;1,11502
7,996;2,41954
8;5,95765
8,004;9,47442
8,008;12,9284
8,012;16,2785
8,016;19,4844
8,02;22,5072
8,024;25,3099
8,028;27,8575
8,032;30,1178
8,036;32,0616
8,04;33,6635
8,044;34,9013
8,048;35,7573
8,052;36,218
8,056;36,2744
8,06;35,9222
8,064;35,1617
8,068;33,9983
8,072;32,442
8,076;30,5073
8,08;28,2136
8,084;25,5846
8,088;22,648
8,092;19,4355
8,096;15,9824
8,1;12,3269
8,104;8,51006
8,108;4,57527
8,112;0,567609
8,116;3,46657
8,12;7,49676
8,124;11,4756
8,128;15,3561
8,132;19,0916
8,136;22,6371
8,14;25,9493
8,144;28,9871
8,148;31,7125
8,152;34,0906
8,156;36,0904
8,16;37,685
8,164;38,852
8,168;39,5738
8,172;39,8379
8,176;39,6371
8,18;38,9695
8,184;37,8388
8,188;36,2539
8,192;34,2294
8,196;31,785
8,2;28,9456
8,204;25,741
8,208;22,2054
8,212;18,3773
8,216;14,299
8,22;10,0161
8,224;5,57687
8,228;1,03211
8,232;3,56585
8,236;8,16354
8,24;12,7236
8,244;17,1922
8,248;21,5161
8,252;25,6432
8,256;29,5234
8,26;33,1087
8,264;36,3546
8,268;39,2199
8,272;41,6674
8,276;43,6647
8,28;45,1843
8,284;46,2039
8,288;46,7072
8,292;46,6834
8,296;46,1282
8,3;45,0432
8,304;43,4363
8,308;41,3217
8,312;38,7195
8,316;35,6559
8,32;32,1627
8,324;28,2769
8,328;24,0406
8,332;19,5002
8,336;14,7064
8,34;9,71302
8,344;4,57689
8,348;0,643028
8,352;5,88625
8,356;11,1081
8,36;16,247
8,364;21,242
8,368;26,0331
8,372;30,5624
8,376;34,7743
8,38;38,6164
8,384;42,0404
8,388;45,0022
8,392;47,463
8,396;49,3893
8,4;50,7537
8,404;51,5351
8,408;51,719
8,412;51,2978
8,416;50,2711
8,42;48,6453
8,424;46,4341
8,428;43,6581
8,432;40,3448
8,436;36,5282
8,44;32,2486
8,444;27,5518
8,448;22,4893
8,452;17,1172
8,456;11,4956
8,46;5,68827
8,464;0,238335
8,468;6,21577
8,472;12,1744
8,476;18,0606
8,48;23,8048
8,484;29,3382
8,488;34,5941
8,492;39,5081
8,496;44,0197
8,5;48,0721
8,504;51,6137
8,508;54,5983
8,512;56,9859
8,516;58,7429
8,52;59,843
8,524;60,2675
8,528;60,0052
8,532;59,0529
8,536;57,4156
8,54;55,1062
8,544;52,1458
8,548;48,5631
8,552;44,3947
8,556;39,6841
8,56;34,4816
8,564;28,8438
8,568;22,833
8,572;16,5162
8,576;9,96487
8,58;3,25368
8,584;3,54005
8,588;10,3374
8,592;17,0751
8,596;23,6737
8,6;30,0545
8,604;36,1406
8,608;41,858
8,612;47,1361
8,616;51,9092
8,62;56,1166
8,624;59,7038
8,628;62,6232
8,632;64,8343
8,636;66,3049
8,64;67,0109
8,644;66,9372
8,648;66,0775
8,652;64,4349
8,656;62,0214
8,66;58,8585
8,664;54,9764
8,668;50,4141
8,672;45,2191
8,676;39,4465
8,68;33,1588
8,684;26,4252
8,688;19,3206
8,692;11,925
8,696;4,3225
8,7;3,3995
8,704;11,1515
8,708;18,8595
8,712;26,4325
8,716;33,7805
8,72;40,8153
8,724;47,4514
8,728;53,6074
8,732;59,2067
8,736;64,1786
8,74;68,459
8,744;71,9914
8,748;74,7276
8,752;76,6284
8,756;77,6637
8,76;77,8137
8,764;77,0684
8,768;75,4287
8,772;72,9055
8,776;69,5205
8,78;65,3055
8,784;60,3026
8,788;54,5633
8,792;48,1482
8,796;41,1265
8,8;33,575
8,804;25,5776
8,808;17,2241
8,812;8,60916
8,816;0,168372
8,82;9,00703
8,824;17,8203
8,828;26,5044
8,832;34,9564
8,836;43,075
8,84;50,762
8,844;57,9231
8,848;64,4696
8,852;70,3192
8,856;75,3968
8,86;79,6359
8,864;82,9792
8,868;85,3793
8,872;86,7994
8,876;87,2141
8,88;86,6094
8,884;84,9831
8,888;82,345
8,892;78,7169
8,896;74,1325
8,9;68,6367
8,904;62,2859
8,908;55,1469
8,912;47,2961
8,916;38,8193
8,92;29,8104
8,924;20,37
8,928;10,6052
8,932;0,627557
8,936;9,44783
8,94;19,5036
8,944;29,4382
8,948;39,1339
8,952;48,4748
8,956;57,3482
8,96;65,6456
8,964;73,2644
8,968;80,1092
8,972;86,0926
8,976;91,1365
8,98;95,1733
8,984;98,1465
8,988;100,012
8,992;100,737
8,996;100,303
9;98,7043
9,004;95,9499
9,008;92,0612
9,012;87,0735
9,016;81,0354
9,02;74,0082
9,024;66,0654
9,028;57,292
9,032;47,7832
9,036;37,644
9,04;26,9877
9,044;15,9347
9,048;4,61087
9,052;6,85321
9,056;18,3243
9,06;29,6846
9,064;40,7996
9,068;51,5368
9,072;61,7668
9,076;71,365
9,08;80,2129
9,084;88,2
9,088;95,2247
9,092;101,196
9,096;106,034
9,1;109,672
9,104;112,056
9,108;113,147
9,112;112,921
9,116;111,368
9,12;108,494
9,124;104,321
9,128;98,8862
9,132;92,2421
9,136;84,4556
9,14;75,6076
9,144;65,7924
9,148;55,1164
9,152;43,697
9,156;31,6614
9,16;19,1454
9,164;6,29132
9,168;6,75298
9,172;19,8362
9,176;32,8218
9,18;45,5565
9,184;57,8886
9,188;69,6698
9,192;80,7568
9,196;91,0132
9,2;100,311
9,204;108,533
9,208;115,573
9,212;121,336
9,216;125,745
9,22;128,735
9,224;130,258
9,228;130,282
9,232;128,795
9,236;125,8
9,24;121,318
9,244;115,388
9,248;108,067
9,252;99,4285
9,256;89,5613
9,26;78,5703
9,264;66,5742
9,268;53,7046
9,272;40,1048
9,276;25,9275
9,28;11,334
9,284;3,50838
9,288;18,4277
9,292;33,2661
9,296;47,8489
9,3;62,0025
9,304;75,5572
9,308;88,3483
9,312;100,219
9,316;111,021
9,32;120,619
9,324;128,889
9,328;135,721
9,332;141,023
9,336;144,719
9,34;146,75
9,344;147,078
9,348;145,683
9,352;142,566
9,356;137,749
9,36;131,271
9,364;123,195
9,368;113,6
9,372;102,585
9,376;90,2673
9,38;76,7785
9,384;62,2667
9,388;46,8928
9,392;30,8294
9,396;14,2587
9,4;2,62938
9,404;19,6396
9,408;36,5901
9,412;53,2815
9,416;69,5155
9,42;85,0975
9,424;99,8388
9,428;113,559
9,432;126,087
9,436;137,266
9,44;146,953
9,444;155,019
9,448;161,356
9,452;165,874
9,456;168,503
9,46;169,195
9,464;167,925
9,468;164,689
9,472;159,508
9,476;152,426
9,48;143,507
9,484;132,839
9,488;120,533
9,492;106,718
9,496;91,5412
9,5;75,1695
9,504;57,7839
9,508;39,5792
9,512;20,7615
9,516;1,54604
9,52;17,8453
9,524;37,1866
9,528;56,267
9,532;74,8603
9,536;92,744
9,54;109,702
9,544;125,526
9,548;140,021
9,552;153,005
9,556;164,311
9,56;173,793
9,564;181,32
9,568;186,789
9,572;190,116
9,576;191,243
9,58;190,136
9,584;186,788
9,588;181,218
9,592;173,471
9,596;163,619
9,6;151,758
9,604;138,009
9,608;122,516
9,612;105,445
9,616;86,9825
9,62;67,3319
9,624;46,7132
9,628;25,3596
9,632;3,5149
9,636;18,5689
9,64;40,635
9,644;62,4409
9,648;83,7283
9,652;104,243
9,656;123,737
9,66;141,972
9,664;158,723
9,668;173,78
9,672;186,951
9,676;198,065
9,68;206,972
9,684;213,547
9,688;217,693
9,692;219,339
9,696;218,443
9,7;214,992
9,704;209,004
9,708;200,525
9,712;189,633
9,716;176,434
9,72;161,062
9,724;143,677
9,728;124,465
9,732;103,635
9,736;81,4161
9,74;58,0574
9,744;33,8221
9,748;8,98676
9,752;16,1627
9,756;41,3341
9,76;66,2489
9,764;90,6123
9,768;114,134
9,772;136,529
9,776;157,526
9,78;176,865
9,784;194,304
9,788;209,621
9,792;222,618
9,796;233,121
9,8;240,984
9,804;246,091
9,808;248,356
9,812;247,729
9,816;244,189
9,82;237,752
9,824;228,467
9,828;216,417
9,832;201,719
9,836;184,521
9,84;165,002
9,844;143,37
9,848;119,86
9,852;94,7304
9,856;68,2617
9,86;40,7522
9,864;12,5152
9,868;16,1245
9,872;44,8346
9,876;73,2954
9,88;101,171
9,884;128,128
9,888;153,843
9,892;178,003
9,896;200,309
9,9;220,484
9,904;238,271
9,908;253,441
9,912;265,79
9,916;275,15
9,92;281,382
9,924;284,386
9,928;284,097
9,932;280,488
9,936;273,572
9,94;263,4
9,944;250,061
9,948;233,684
9,952;214,433
9,956;192,508
9,96;168,142
9,964;141,599
9,968;113,17
9,972;83,1717
9,976;51,9422
9,98;19,8366
9,984;12,7764
9,988;45,5188
9,992;78,024
9,996;109,909
10;140,793
10,004;170,305
10,008;198,087
10,012;223,796
10,016;247,113
10,02;267,742
10,024;285,417
10,028;299,903
10,032;311,001
10,036;318,552
10,04;322,433
10,044;322,566
10,048;318,916
10,052;311,491
10,056;300,344
10,06;285,572
10,064;267,315
10,068;245,757
10,072;221,119
10,076;193,664
10,08;163,688
10,084;131,519
10,088;97,5157
10,092;62,06
10,096;25,5548
10,1;11,581
10,104;48,9176
10,108;86,0353
10,112;122,496
10,116;157,867
10,12;191,723
10,124;223,653
10,128;253,264
10,132;280,189
10,136;304,087
10,14;324,65
10,144;341,607
10,148;354,725
10,152;363,818
10,156;368,74
10,16;369,396
10,164;365,741
10,168;357,778
10,172;345,562
10,176;329,196
10,18;308,836
10,184;284,684
10,188;256,989
10,192;226,045
10,196;192,184
10,2;155,777
10,204;117,23
10,208;76,9732
10,212;35,4652
10,216;6,81879
10,22;49,3897
10,224;91,7671
10,228;133,452
10,232;173,95
10,236;212,773
10,24;249,452
10,244;283,537
10,248;314,604
10,252;342,262
10,256;366,155
10,26;385,968
10,264;401,432
10,268;412,327
10,272;418,482
10,276;419,783
10,28;416,171
10,284;407,642
10,288;394,254
10,292;376,118
10,296;353,405
10,3;326,34
10,304;295,2
10,308;260,315
10,312;222,058
10,316;180,85
10,32;137,146
10,324;91,4367
10,328;44,2403
10,332;3,90305
10,336;52,4369
10,34;100,812
10,344;148,459
10,348;194,813
10,352;239,318
10,356;281,435
10,36;320,648
10,364;356,471
10,368;388,452
10,372;416,183
10,376;439,297
10,38;457,484
10,384;470,484
10,388;478,098
10,392;480,187
10,396;476,678
10,4;467,561
10,404;452,891
10,408;432,791
10,412;407,448
10,416;377,11
10,42;342,088
10,424;302,752
10,428;259,524
10,432;212,875
10,436;163,321
10,44;111,419
10,444;57,7551
10,448;2,9435
10,452;52,3831
10,456;107,58
10,46;162,016
10,464;215,044
10,468;266,029
10,472;314,356
10,476;359,433
10,48;400,701
10,484;437,642
10,488;469,782
10,492;496,703
10,496;518,039
10,5;533,491
10,504;542,823
10,508;545,871
10,512;542,542
10,516;532,817
10,52;516,752
10,524;494,478
10,528;466,2
10,532;432,197
10,536;392,814
10,54;348,465
10,544;299,625
10,548;246,827
10,552;190,654
10,556;131,735
10,56;70,7368
10,564;8,35526
10,568;54,6898
10,572;117,665
10,576;179,846
10,58;240,498
10,584;298,895
10,588;354,33
10,592;406,127
10,596;453,644
10,6;496,287
10,604;533,509
10,608;564,825
10,612;589,815
10,616;608,127
10,62;619,486
10,624;623,696
10,628;620,643
10,632;610,297
10,636;592,712
10,64;568,029
10,644;536,475
10,648;498,356
10,652;454,061
10,656;404,053
10,66;348,867
10,664;289,104
10,668;225,423
10,672;158,537
10,676;89,2005
10,68;18,2051
10,684;53,6311
10,688;125,473
10,692;196,494
10,696;265,853
10,7;332,723
10,704;396,294
10,708;455,792
10,712;510,482
10,716;559,678
10,72;602,754
10,724;639,148
10,728;668,372
10,732;690,019
10,736;703,767
10,74;709,382
10,744;706,724
10,748;695,75
10,752;676,513
10,756;649,165
10,76;613,951
10,764;571,215
10,768;521,389
10,772;464,994
10,776;402,631
10,78;334,98
10,784;262,784
10,788;186,851
10,792;108,037
10,796;27,2404
10,8;54,6078
10,804;136,557
10,808;217,664
10,812;296,969
10,816;373,524
10,82;446,408
10,824;514,731
10,828;577,65
10,832;634,379
10,836;684,195
10,84;726,451
10,844;760,584
10,848;786,118
10,852;802,676
10,856;809,983
10,86;807,868
10,864;796,272
10,868;775,245
10,872;744,947
10,876;705,65
10,88;657,734
10,884;601,682
10,888;538,079
10,892;467,602
10,896;391,016
10,9;309,165
10,904;222,96
10,908;133,374
10,912;41,4271
10,916;51,8228
10,92;145,294
10,924;237,907
10,928;328,569
10,932;416,198
10,936;499,738
10,94;578,173
10,944;650,534
10,948;715,919
10,952;773,496
10,956;822,52
10,96;862,338
10,964;892,399
10,968;912,261
10,972;921,6
10,976;920,21
10,98;908,011
10,984;885,047
10,988;851,491
10,992;807,639
10,996;753,914
11;690,856
11,004;619,12
11,008;539,47
11,012;452,767
11,016;359,967
11,02;262,101
11,024;160,273
11,028;55,641
11,032;50,5922
11,036;157,195
11,04;262,936
11,044;366,567
11,048;466,854
11,052;562,588
11,056;652,606
11,06;735,799
11,064;811,13
11,068;877,642
11,072;934,477
11,076;980,879
11,08;1.016,21
11,084;1.039,95
11,088;1.051,73
11,092;1.051,28
11,096;1.038,51
11,1;1.013,46
11,104;976,311
11,108;927,382
11,112;867,145
11,116;796,203
11,12;715,293
11,124;625,273
11,128;527,117
11,132;421,902
11,136;310,8
11,14;195,06
11,144;75,9981
11,148;45,0183
11,152;166,587
11,156;287,304
11,16;405,744
11,164;520,497
11,168;630,184
11,172;733,471
11,176;829,089
11,18;915,846
11,184;992,643
11,188;1.058,49
11,192;1.112,51
11,196;1.153,98
11,2;1.182,27
11,204;1.196,95
11,208;1.197,72
11,212;1.184,45
11,216;1.157,16
11,22;1.116,04
11,224;1.061,45
11,228;993,917
11,232;914,109
11,236;822,851
11,24;721,111
11,244;609,987
11,248;490,699
11,252;364,572
11,256;233,024
11,26;97,5496
11,264;40,2979
11,268;178,922
11,272;316,721
11,276;452,069
11,28;583,356
11,284;709,006
11,288;827,492
11,292;937,36
11,296;1.037,24
11,3;1.125,88
11,304;1.202,12
11,308;1.264,97
11,312;1.313,56
11,316;1.347,19
11,32;1.365,34
11,324;1.367,65
11,328;1.353,95
11,332;1.324,26
11,336;1.278,78
11,34;1.217,89
11,344;1.142,18
11,348;1.052,4
11,352;949,474
11,356;834,49
11,36;708,688
11,364;573,447
11,368;430,268
11,372;280,759
11,376;126,617
11,38;30,3922
11,384;188,452
11,388;345,733
11,392;500,385
11,396;650,567
11,4;794,478
11,404;930,371
11,408;1.056,58
11,412;1.171,54
11,416;1.273,79
11,42;1.362,03
11,424;1.435,08
11,428;1.491,96
11,432;1.531,84
11,436;1.554,12
11,44;1.558,36
11,444;1.544,36
11,448;1.512,11
11,452;1.461,83
11,456;1.393,93
11,46;1.309,07
11,464;1.208,08
11,468;1.091,99
11,472;962,045
11,476;819,631
11,48;666,309
11,484;503,778
11,488;333,864
11,492;158,491
11,496;20,3312
11,5;200,536
11,504;380,038
11,508;556,725
11,512;728,499
11,516;893,298
11,52;1.049,13
11,524;1.194,08
11,528;1.326,34
11,532;1.444,27
11,536;1.546,33
11,54;1.631,19
11,544;1.697,69
11,548;1.744,9
11,552;1.772,08
11,556;1.778,72
11,56;1.764,58
11,564;1.729,62
11,568;1.674,06
11,572;1.598,37
11,576;1.503,26
11,58;1.389,67
11,584;1.258,75
11,588;1.111,9
11,592;950,687
11,596;776,873
11,6;592,384
11,604;399,288
11,608;199,773
11,612;3,87904
11,616;209,315
11,62;414,158
11,624;615,999
11,628;812,442
11,632;1.001,13
11,636;1.179,79
11,64;1.346,22
11,644;1.498,37
11,648;1.634,31
11,652;1.752,32
11,656;1.850,83
11,66;1.928,52
11,664;1.984,28
11,668;2.017,27
11,672;2.026,89
11,676;2.012,81
11,68;1.974,99
11,684;1.913,65
11,688;1.829,31
11,692;1.722,73
11,696;1.594,98
11,7;1.447,35
11,704;1.281,4
11,708;1.098,91
11,712;901,878
11,716;692,474
11,72;473,047
11,724;246,079
11,728;14,1666
11,732;220,015
11,736;453,738
11,74;684,272
11,744;908,885
11,748;1.124,89
11,752;1.329,66
11,756;1.520,71
11,76;1.695,67
11,764;1.852,33
11,768;1.988,69
11,772;2.102,98
11,776;2.193,64
11,78;2.259,4
11,784;2.299,26
11,788;2.312,53
11,792;2.298,79
11,796;2.257,98
11,8;2.190,32
11,804;2.096,36
11,808;1.976,97
11,812;1.833,31
11,816;1.666,86
11,82;1.479,36
11,824;1.272,82
11,828;1.049,49
11,832;811,835
11,836;562,516
11,84;304,353
11,844;40,2948
11,848;226,614
11,852;493,267
11,856;756,55
11,86;1.013,34
11,864;1.260,58
11,868;1.495,26
11,872;1.714,53
11,876;1.915,66
11,88;2.096,15
11,884;2.253,67
11,888;2.386,19
11,892;2.491,9
11,896;2.569,34
11,9;2.617,33
11,904;2.635,04
11,908;2.622
11,912;2.578,08
11,916;2.503,5
11,92;2.398,88
11,924;2.265,16
11,928;2.103,66
11,932;1.916
11,936;1.704,16
11,94;1.470,41
11,944;1.217,29
11,948;947,582
11,952;664,316
11,956;370,686
11,96;70,0453
11,964;234,143
11,968;538,342
11,972;838,999
11,976;1.132,55
11,98;1.415,5
11,984;1.684,42
11,988;1.936,03
