0,004;0
0,008;0,000113137
0,012;0,00033911
0,016;0,000676168
0,02;0,00112112
0,024;0,00166938
0,028;0,00231495
0,032;0,00305058
0,036;0,00386775
0,04;0,00475682
0,044;0,00570716
0,048;0,00670722
0,052;0,00774469
0,056;0,00880668
0,06;0,00987984
0,064;0,0109506
0,068;0,0120051
0,072;0,0130298
0,076;0,0140112
0,08;0,0149364
0,084;0,0157929
0,088;0,016569
0,092;0,0172541
0,096;0,0178384
0,1;0,0183135
0,104;0,018672
0,108;0,0189084
0,112;0,0190182
0,116;0,0189989
0,12;0,0188493
0,124;0,0185701
0,128;0,0181635
0,132;0,0176334
0,136;0,0169853
0,14;0,0162264
0,144;0,0153653
0,148;0,0144119
0,152;0,0133775
0,156;0,0122746
0,16;0,0111164
0,164;0,00991742
0,168;0,00869245
0,172;0,00745694
0,176;0,0062266
0,18;0,00501723
0,184;0,00384453
0,188;0,00272386
0,192;0,00167011
0,196;0,000697447
0,2;0,000180866
0,204;0,000952628
0,208;0,00160688
0,212;0,00213405
0,216;0,00252612
0,22;0,00277669
0,224;0,00288111
0,228;0,00283658
0,232;0,00264216
0,236;0,0022988
0,24;0,00180941
0,244;0,00117876
0,248;0,000413488
0,252;0,000477963
0,256;0,00148547
0,26;0,0025973
0,264;0,0038003
0,268;0,00507998
0,272;0,00642074
0,276;0,00780603
0,28;0,00921859
0,284;0,0106406
0,288;0,012054
0,292;0,0134405
0,296;0,0147821
0,3;0,0160613
0,304;0,0172611
0,308;0,0183651
0,312;0,0193584
0,316;0,0202272
0,32;0,0209589
0,324;0,0215429
0,328;0,0219703
0,332;0,0222339
0,336;0,0223287
0,34;0,0222518
0,344;0,0220024
0,348;0,021582
0,352;0,0209943
0,356;0,020245
0,36;0,0193421
0,364;0,0182956
0,368;0,0171174
0,372;0,0158214
0,376;0,0144228
0,38;0,0129386
0,384;0,0113869
0,388;0,00978685
0,392;0,00815844
0,396;0,00652224
0,4;0,00489912
0,404;0,00330997
0,408;0,00177549
0,412;0,00031587
0,416;0,00104945
0,42;0,00230203
0,424;0,0034247
0,428;0,00440177
0,432;0,00521927
0,436;0,0058651
0,44;0,00632927
0,444;0,00660399
0,448;0,00668383
0,452;0,00656578
0,456;0,00624937
0,46;0,00573661
0,464;0,00503209
0,468;0,00414289
0,472;0,00307851
0,476;0,0018508
0,48;0,000473827
0,484;0,0010363
0,488;0,00266161
0,492;0,00438246
0,496;0,00617778
0,5;0,00802536
0,504;0,00990207
0,508;0,0117842
0,512;0,0136477
0,516;0,0154685
0,52;0,0172229
0,524;0,0188878
0,528;0,0204409
0,532;0,0218613
0,536;0,0231293
0,54;0,0242273
0,544;0,0251395
0,548;0,0258522
0,552;0,0263544
0,556;0,0266375
0,56;0,0266956
0,564;0,0265257
0,568;0,0261278
0,572;0,0255045
0,576;0,0246615
0,58;0,0236075
0,584;0,0223538
0,588;0,0209144
0,592;0,0193058
0,596;0,017547
0,6;0,0156588
0,604;0,0136642
0,608;0,0115877
0,612;0,00945493
0,616;0,00729266
0,62;0,00512827
0,624;0,00298944
0,628;0,000903811
0,632;0,00110138
0,636;0,00299966
0,64;0,00476565
0,644;0,00637539
0,648;0,0078067
0,652;0,00903945
0,656;0,0100559
0,66;0,0108407
0,664;0,0113816
0,668;0,0116692
0,672;0,0116971
0,676;0,0114625
0,68;0,0109657
0,684;0,0102103
0,688;0,00920349
0,692;0,00795549
0,696;0,00647988
0,7;0,00479323
0,704;0,00291501
0,708;0,0008673
0,712;0,0013254
0,716;0,00363648
0,72;0,00603758
0,724;0,00849886
0,728;0,0109894
0,732;0,0134777
0,736;0,0159318
0,74;0,0183201
0,744;0,0206111
0,748;0,0227747
0,752;0,0247818
0,756;0,0266052
0,76;0,0282196
0,764;0,0296024
0,768;0,0307333
0,772;0,0315955
0,776;0,0321752
0,78;0,032462
0,784;0,0324493
0,788;0,0321343
0,792;0,0315179
0,796;0,030605
0,8;0,0294043
0,804;0,0279281
0,808;0,0261926
0,812;0,0242174
0,816;0,0220254
0,82;0,0196423
0,824;0,0170968
0,828;0,0144198
0,832;0,0116443
0,836;0,00880469
0,84;0,00593677
0,844;0,00307693
0,848;0,000261872
0,852;0,00247193
0,856;0,00508866
0,86;0,00755363
0,864;0,00983376
0,868;0,011898
0,872;0,0137177
0,876;0,0152671
0,88;0,0165237
0,884;0,0174684
0,888;0,0180859
0,892;0,018365
0,896;0,0182987
0,9;0,0178844
0,904;0,0171239
0,908;0,0160233
0,912;0,0145934
0,916;0,012849
0,92;0,0108093
0,924;0,00849749
0,928;0,00594033
0,932;0,00316808
0,936;0,000214055
0,94;0,00288578
0,944;0,00609323
0,948;0,00936833
0,952;0,0126698
0,956;0,0159558
0,96;0,0191839
0,964;0,0223123
0,968;0,0253
0,972;0,0281072
0,976;0,0306962
0,98;0,0330317
0,984;0,0350812
0,988;0,0368156
0,992;0,0382095
0,996;0,0392415
1;0,0398948
1,004;0,0401572
1,008;0,0400214
1,012;0,0394851
1,016;0,0385511
1,02;0,0372273
1,024;0,0355268
1,028;0,0334673
1,032;0,0310718
1,036;0,0283674
1,04;0,0253857
1,044;0,0221619
1,048;0,0187349
1,052;0,0151466
1,056;0,0114411
1,06;0,00766476
1,064;0,00386519
1,068;9,0784e-05
1,072;0,0036099
1,076;0,00718873
1,08;0,0105987
1,084;0,0137944
1,088;0,0167328
1,092;0,0193736
1,096;0,0216801
1,1;0,0236193
1,104;0,0251627
1,108;0,0262865
1,112;0,0269721
1,116;0,0272063
1,12;0,0269815
1,124;0,0262958
1,128;0,0251536
1,132;0,0235646
1,136;0,0215448
1,14;0,0191156
1,144;0,0163039
1,148;0,013142
1,152;0,00966661
1,156;0,00591917
1,16;0,00194486
1,164;0,00220776
1,168;0,00648734
1,172;0,0108404
1,176;0,0152119
1,18;0,0195462
1,184;0,0237873
1,188;0,0278801
1,192;0,0317706
1,196;0,035407
1,2;0,0387401
1,204;0,0417244
1,208;0,0443179
1,212;0,0464836
1,216;0,0481893
1,22;0,0494087
1,224;0,0501211
1,228;0,0503123
1,232;0,0499747
1,236;0,049107
1,24;0,0477151
1,244;0,0458115
1,248;0,0434154
1,252;0,0405524
1,256;0,0372545
1,26;0,0335594
1,264;0,0295104
1,268;0,0251559
1,272;0,0205483
1,276;0,0157442
1,28;0,010803
1,284;0,00578656
1,288;0,000758387
1,292;0,00421731
1,296;0,00907631
1,3;0,0137552
1,304;0,0181924
1,308;0,0223285
1,312;0,0261075
1,316;0,0294776
1,32;0,0323913
1,324;0,0348069
1,328;0,0366882
1,332;0,0380058
1,336;0,0387372
1,34;0,0388671
1,344;0,0383876
1,348;0,0372988
1,352;0,0356083
1,356;0,0333318
1,36;0,0304925
1,364;0,0271209
1,368;0,0232549
1,372;0,018939
1,376;0,0142237
1,38;0,00916543
1,384;0,00382546
1,388;0,00173072
1,392;0,00743418
1,396;0,0132134
1,4;0,0189952
1,404;0,0247056
1,408;0,0302708
1,412;0,035618
1,416;0,0406767
1,42;0,045379
1,424;0,0496614
1,428;0,0534645
1,432;0,0567351
1,436;0,0594256
1,44;0,061496
1,444;0,0629133
1,448;0,0636528
1,452;0,0636982
1,456;0,0630418
1,46;0,061685
1,464;0,059638
1,468;0,0569201
1,472;0,0535591
1,476;0,0495917
1,48;0,0450625
1,484;0,0400237
1,488;0,0345346
1,492;0,0286611
1,496;0,0224742
1,5;0,0160502
1,504;0,00946877
1,508;0,00281257
1,512;0,00383394
1,516;0,0103856
1,52;0,0167575
1,524;0,0228664
1,528;0,0286314
1,532;0,0339752
1,536;0,0388251
1,54;0,0431141
1,544;0,0467815
1,548;0,0497741
1,552;0,0520468
1,556;0,0535633
1,56;0,0542963
1,564;0,0542286
1,568;0,053353
1,572;0,0516725
1,576;0,0492003
1,58;0,0459603
1,584;0,0419859
1,588;0,0373208
1,592;0,0320175
1,596;0,0261375
1,6;0,0197502
1,604;0,0129323
1,608;0,00576664
1,612;0,00165861
1,616;0,00925101
1,62;0,0169151
1,624;0,0245534
1,628;0,032068
1,632;0,0393614
1,636;0,0463381
1,64;0,0529054
1,644;0,0589752
1,648;0,0644648
1,652;0,069298
1,656;0,0734063
1,66;0,0767298
1,664;0,079218
1,668;0,0808305
1,672;0,0815378
1,676;0,0813218
1,68;0,0801758
1,684;0,0781051
1,688;0,0751268
1,692;0,0712698
1,696;0,0665746
1,7;0,0610929
1,704;0,0548867
1,708;0,0480282
1,712;0,0405986
1,716;0,0326872
1,72;0,0243904
1,724;0,0158104
1,728;0,00705425
1,732;0,00176779
1,736;0,0105435
1,74;0,01916
1,744;0,0275054
1,748;0,0354702
1,752;0,0429485
1,756;0,0498398
1,76;0,0560498
1,764;0,0614921
1,768;0,0660894
1,772;0,0697742
1,776;0,07249
1,78;0,0741924
1,784;0,0748492
1,788;0,0744415
1,792;0,0729636
1,796;0,0704237
1,8;0,0668435
1,804;0,0622583
1,808;0,0567166
1,812;0,0502796
1,816;0,0430207
1,82;0,0350244
1,824;0,0263857
1,828;0,0172085
1,832;0,0076049
1,836;0,00230648
1,84;0,0124019
1,844;0,022554
1,848;0,0326335
1,852;0,0425105
1,856;0,0520566
1,86;0,0611462
1,864;0,0696584
1,868;0,0774784
1,872;0,084499
1,876;0,0906224
1,88;0,0957609
1,884;0,0998389
1,888;0,102793
1,892;0,104575
1,896;0,10515
1,9;0,104497
1,904;0,102614
1,908;0,0995109
1,912;0,095216
1,916;0,0897719
1,92;0,0832367
1,924;0,0756829
1,928;0,067197
1,932;0,0578782
1,936;0,0478372
1,94;0,0371952
1,944;0,0260825
1,948;0,0146365
1,952;0,00300022
1,956;0,00867921
1,96;0,0202528
1,964;0,0315712
1,968;0,0424871
1,972;0,0528567
1,976;0,0625416
1,98;0,071411
1,984;0,079343
1,988;0,0862267
1,992;0,0919634
1,996;0,0964679
2;0,0996701
2,004;0,101516
2,008;0,101968
2,012;0,101006
2,016;0,0986283
2,02;0,0948511
2,024;0,0897083
2,028;0,083252
2,032;0,0755516
2,036;0,0666929
2,04;0,0567776
2,044;0,0459219
2,048;0,0342554
2,052;0,0219189
2,056;0,00906383
2,06;0,0041507
2,064;0,0175592
2,068;0,0309919
2,072;0,0442771
2,076;0,0572434
2,08;0,0697215
2,084;0,0815467
2,088;0,0925611
2,092;0,102616
2,096;0,111571
2,1;0,119303
2,104;0,125699
2,108;0,130664
2,112;0,13412
2,116;0,136008
2,12;0,136287
2,124;0,134937
2,128;0,13196
2,132;0,127376
2,136;0,121229
2,14;0,113581
2,144;0,104514
2,148;0,0941314
2,152;0,0825516
2,156;0,069911
2,16;0,0563605
2,164;0,0420644
2,168;0,0271982
2,172;0,0119463
2,176;0,00349991
2,18;0,0189447
2,184;0,0341904
2,188;0,0490398
2,192;0,0632988
2,196;0,0767789
2,2;0,0892997
2,204;0,100691
2,208;0,110796
2,212;0,119472
2,216;0,126594
2,22;0,132054
2,224;0,135766
2,228;0,137665
2,232;0,137708
2,236;0,135875
2,24;0,132172
2,244;0,126626
2,248;0,11929
2,252;0,110239
2,256;0,0995728
2,26;0,0874106
2,264;0,0738932
2,268;0,0591799
2,272;0,0434468
2,276;0,0268851
2,28;0,00969821
2,284;0,00790007
2,288;0,0256887
2,292;0,0434419
2,296;0,0609321
2,3;0,0779327
2,304;0,0942212
2,308;0,109582
2,312;0,123809
2,316;0,136708
2,32;0,148101
2,324;0,157828
2,328;0,165745
2,332;0,171735
2,336;0,1757
2,34;0,17757
2,344;0,177298
2,348;0,174868
2,352;0,170288
2,356;0,163595
2,36;0,154853
2,364;0,144154
2,368;0,131614
2,372;0,117376
2,376;0,101604
2,38;0,0844847
2,384;0,0662238
2,388;0,0470433
2,392;0,0271795
2,396;0,00687963
2,4;0,0136009
2,404;0,0340017
2,408;0,0540609
2,412;0,0735182
2,416;0,0921185
2,42;0,109615
2,424;0,125773
2,428;0,140371
2,432;0,153207
2,436;0,1641
2,44;0,172889
2,444;0,179441
2,448;0,183649
2,452;0,185436
2,456;0,184755
2,46;0,181589
2,464;0,175953
2,468;0,167894
2,472;0,157492
2,476;0,144856
2,48;0,130124
2,484;0,113464
2,488;0,0950695
2,492;0,0751588
2,496;0,0539712
2,5;0,031765
2,504;0,00881395
2,508;0,0145956
2,512;0,0381687
2,516;0,0616052
2,52;0,0846038
2,524;0,106866
2,528;0,128098
2,532;0,14802
2,536;0,166361
2,54;0,182873
2,544;0,197324
2,548;0,209508
2,552;0,219248
2,556;0,226393
2,56;0,230826
2,564;0,232463
2,568;0,231253
2,572;0,227184
2,576;0,22028
2,58;0,210599
2,584;0,198237
2,588;0,183326
2,592;0,16603
2,596;0,146547
2,6;0,125104
2,604;0,101955
2,608;0,0773797
2,612;0,0516782
2,616;0,0251679
2,62;0,00182003
2,624;0,028945
2,628;0,0558612
2,632;0,082222
2,636;0,107684
2,64;0,131913
2,644;0,154586
2,648;0,175397
2,652;0,19406
2,656;0,210315
2,66;0,22393
2,664;0,234704
2,668;0,242469
2,672;0,247096
2,676;0,248494
2,68;0,246613
2,684;0,241442
2,688;0,233016
2,692;0,221408
2,696;0,206736
2,7;0,189156
2,704;0,168863
2,708;0,14609
2,712;0,121103
2,716;0,0941994
2,72;0,0657046
2,724;0,0359668
2,728;0,00535415
2,732;0,0257504
2,736;0,0569536
2,74;0,0878571
2,744;0,118062
2,748;0,147176
2,752;0,174813
2,756;0,200607
2,76;0,224206
2,764;0,245289
2,768;0,263558
2,772;0,278752
2,776;0,290646
2,78;0,299052
2,784;0,303829
2,788;0,304879
2,792;0,30215
2,796;0,295639
2,8;0,285391
2,804;0,271499
2,808;0,254104
2,812;0,233394
2,816;0,209599
2,82;0,182994
2,824;0,15389
2,828;0,122634
2,832;0,0896053
2,836;0,0552078
2,84;0,0198682
2,844;0,0159707
2,848;0,0518552
2,852;0,0873264
2,856;0,121926
2,86;0,155203
2,864;0,186717
2,868;0,216047
2,872;0,242796
2,876;0,266595
2,88;0,28711
2,884;0,304044
2,888;0,317145
2,892;0,326207
2,896;0,331071
2,9;0,331634
2,904;0,327845
2,908;0,319707
2,912;0,307282
2,916;0,290685
2,92;0,270085
2,924;0,245707
2,928;0,217823
2,932;0,186756
2,936;0,15287
2,94;0,11657
2,944;0,0782981
2,948;0,0385226
2,952;0,0022621
2,956;0,0435443
2,96;0,0848006
2,964;0,125503
2,968;0,165124
2,972;0,203146
2,976;0,239067
2,98;0,272404
2,984;0,302706
2,988;0,329553
2,992;0,352567
2,996;0,371415
3;0,385812
3,004;0,395531
3,008;0,400398
3,012;0,400302
3,016;0,395195
3,02;0,385091
3,024;0,370068
3,028;0,350269
3,032;0,3259
3,036;0,297225
3,04;0,264568
3,044;0,228307
3,048;0,188869
3,052;0,146727
3,056;0,102393
3,06;0,0564127
3,064;0,00935729
3,068;0,0381816
3,072;0,0856004
3,076;0,132291
3,08;0,177648
3,084;0,221078
3,088;0,262005
3,092;0,299879
3,096;0,334186
3,1;0,36445
3,104;0,390243
3,108;0,411188
3,112;0,42697
3,116;0,437333
3,12;0,44209
3,124;0,441123
3,128;0,434388
3,132;0,42191
3,136;0,403793
3,14;0,38021
3,144;0,351408
3,148;0,317704
3,152;0,279478
3,156;0,237174
3,16;0,191293
3,164;0,142385
3,168;0,0910459
3,172;0,0379079
3,176;0,0163669
3,18;0,0710953
3,184;0,125581
3,188;0,179125
3,192;0,231032
3,196;0,280621
3,2;0,327233
3,204;0,370243
3,208;0,409062
3,212;0,443151
3,216;0,472027
3,22;0,495267
3,224;0,512516
3,228;0,523493
3,232;0,527993
3,236;0,525894
3,24;0,517155
3,244;0,501821
3,248;0,480022
3,252;0,45197
3,256;0,417963
3,26;0,378374
3,264;0,333653
3,268;0,284322
3,272;0,230965
3,276;0,174224
3,28;0,114791
3,284;0,0533991
3,288;0,00918484
3,292;0,0721723
3,296;0,134761
3,3;0,196146
3,304;0,255529
3,308;0,31213
3,312;0,365196
3,316;0,414012
3,32;0,457911
3,324;0,49628
3,328;0,528572
3,332;0,554312
3,336;0,573105
3,34;0,58464
3,344;0,588695
3,348;0,585142
3,352;0,573951
3,356;0,555186
3,36;0,529012
3,364;0,495688
3,368;0,455569
3,372;0,409098
3,376;0,356807
3,38;0,299306
3,384;0,237278
3,388;0,171471
3,392;0,102689
3,396;0,0317832
3,4;0,0403616
3,404;0,112834
3,408;0,18471
3,412;0,255062
3,416;0,322976
3,42;0,387558
3,424;0,447946
3,428;0,503325
3,432;0,552936
3,436;0,596086
3,44;0,632156
3,444;0,660613
3,448;0,681016
3,452;0,693021
3,456;0,696391
3,46;0,690994
3,464;0,676811
3,468;0,653934
3,472;0,622568
3,476;0,583029
3,48;0,535739
3,484;0,481226
3,488;0,420113
3,492;0,353117
3,496;0,281036
3,5;0,20474
3,504;0,125163
3,508;0,0432912
3,512;0,0398514
3,516;0,123213
3,52;0,20573
3,524;0,286336
3,528;0,363981
3,532;0,43764
3,536;0,506331
3,54;0,569124
3,544;0,625155
3,548;0,673638
3,552;0,713878
3,556;0,745274
3,56;0,785438
3,564;0,833944
3,568;0,890256
3,572;0,953732
3,576;1,02363
3,58;1,09913
3,584;1,17931
3,588;1,26319
3,592;1,34975
3,596;1,43789
3,6;1,52652
3,604;1,61449
3,608;1,70067
3,612;1,78395
3,616;1,86322
3,62;1,93744
3,624;2,0056
3,628;2,06677
3,632;2,12009
3,636;2,16481
3,64;2,20025
3,644;2,22589
3,648;2,24127
3,652;2,24612
3,656;2,24025
3,66;2,22364
3,664;2,19638
3,668;2,15873
3,672;2,11104
3,676;2,05385
3,68;1,98777
3,684;1,91357
3,688;1,83211
3,692;1,74437
3,696;1,65139
3,7;1,55433
3,704;1,45437
3,708;1,35278
3,712;1,25083
3,716;1,14982
3,72;1,05106
3,724;0,955836
3,728;0,865401
3,732;0,780961
3,736;0,703658
3,74;0,634553
3,744;0,556513
3,748;0,470446
3,752;0,377372
3,756;0,27841
3,76;0,17477
3,764;0,0677288
3,768;0,0413769
3,772;0,151172
3,776;0,260257
3,78;0,36723
3,784;0,4707
3,788;0,569306
3,792;0,661737
3,796;0,746748
3,8;0,823175
3,804;0,889953
3,808;0,94613
3,812;0,990878
3,816;1,02351
3,82;1,04348
3,824;1,05042
3,828;1,04409
3,832;1,02445
3,836;0,991603
3,84;0,945849
3,844;0,887637
3,848;0,817586
3,852;0,736474
3,856;0,645225
3,86;0,544907
3,864;0,43671
3,868;0,32194
3,872;0,202
3,876;0,0783714
3,88;0,0473998
3,884;0,173726
3,888;0,298995
3,892;0,421593
3,896;0,539924
3,9;0,65243
3,904;0,757612
3,908;0,854049
3,912;0,95852
3,916;1,06977
3,92;1,18644
3,924;1,3071
3,928;1,43024
3,932;1,55431
3,936;1,67772
3,94;1,79891
3,944;1,91628
3,948;2,0283
3,952;2,13349
3,956;2,23042
3,96;2,31777
3,964;2,39433
3,968;2,45901
3,972;2,51085
3,976;2,54907
3,98;2,57304
3,984;2,58231
3,988;2,5766
3,992;2,55585
3,996;2,52016
4;2,46983
4,004;2,40538
4,008;2,32747
4,012;2,23696
4,016;2,1349
4,02;2,02246
4,024;1,90099
4,028;1,77194
4,032;1,63689
4,036;1,49751
4,04;1,35554
4,044;1,21276
4,048;1,07101
4,052;0,932097
4,056;0,797836
4,06;0,669991
4,064;0,550263
4,068;0,422166
4,072;0,287254
4,076;0,147185
4,08;0,00369905
4,084;0,141401
4,088;0,286275
4,092;0,429066
4,096;0,567924
4,1;0,701034
4,104;0,826632
4,108;0,943035
4,112;1,04866
4,116;1,14205
4,12;1,22187
4,124;1,28698
4,128;1,33639
4,132;1,36931
4,136;1,38514
4,14;1,38352
4,144;1,36429
4,148;1,32751
4,152;1,27348
4,156;1,20272
4,16;1,11596
4,164;1,01415
4,168;0,898433
4,172;0,770161
4,176;0,630844
4,18;0,482154
4,184;0,325899
4,188;0,164002
4,192;0,00152151
4,196;0,16859
4,2;0,33508
4,204;0,498855
4,208;0,657791
4,212;0,809805
4,216;0,952881
4,22;1,1032
4,224;1,25891
4,228;1,41807
4,232;1,57868
4,236;1,7387
4,24;1,89608
4,244;2,04877
4,248;2,19477
4,252;2,33214
4,256;2,45905
4,26;2,57375
4,264;2,67467
4,268;2,76035
4,272;2,82957
4,276;2,88125
4,28;2,91457
4,284;2,9289
4,288;2,92388
4,292;2,89938
4,296;2,8555
4,3;2,79261
4,304;2,71133
4,308;2,61252
4,312;2,49724
4,316;2,36683
4,32;2,22278
4,324;2,06682
4,328;1,90081
4,332;1,72677
4,336;1,54685
4,34;1,36331
4,344;1,17844
4,348;0,994598
4,352;0,814154
4,356;0,63945
4,36;0,472779
4,364;0,298255
4,368;0,118031
4,372;0,0656424
4,376;0,25045
4,38;0,434038
4,384;0,614044
4,388;0,788128
4,392;0,954
4,396;1,10946
4,4;1,2524
4,404;1,38087
4,408;1,49308
4,412;1,58744
4,416;1,66254
4,42;1,71723
4,424;1,75062
4,428;1,76204
4,432;1,75114
4,436;1,71783
4,44;1,66231
4,444;1,58506
4,448;1,48685
4,452;1,36873
4,456;1,232
4,46;1,07823
4,464;0,909217
4,468;0,726965
4,472;0,533673
4,476;0,331706
4,48;0,123558
4,484;0,0881663
4,488;0,300795
4,492;0,511615
4,496;0,717909
4,5;0,916992
4,504;1,12434
4,508;1,33739
4,512;1,55347
4,516;1,76984
4,52;1,98374
4,524;2,19241
4,528;2,39311
4,532;2,58321
4,536;2,76015
4,54;2,92155
4,544;3,06518
4,548;3,18901
4,552;3,29127
4,556;3,37043
4,56;3,42524
4,564;3,45474
4,568;3,45832
4,572;3,43565
4,576;3,38677
4,58;3,31203
4,584;3,21212
4,588;3,08808
4,592;2,94124
4,596;2,77326
4,6;2,58606
4,604;2,38185
4,608;2,16308
4,612;1,93239
4,616;1,69262
4,62;1,44674
4,624;1,19784
4,628;0,94907
4,632;0,703623
4,636;0,464672
4,64;0,217239
4,644;0,0355959
4,648;0,29065
4,652;0,544682
4,656;0,794429
4,66;1,03665
4,664;1,26817
4,668;1,48592
4,672;1,68697
4,676;1,86857
4,68;2,02821
4,684;2,16362
4,688;2,27282
4,692;2,35415
4,696;2,40628
4,7;2,42826
4,704;2,41948
4,708;2,37977
4,712;2,3093
4,716;2,20867
4,72;2,07887
4,724;1,92125
4,728;1,73756
4,732;1,52987
4,736;1,30062
4,74;1,0525
4,744;0,788517
4,748;0,511875
4,752;0,225991
4,756;0,065569
4,76;0,359131
4,764;0,650959
4,768;0,937298
4,772;1,21443
4,776;1,49681
4,78;1,78088
4,784;2,06303
4,788;2,33962
4,792;2,60705
4,796;2,86181
4,8;3,10051
4,804;3,31993
4,808;3,51706
4,812;3,68917
4,816;3,83379
4,82;3,94878
4,824;4,03239
4,828;4,08322
4,832;4,10029
4,836;4,08304
4,84;4,03133
4,844;3,9455
4,848;3,82627
4,852;3,67486
4,856;3,49285
4,86;3,28229
4,864;3,04556
4,868;2,78545
4,872;2,50503
4,876;2,2077
4,88;1,89708
4,884;1,57702
4,888;1,25152
4,892;0,924691
4,896;0,600704
4,9;0,283733
4,904;0,0401947
4,908;0,367003
4,912;0,692539
4,916;1,01262
4,92;1,3231
4,924;1,6199
4,928;1,89909
4,932;2,15691
4,936;2,38985
4,94;2,59467
4,944;2,76847
4,948;2,90871
4,952;3,01325
4,956;3,08039
4,96;3,1089
4,964;3,09802
4,968;3,04748
4,972;2,95754
4,976;2,82894
4,98;2,66294
4,984;2,46129
4,988;2,2262
4,992;1,96035
4,996;1,66682
5;1,3491
5,004;1,011
5,008;0,656653
5,012;0,29042
5,016;0,0831291
5,02;0,459286
5,024;0,833263
5,028;1,20025
5,032;1,57358
5,036;1,94854
5,04;2,32035
5,044;2,68422
5,048;3,0354
5,052;3,36928
5,056;3,6814
5,06;3,96755
5,064;4,22381
5,068;4,44658
5,072;4,63269
5,076;4,77937
5,08;4,88436
5,084;4,94587
5,088;4,96269
5,092;4,93415
5,096;4,86015
5,1;4,74118
5,104;4,5783
5,108;4,37316
5,112;4,12796
5,116;3,84542
5,12;3,52878
5,124;3,18176
5,128;2,80848
5,132;2,41346
5,136;2,00153
5,14;1,5778
5,144;1,14757
5,148;0,716278
5,152;0,289436
5,156;0,127447
5,16;0,547037
5,164;0,963989
5,168;1,37294
5,172;1,76858
5,176;2,1457
5,18;2,49928
5,184;2,82458
5,188;3,11713
5,192;3,37286
5,196;3,58812
5,2;3,75974
5,204;3,8851
5,208;3,9621
5,212;3,98929
5,216;3,9658
5,22;3,89143
5,224;3,7666
5,228;3,59241
5,232;3,37059
5,236;3,10349
5,24;2,79406
5,244;2,44586
5,248;2,06293
5,252;1,64982
5,256;1,21153
5,26;0,753402
5,264;0,2811
5,268;0,199472
5,272;0,682249
5,276;1,16107
5,28;1,62977
5,284;2,10035
5,288;2,5668
5,292;3,02311
5,296;3,46333
5,3;3,88168
5,304;4,27257
5,308;4,63072
5,312;4,95121
5,316;5,22957
5,32;5,4618
5,324;5,64445
5,328;5,7747
5,332;5,85034
5,336;5,86985
5,34;5,83242
5,344;5,73794
5,348;5,58704
5,352;5,38109
5,356;5,12216
5,36;4,81304
5,364;4,45716
5,368;4,05862
5,372;3,62207
5,376;3,15273
5,38;2,65627
5,384;2,13876
5,388;1,60662
5,392;1,06652
5,396;0,525275
5,4;0,0101862
5,404;0,551056
5,408;1,09047
5,412;1,6215
5,416;2,13727
5,42;2,63102
5,424;3,09622
5,428;3,5266
5,432;3,91633
5,436;4,25998
5,44;4,5527
5,444;4,79023
5,448;4,96897
5,452;5,08602
5,456;5,13927
5,46;5,1274
5,464;5,04988
5,468;4,90706
5,472;4,70009
5,476;4,43097
5,48;4,10252
5,484;3,71835
5,488;3,2828
5,492;2,80093
5,496;2,27844
5,5;1,72161
5,504;1,13721
5,508;0,532441
5,512;0,0851557
5,516;0,707808
5,52;1,3276
5,524;1,95466
5,528;2,58105
5,532;3,19874
5,536;3,79973
5,54;4,37616
5,544;4,92041
5,548;5,42518
5,552;5,88361
5,556;6,28937
5,56;6,63672
5,564;6,92063
5,568;7,13683
5,572;7,28185
5,576;7,35312
5,58;7,34899
5,584;7,26873
5,588;7,11261
5,592;6,88185
5,596;6,57866
5,6;6,20618
5,604;5,76847
5,608;5,27048
5,612;4,71797
5,616;4,11746
5,62;3,47615
5,624;2,80183
5,628;2,10281
5,632;1,38777
5,636;0,665721
5,64;0,0541817
5,644;0,780799
5,648;1,5049
5,652;2,21719
5,656;2,90842
5,66;3,56955
5,664;4,1918
5,668;4,76682
5,672;5,28676
5,676;5,74441
5,68;6,13328
5,684;6,4477
5,688;6,68289
5,692;6,83503
5,696;6,90134
5,7;6,8801
5,704;6,77069
5,708;6,57362
5,712;6,29053
5,716;5,92416
5,72;5,47836
5,724;4,95803
5,728;4,36909
5,732;3,71836
5,736;3,01356
5,74;2,26315
5,744;1,47629
5,748;0,662664
5,752;0,167571
5,756;1,00396
5,76;1,83586
5,764;2,67068
5,768;3,49777
5,772;4,30645
5,776;5,0862
5,78;5,82673
5,784;6,51817
5,788;7,15117
5,792;7,71705
5,796;8,20787
5,8;8,61659
5,804;8,93714
5,808;9,16454
5,812;9,29493
5,816;9,32565
5,82;9,2553
5,824;9,08376
5,828;8,8122
5,832;8,44308
5,836;7,98014
5,84;7,42835
5,844;6,79387
5,848;6,08399
5,852;5,30704
5,856;4,47226
5,86;3,58978
5,864;2,67038
5,868;1,72548
5,872;0,766913
5,876;0,1932
5,88;1,14258
5,884;2,08707
5,888;3,01453
5,892;3,91291
5,896;4,77043
5,9;5,57568
5,904;6,31785
5,908;6,98677
5,912;7,57316
5,916;8,06866
5,92;8,46603
5,924;8,75916
5,928;8,94326
5,932;9,01487
5,936;8,97193
5,94;8,81382
5,944;8,54141
5,948;8,15702
5,952;7,66443
5,956;7,06887
5,96;6,3769
5,964;5,59641
5,968;4,73649
5,972;3,80734
5,976;2,82015
5,98;1,78698
5,984;0,720573
5,988;0,365747
5,992;1,45828
5,996;2,54311
6;3,62436
6,004;4,68817
6,008;5,72074
6,012;6,70853
6,016;7,63846
6,02;8,49802
6,024;9,27551
6,028;9,96014
6,032;10,5422
6,036;11,0132
6,04;11,366
6,044;11,5949
6,048;11,6957
6,052;11,6658
6,056;11,5042
6,06;11,2118
6,064;10,7908
6,068;10,2455
6,072;9,58146
6,076;8,80606
6,08;7,92807
6,084;6,9577
6,088;5,90642
6,092;4,78687
6,096;3,6127
6,1;2,39837
6,104;1,15903
6,108;0,0897145
6,112;1,33198
6,116;2,56989
6,12;3,78757
6,124;4,96922
6,128;6,09935
6,132;7,16297
6,136;8,1458
6,14;9,03444
6,144;9,81655
6,148;10,481
6,152;11,0182
6,156;11,4199
6,16;11,6797
6,164;11,7926
6,168;11,7559
6,172;11,5685
6,176;11,2311
6,18;10,7468
6,184;10,12
6,188;9,3575
6,192;8,4676
6,196;7,46041
6,2;6,34763
6,204;5,14244
6,208;3,85933
6,212;2,51393
6,216;1,12283
6,22;0,296624
6,224;1,72655
6,228;3,14876
6,232;4,56306
6,236;5,95128
6,24;7,29537
6,244;8,5777
6,248;9,78121
6,252;10,8897
6,256;11,888
6,26;12,7623
6,264;13,5001
6,268;14,0905
6,272;14,5245
6,276;14,795
6,28;14,8969
6,284;14,8271
6,288;14,5848
6,292;14,1713
6,296;13,5903
6,3;12,8474
6,304;11,9505
6,308;10,9096
6,312;9,7364
6,316;8,44472
6,32;7,04984
6,324;5,56858
6,328;4,01903
6,332;2,42031
6,336;0,792408
6,34;0,844147
6,344;2,46849
6,348;4,07781
6,352;5,65136
6,356;7,16863
6,36;8,60963
6,364;9,95514
6,368;11,187
6,372;12,2882
6,376;13,2434
6,38;14,0389
6,384;14,6629
6,388;15,1056
6,392;15,3596
6,396;15,4196
6,4;15,283
6,404;14,9495
6,408;14,4214
6,412;13,7035
6,416;12,803
6,42;11,7296
6,424;10,4953
6,428;9,11424
6,432;7,60266
6,436;5,97856
6,44;4,26159
6,444;2,47279
6,448;0,634321
6,452;1,23078
6,456;3,09892
6,46;4,96431
6,464;6,80304
6,468;8,59132
6,472;10,3057
6,476;11,9236
6,48;13,4232
6,484;14,7842
6,488;15,9878
6,492;17,0169
6,496;17,8565
6,5;18,4942
6,504;18,9195
6,508;19,125
6,512;19,1057
6,516;18,8597
6,52;18,3878
6,524;17,6937
6,528;16,7841
6,532;15,6684
6,536;14,3589
6,54;12,8702
6,544;11,2198
6,548;9,42698
6,552;7,51333
6,556;5,50211
6,56;3,41807
6,564;1,28715
6,568;0,863844
6,572;3,00759
6,576;5,13468
6,58;7,21772
6,584;9,22958
6,588;11,1438
6,592;12,9349
6,596;14,5787
6,6;16,0527
6,604;17,3362
6,608;18,4109
6,612;19,261
6,616;19,8733
6,62;20,2375
6,624;20,3465
6,628;20,1963
6,632;19,7861
6,636;19,1187
6,64;18,1998
6,644;17,0388
6,648;15,6481
6,652;14,0431
6,656;12,2422
6,66;10,2664
6,664;8,13935
6,668;5,88666
6,672;3,5359
6,676;1,11618
6,68;1,34224
6,684;3,80828
6,688;6,26854
6,692;8,69149
6,696;11,0457
6,7;13,3004
6,704;15,4257
6,708;17,3931
6,712;19,1758
6,716;20,749
6,72;22,0906
6,724;23,1811
6,728;24,0038
6,732;24,5456
6,736;24,7968
6,74;24,751
6,744;24,406
6,748;23,7631
6,752;22,8274
6,756;21,6081
6,76;20,1179
6,764;18,373
6,768;16,3932
6,772;14,2016
6,776;11,8239
6,78;9,28882
6,784;6,62712
6,788;3,8716
6,792;1,0566
6,796;1,78246
6,8;4,60949
6,804;7,40628
6,808;10,1367
6,812;12,7652
6,816;15,257
6,82;17,5789
6,824;19,6995
6,828;21,5894
6,832;23,2223
6,836;24,5746
6,84;25,6262
6,844;26,3606
6,848;26,765
6,852;26,8311
6,856;26,5545
6,86;25,9354
6,864;24,9781
6,868;23,6915
6,872;22,0887
6,876;20,1871
6,88;18,0079
6,884;15,5762
6,888;12,9207
6,892;10,0729
6,896;7,06752
6,9;3,9413
6,904;0,733056
6,908;2,51696
6,912;5,76759
6,916;8,99532
6,92;12,1586
6,924;15,2163
6,928;18,1282
6,932;20,8556
6,936;23,3616
6,94;25,612
6,944;27,5753
6,948;29,2236
6,952;30,5325
6,956;31,4818
6,96;32,0558
6,964;32,2433
6,968;32,0379
6,972;31,4384
6,976;30,4483
6,98;29,0765
6,984;27,3366
6,988;25,2471
6,992;22,8313
6,996;20,1168
7;17,1352
7,004;13,9221
7,008;10,5162
7,012;6,95923
7,016;3,29508
7,02;0,430386
7,024;4,17011
7,028;7,89446
7,032;11,5556
7,036;15,1061
7,04;18,4993
7,044;21,6902
7,048;24,6359
7,052;27,2962
7,056;29,6342
7,06;31,6167
7,064;33,2147
7,068;34,4039
7,072;35,1649
7,076;35,4835
7,08;35,3514
7,084;34,7655
7,088;33,7288
7,092;32,2499
7,096;30,3434
7,1;28,0293
7,104;25,3331
7,108;22,2854
7,112;18,9217
7,116;15,2818
7,12;11,4095
7,124;7,35208
7,128;3,15954
7,132;1,11582
7,136;5,4201
7,14;9,71661
7,144;13,9503
7,148;18,0663
7,152;22,0107
7,156;25,7314
7,16;29,1784
7,164;32,3048
7,168;35,0674
7,172;37,4271
7,176;39,3497
7,18;40,806
7,184;41,7728
7,188;42,2326
7,192;42,1746
7,196;41,5941
7,2;40,4933
7,204;38,881
7,208;36,7727
7,212;34,1904
7,216;31,1622
7,22;27,7224
7,224;23,911
7,228;19,7728
7,232;15,3576
7,236;10,7191
7,24;5,91433
7,244;1,00318
7,248;3,95259
7,252;8,88999
7,256;13,7637
7,26;18,5108
7,264;23,0692
7,268;27,3786
7,272;31,3813
7,276;35,023
7,28;38,2534
7,284;41,0271
7,288;43,3038
7,292;45,0494
7,296;46,2361
7,3;46,8432
7,304;46,857
7,308;46,2712
7,312;45,0874
7,316;43,3145
7,32;40,9694
7,324;38,0762
7,328;34,6664
7,332;30,7785
7,336;26,4573
7,34;21,7538
7,344;16,7243
7,348;11,4299
7,352;5,93557
7,356;0,309758
7,36;5,37692
7,364;11,0523
7,368;16,6617
7,372;22,1326
7,376;27,3937
7,38;32,3755
7,384;37,0113
7,388;41,2383
7,392;44,9983
7,396;48,2384
7,4;50,9119
7,404;52,9788
7,408;54,4065
7,412;55,1702
7,416;55,2535
7,42;54,6484
7,424;53,3557
7,428;51,3849
7,432;48,7543
7,436;45,4911
7,44;41,6305
7,444;37,2158
7,448;32,2981
7,452;26,9351
7,456;21,191
7,46;15,1355
7,464;8,84277
7,468;2,39112
7,472;4,13852
7,476;10,6634
7,48;17,118
7,484;23,4189
7,488;29,4841
7,492;35,2335
7,496;40,5903
7,5;45,4819
7,504;49,841
7,508;53,6064
7,512;56,724
7,516;59,1471
7,52;60,8379
7,524;61,7672
7,528;61,9154
7,532;61,2727
7,536;59,8393
7,54;57,6255
7,544;54,6518
7,548;50,9486
7,552;46,5558
7,556;41,5227
7,56;35,9072
7,564;29,7753
7,568;23,2002
7,572;16,2617
7,576;9,04486
7,58;1,6392
7,584;5,86237
7,588;13,3648
7,592;20,7902
7,596;28,0427
7,6;35,0277
7,604;41,6532
7,608;47,8306
7,612;53,4763
7,616;58,5128
7,62;62,8694
7,624;66,4833
7,628;69,3009
7,632;71,2779
7,636;72,3806
7,64;72,586
7,644;71,8824
7,648;70,2696
7,652;67,7589
7,656;64,3735
7,66;60,1477
7,664;55,1273
7,668;49,3683
7,672;42,9371
7,676;35,9091
7,68;28,3682
7,684;20,4057
7,688;12,1194
7,692;3,61201
7,696;5,00987
7,7;13,637
7,704;22,1771
7,708;30,52
7,712;38,5569
7,716;46,1818
7,72;53,293
7,724;59,7942
7,728;65,596
7,732;70,6171
7,736;74,7853
7,74;78,0386
7,744;80,3261
7,748;81,6087
7,752;81,8598
7,756;81,0658
7,76;79,2261
7,764;76,3539
7,768;72,4754
7,772;67,6299
7,776;61,8699
7,78;55,2596
7,784;47,8751
7,788;39,8032
7,792;31,14
7,796;21,9906
7,8;12,4671
7,804;2,68766
7,808;7,22519
7,812;17,1459
7,816;26,9656
7,82;36,5577
7,824;45,7971
7,828;54,5618
7,832;62,735
7,836;70,2059
7,84;76,872
7,844;82,6396
7,848;87,4258
7,852;91,1595
7,856;93,7822
7,86;95,249
7,864;95,5295
7,868;94,608
7,872;92,4842
7,876;89,1731
7,88;84,705
7,884;79,1254
7,888;72,4944
7,892;64,8863
7,896;56,3886
7,9;47,1009
7,904;37,1343
7,908;26,6093
7,912;15,655
7,916;4,40735
7,92;6,9927
7,924;18,4008
7,928;29,689
7,932;40,7118
7,936;51,3252
7,94;61,3894
7,944;70,7698
7,948;79,3396
7,952;86,9808
7,956;93,5862
7,96;99,0607
7,964;103,323
7,968;106,306
7,972;107,958
7,976;108,246
7,98;107,151
7,984;104,673
7,988;100,831
7,992;95,6591
7,996;89,2106
8;81,5549
8,004;72,7779
8,008;62,9805
8,012;52,2778
8,016;40,7976
8,02;28,679
8,024;16,0706
8,028;3,1288
8,032;9,98405
8,036;23,1019
8,04;36,0749
8,044;48,7356
8,048;60,9188
8,052;72,4637
8,056;83,216
8,06;93,0301
8,064;101,771
8,068;109,315
8,072;115,555
8,076;120,397
8,08;123,765
8,084;125,601
8,088;125,866
8,092;124,54
8,096;121,625
8,1;117,141
8,104;111,131
8,108;103,655
8,112;94,7947
8,116;84,6492
8,12;73,3353
8,124;60,9861
8,128;47,7491
8,132;33,7848
8,136;19,2645
8,14;4,36847
8,144;10,7164
8,148;25,799
8,152;40,7043
8,156;55,2398
8,16;69,2156
8,164;82,4472
8,168;94,7576
8,172;105,98
8,176;115,96
8,18;124,556
8,184;131,646
8,188;137,122
8,192;140,899
8,196;142,911
8,2;143,114
8,204;141,487
8,208;138,033
8,212;132,777
8,216;125,769
8,22;117,08
8,224;106,804
8,228;95,0569
8,232;81,9743
8,236;67,71
8,24;52,4346
8,244;36,3333
8,248;19,6039
8,252;2,45423
8,256;14,9006
8,26;32,2404
8,264;49,3612
8,268;66,0417
8,272;82,0639
8,276;97,216
8,28;111,295
8,284;124,111
8,288;135,485
8,292;145,259
8,296;153,29
8,3;159,459
8,304;163,667
8,308;165,841
8,312;165,932
8,316;163,918
8,32;159,803
8,324;153,619
8,328;145,424
8,332;135,303
8,336;123,365
8,34;109,746
8,344;94,6011
8,348;78,1101
8,352;60,4703
8,356;41,8957
8,36;22,6146
8,364;2,86658
8,368;17,1002
8,372;37,0325
8,376;56,6928
8,38;75,8268
8,384;94,1842
8,388;111,522
8,392;127,609
8,396;142,225
8,4;155,168
8,404;166,257
8,408;175,331
8,412;182,252
8,416;186,91
8,42;189,224
8,424;189,139
8,428;186,632
8,432;181,711
8,436;174,414
8,44;164,811
8,444;153,002
8,448;139,114
8,452;123,305
8,456;105,757
8,46;86,6786
8,464;66,2972
8,468;44,8607
8,472;22,6328
8,476;0,109837
8,48;23,0814
8,484;45,9903
8,488;68,5605
8,492;90,5
8,496;111,521
8,5;131,346
8,504;149,709
8,508;166,359
8,512;181,067
8,516;193,623
8,52;203,847
8,524;211,584
8,528;216,708
8,532;219,128
8,536;218,786
8,54;215,658
8,544;209,756
8,548;201,127
8,552;189,855
8,556;176,056
8,56;159,881
8,564;141,515
8,568;121,168
8,572;99,083
8,576;75,5235
8,58;50,7766
8,584;25,1469
8,588;1,04636
8,592;27,4737
8,596;53,8172
8,6;79,739
8,604;104,903
8,608;128,979
8,612;151,648
8,616;172,607
8,62;191,568
8,624;208,269
8,628;222,474
8,632;233,976
8,636;242,599
8,64;248,204
8,644;250,689
8,648;249,991
8,652;246,086
8,656;238,991
8,66;228,766
8,664;215,509
8,668;199,359
8,672;180,494
8,676;159,127
8,68;135,508
8,684;109,914
8,688;82,6545
8,692;54,0608
8,696;24,4855
8,7;5,70287
8,704;36,124
8,708;66,409
8,712;96,1688
8,716;125,017
8,72;152,576
8,724;178,479
8,728;202,377
8,732;223,946
8,736;242,884
8,74;258,924
8,744;271,83
8,748;281,405
8,752;287,493
8,756;289,981
8,76;288,8
8,764;283,929
8,768;275,392
8,772;263,262
8,776;247,657
8,78;228,741
8,784;206,725
8,788;181,857
8,792;154,427
8,796;124,76
8,8;93,2144
8,804;60,1736
8,808;26,0458
8,812;8,74333
8,816;43,755
8,82;78,5616
8,824;112,715
8,828;145,773
8,832;177,299
8,836;206,876
8,84;234,104
8,844;258,612
8,848;280,058
8,852;298,137
8,856;312,583
8,86;323,174
8,864;329,736
8,868;332,145
8,872;330,326
8,876;324,261
8,88;313,984
8,884;299,583
8,888;281,203
8,892;259,037
8,896;233,33
8,9;204,377
8,904;172,514
8,908;138,121
8,912;101,611
8,916;63,4306
8,92;24,0515
8,924;16,0344
8,928;56,3211
8,932;96,3132
8,936;135,496
8,94;173,359
8,944;209,405
8,948;243,153
8,952;274,15
8,956;301,969
8,96;326,223
8,964;346,565
8,968;362,695
8,972;374,364
8,976;381,378
8,98;383,599
8,984;380,95
8,988;373,416
8,992;361,045
8,996;343,944
9;322,286
9,004;296,301
9,008;266,278
9,012;232,56
9,016;195,542
9,02;155,664
9,024;113,407
9,028;69,2889
9,032;23,8543
9,036;22,328
9,04;68,6745
9,044;114,612
9,048;159,547
9,052;202,897
9,056;244,088
9,06;282,572
9,064;317,83
9,068;349,377
9,072;376,772
9,076;399,621
9,08;417,587
9,084;430,391
9,088;437,815
9,092;439,71
9,096;435,997
9,1;426,665
9,104;411,777
9,108;391,468
9,112;365,942
9,116;335,474
9,12;300,403
9,124;261,132
9,128;218,12
9,132;171,881
9,136;122,973
9,14;71,9958
9,144;19,5804
9,148;33,6167
9,152;86,9224
9,156;139,674
9,16;191,19
9,164;240,798
9,168;287,846
9,172;331,703
9,176;371,777
9,18;407,517
9,184;438,42
9,188;464,043
9,192;484,004
9,196;497,989
9,2;505,761
9,204;507,155
9,208;502,089
9,212;490,564
9,216;472,66
9,22;448,543
9,224;418,459
9,228;382,731
9,232;341,76
9,236;296,018
9,24;246,04
9,244;192,426
9,248;135,822
9,252;76,9251
9,256;16,4642
9,26;44,802
9,264;106,098
9,268;166,656
9,272;225,696
9,276;282,445
9,28;336,153
9,284;386,104
9,288;431,618
9,292;472,069
9,296;506,888
9,3;535,571
9,304;557,69
9,308;572,895
9,312;580,921
9,316;581,592
9,32;574,826
9,324;560,634
9,328;539,122
9,332;510,491
9,336;475,036
9,34;433,142
9,344;385,278
9,348;331,999
9,352;273,93
9,356;211,766
9,36;146,262
9,364;78,2219
9,368;8,49142
9,372;62,0543
9,376;132,52
9,38;202,022
9,384;269,661
9,388;334,551
9,392;395,834
9,396;452,69
9,4;504,345
9,404;550,086
9,408;589,268
9,412;621,322
9,416;645,766
9,42;662,209
9,424;670,362
9,428;670,034
9,432;661,144
9,436;643,719
9,44;617,897
9,444;583,921
9,448;542,145
9,452;493,025
9,456;437,114
9,46;375,059
9,464;307,592
9,468;235,523
9,472;159,727
9,476;81,1361
9,48;0,728283
9,484;80,4856
9,488;161,474
9,492;241,217
9,496;318,68
9,5;392,849
9,504;462,742
9,508;527,419
9,512;586,002
9,516;637,677
9,52;681,713
9,524;717,47
9,528;744,406
9,532;762,087
9,536;770,192
9,54;768,521
9,544;756,996
9,548;735,665
9,552;704,701
9,556;664,403
9,56;615,193
9,564;557,61
9,568;492,306
9,572;420,039
9,576;341,663
9,58;258,12
9,584;170,426
9,588;79,6624
9,592;13,0405
9,596;106,516
9,6;199,593
9,604;291,076
9,608;379,779
9,612;464,537
9,616;544,226
9,62;617,775
9,624;684,179
9,628;742,517
9,632;791,96
9,636;831,784
9,64;861,383
9,644;880,275
9,648;888,108
9,652;884,671
9,656;869,894
9,66;843,849
9,664;806,758
9,668;758,983
9,672;701,026
9,676;633,527
9,68;557,252
9,684;473,09
9,688;382,038
9,692;285,191
9,696;183,729
9,7;78,9065
9,704;27,9707
9,708;135,555
9,712;242,494
9,716;347,414
9,72;448,949
9,724;545,767
9,728;636,581
9,732;720,166
9,736;795,381
9,74;861,177
9,744;916,617
9,748;960,886
9,752;993,304
9,756;1.013,34
9,76;1.020,6
9,764;1.014,88
9,768;996,104
9,772;964,39
9,776;920,011
9,78;863,407
9,784;795,177
9,788;716,078
9,792;627,011
9,796;529,017
9,8;423,258
9,804;311,009
9,808;193,643
9,812;72,6084
9,816;50,5817
9,82;174,373
9,824;297,204
9,828;417,494
9,832;533,676
9,836;644,223
9,84;747,663
9,844;842,598
9,848;927,728
9,852;1.001,86
9,856;1.063,94
9,86;1.113,05
9,864;1.148,43
9,868;1.169,49
9,872;1.175,8
9,876;1.167,15
9,88;1.143,49
9,884;1.104,97
9,888;1.051,94
9,892;984,917
9,896;904,63
9,9;811,967
9,904;707,991
9,908;593,916
9,912;471,102
9,916;341,03
9,92;205,294
9,924;65,572
9,928;76,387
9,932;218,789
9,936;359,833
9,94;497,701
9,944;630,595
9,948;756,765
9,952;874,527
9,956;982,288
9,96;1.078,57
9,964;1.162,02
9,968;1.231,44
9,972;1.285,8
9,976;1.324,26
9,98;1.346,15
9,984;1.351,04
9,988;1.338,68
9,992;1.309,07
9,996;1.262,39
10;1.199,09
10,004;1.119,79
10,008;1.025,36
10,012;916,847
10,016;795,499
10,02;662,739
10,024;520,151
10,028;369,46
10,032;212,513
10,036;51,2555
10,04;112,292
10,044;276,059
10,048;437,97
10,052;595,934
10,056;747,889
10,06;891,828
10,064;1.025,83
10,068;1.148,07
10,072;1.256,88
10,076;1.350,72
10,08;1.428,24
10,084;1.488,28
10,088;1.529,9
10,092;1.552,37
10,096;1.555,22
10,1;1.538,21
10,104;1.501,36
10,108;1.444,94
10,112;1.369,46
10,116;1.275,71
10,12;1.164,7
10,124;1.037,67
10,128;896,091
10,132;741,625
10,136;576,12
10,14;401,581
10,144;220,151
10,148;34,0829
10,152;154,289
10,156;342,577
10,16;528,388
10,164;709,319
10,168;883,004
10,172;1.047,15
10,176;1.199,55
10,18;1.338,14
10,184;1.461,01
10,188;1.566,42
10,192;1.652,86
10,196;1.719,01
10,2;1.763,82
10,204;1.786,52
10,208;1.786,58
10,212;1.763,77
10,216;1.718,15
10,22;1.650,08
10,224;1.560,2
10,228;1.449,43
10,232;1.319
10,236;1.170,35
10,24;1.005,22
10,244;825,554
10,248;633,497
10,252;431,384
10,256;221,702
10,26;7,05795
10,264;209,852
10,268;426,273
10,272;639,449
10,276;846,619
10,28;1.045,07
10,284;1.232,17
10,288;1.405,42
10,292;1.562,44
10,296;1.701,08
10,3;1.819,37
10,304;1.915,59
10,308;1.988,28
10,312;2.036,27
10,316;2.058,7
10,32;2.055,03
10,324;2.025,04
10,328;1.968,84
10,332;1.886,88
10,336;1.779,96
10,34;1.649,19
10,344;1.496,01
10,348;1.322,14
10,352;1.129,61
10,356;920,679
10,36;697,868
10,364;463,884
10,368;221,61
10,372;25,9384
10,376;275,645
10,38;524,354
10,384;768,871
10,388;1.006,02
10,392;1.232,7
10,396;1.445,9
10,4;1.642,75
10,404;1.820,57
10,408;1.976,89
10,412;2.109,49
10,416;2.216,43
10,42;2.296,08
10,424;2.347,15
10,428;2.368,7
10,432;2.360,14
10,436;2.321,29
10,44;2.252,33
10,444;2.153,84
10,448;2.026,79
10,452;1.872,5
10,456;1.692,69
10,46;1.489,38
10,464;1.264,96
10,468;1.022,06
10,472;763,625
10,476;492,795
10,48;212,912
10,484;72,5319
10,488;359,94
10,492;645,671
10,496;926,051
10,5;1.197,44
10,504;1.456,26
10,508;1.699,09
10,512;1.922,65
10,516;2.123,88
10,52;2.299,98
10,524;2.448,45
10,528;2.567,09
10,532;2.654,1
10,536;2.708,04
10,54;2.727,88
10,544;2.713,02
10,548;2.663,3
10,552;2.579
10,556;2.460,86
10,56;2.310,04
10,564;2.128,14
10,568;1.917,17
10,572;1.679,55
10,576;1.418,03
10,58;1.135,74
10,584;836,063
10,588;522,667
10,592;199,423
10,596;129,631
10,6;460,342
10,604;788,513
10,608;1.109,92
10,612;1.420,37
10,616;1.715,79
10,62;1.992,24
10,624;2.245,99
10,628;2.473,56
10,632;2.671,78
10,636;2.837,81
10,64;2.969,19
10,644;3.063,91
10,648;3.120,36
10,652;3.137,45
10,656;3.114,55
10,66;3.051,55
10,664;2.948,85
10,668;2.807,37
10,672;2.628,52
10,676;2.414,21
10,68;2.166,83
10,684;1.889,21
10,688;1.584,59
10,692;1.256,6
10,696;909,208
10,7;546,655
10,704;173,43
10,708;205,796
10,712;586,231
10,716;963,035
10,72;1.331,35
10,724;1.686,37
10,728;2.023,42
10,732;2.338,01
10,736;2.625,87
10,74;2.883,06
10,744;3.105,97
10,748;3.291,4
10,752;3.436,6
10,756;3.539,3
10,76;3.597,75
10,764;3.610,77
10,768;3.577,71
10,772;3.498,55
10,776;3.373,81
10,78;3.204,65
10,784;2.992,77
10,788;2.740,46
10,792;2.450,52
10,796;2.126,31
10,8;1.771,6
10,804;1.390,65
10,808;988,049
10,812;568,742
10,816;137,924
10,82;299,006
10,824;736,52
10,828;1.169,04
10,832;1.590,98
10,836;1.996,83
10,84;2.381,23
10,844;2.739,05
10,848;3.065,43
10,852;3.355,89
10,856;3.606,33
10,86;3.813,15
10,864;3.973,26
10,868;4.084,13
10,872;4.143,85
10,876;4.151,13
10,88;4.105,36
10,884;4.006,57
10,888;3.855,49
10,892;3.653,53
10,896;3.402,77
10,9;3.105,9
10,904;2.766,28
10,908;2.387,8
10,912;1.974,92
10,916;1.532,58
10,92;1.066,14
10,924;581,332
10,928;84,1663
10,932;419,114
10,936;922,13
10,94;1.418,46
10,944;1.901,68
10,948;2.365,47
10,952;2.803,7
10,956;3.210,5
10,96;3.580,35
10,964;3.908,14
10,968;4.189,24
10,972;4.419,58
10,976;4.595,71
10,98;4.714,82
10,984;4.774,8
10,988;4.774,29
10,992;4.712,68
10,996;4.590,14
11;4.407,62
11,004;4.166,86
11,008;3.870,34
11,012;3.521,29
11,016;3.123,65
11,02;2.682,01
11,024;2.201,59
11,028;1.688,14
11,032;1.147,89
11,036;587,495
11,04;13,9197
11,044;565,628
11,048;1.143,79
11,052;1.713,17
11,056;2.266,39
11,06;2.796,21
11,064;3.295,61
11,068;3.757,88
11,072;4.176,74
11,076;4.546,38
11,08;4.861,57
11,084;5.117,73
11,088;5.310,97
11,092;5.438,2
11,096;5.497,1
11,1;5.486,24
11,104;5.405,04
11,108;5.253,84
11,112;5.033,86
11,116;4.747,21
11,12;4.396,89
11,124;3.986,75
11,128;3.521,42
11,132;3.006,3
11,136;2.447,47
11,14;1.851,66
11,144;1.226,11
11,148;578,529
11,152;83,0212
11,156;750,213
11,16;1.414,58
11,164;2.067,59
11,168;2.700,77
11,172;3.305,82
11,176;3.874,7
11,18;4.399,77
11,184;4.873,85
11,188;5.290,38
11,192;5.643,43
11,196;5.927,83
11,2;6.139,26
11,204;6.274,27
11,208;6.330,36
11,212;6.306
11,216;6.200,69
11,22;6.014,97
11,224;5.750,39
11,228;5.409,55
11,232;4.996,02
11,236;4.514,38
11,24;3.970,09
11,244;3.369,48
11,248;2.719,68
11,252;2.028,49
11,256;1.304,36
11,26;556,21
11,264;206,622
11,268;974,521
11,272;1.737,73
11,276;2.486,43
11,28;3.210,88
11,284;3.901,58
11,288;4.549,34
11,292;5.145,44
11,296;5.681,71
11,3;6.150,69
11,304;6.545,69
11,308;6.860,91
11,312;7.091,51
11,316;7.233,67
11,32;7.284,68
11,324;7.242,96
11,328;7.108,11
11,332;6.880,92
11,336;6.563,34
11,34;6.158,53
11,344;5.670,8
11,348;5.105,53
11,352;4.469,19
11,356;3.769,19
11,36;3.013,85
11,364;2.212,29
11,368;1.374,28
11,372;510,19
11,376;369,186
11,38;1.252,75
11,384;2.129,25
11,388;2.987,39
11,392;3.816,01
11,396;4.604,19
11,4;5.341,45
11,404;6.017,83
11,408;6.624,05
11,412;7.151,65
11,416;7.593,07
11,42;7.941,78
11,424;8.192,4
11,428;8.340,71
11,432;8.383,78
11,436;8.319,99
11,44;8.149,07
11,444;7.872,14
11,448;7.491,65
11,452;7.011,44
11,456;6.436,62
11,46;5.773,62
11,464;5.030
11,468;4.214,49
11,472;3.336,79
11,476;2.407,5
11,48;1.437,99
11,484;440,277
11,488;573,169
11,492;1.589,53
11,496;2.595,84
11,5;3.579,13
11,504;4.526,56
11,508;5.425,66
11,512;6.264,42
11,516;7.031,49
11,52;7.716,34
11,524;8.309,35
11,528;8.802,01
11,532;9.187,01
11,536;9.458,3
11,54;9.611,29
11,544;9.642,79
11,548;9.551,19
11,552;9.336,41
11,556;8.999,94
11,56;8.544,87
11,564;7.975,81
11,568;7.298,89
11,572;6.521,69
11,576;5.653,13
11,58;4.703,41
11,584;3.683,87
11,588;2.606,84
11,592;1.485,53
11,596;333,84
11,6;833,791
11,604;2.002,58
11,608;3.157,6
11,612;4.283,93
11,616;5.366,85
11,62;6.392,06
11,624;7.345,87
11,628;8.215,33
11,632;8.988,47
11,636;9.654,4
11,64;10.203,5
11,644;10.627,6
11,648;10.920
11,652;11.075,6
11,656;11.091
11,66;10.964,6
11,664;10.696,7
11,668;10.289
11,672;9.745,64
11,676;9.071,99
11,68;8.275,42
11,684;7.364,86
11,688;6.350,83
11,692;5.245,25
11,696;4.061,34
11,7;2.813,47
11,704;1.516,96
11,708;187,913
11,712;1.156,99
11,716;2.500,69
11,72;3.826
11,724;5.115,77
11,728;6.353,12
11,732;7.521,7
11,736;8.605,84
11,74;9.590,81
11,744;10.463
11,748;11.210,1
11,752;11.821,3
11,756;12.287,3
11,76;12.600,8
11,764;12.756,2
11,768;12.749,9
11,772;12.580,4
11,776;12.248
11,78;11.755,6
11,784;11.107,6
11,788;10.311
11,792;9.374,25
11,796;8.308,05
11,8;7.124,7
11,804;5.838,16
11,808;4.463,86
11,812;3.018,49
11,816;1.519,84
11,82;13,4494
11,824;1.562,1
11,828;3.106,48
11,832;4.626,75
11,836;6.103,23
11,84;7.516,56
11,844;8.848,03
11,848;10.079,7
11,852;11.194,9
11,856;12.178,2
11,86;13.015,5
11,864;13.694,7
11,868;14.205,5
11,872;14.539,7
11,876;14.691,2
11,88;14.656,2
11,884;14.433,3
11,888;14.023,4
11,892;13.429,8
11,896;12.658,4
11,9;11.717,1
11,904;10.616,3
11,908;9.368,48
11,912;7.988,13
11,916;6.491,56
11,92;4.896,75
11,924;3.223,12
11,928;1.491,29
11,932;277,154
11,936;2.059,96
11,94;3.834,46
11,944;5.577,86
11,948;7.267,53
11,952;8.881,29
11,956;10.397,7
11,96;11.796,5
11,964;13.058,3
11,968;14.165,9
11,972;15.103,3
11,976;15.856,9
11,98;16.415,2
11,984;16.769
11,988;16.911,8
11,992;16.839,5
