0,003;0
0,006;6,36396e-05
0,009;0,000190792
0,012;0,000380985
0,015;0,000633408
0,018;0,000946908
0,021;0,00132
0,024;0,00175087
0,027;0,00223739
0,03;0,00277713
0,033;0,00336734
0,036;0,00400502
0,039;0,00468687
0,042;0,00540938
0,045;0,00616877
0,048;0,00696107
0,051;0,00778211
0,054;0,00862756
0,057;0,00949294
0,06;0,0103736
0,063;0,0112649
0,066;0,0121621
0,069;0,0130603
0,072;0,0139546
0,075;0,0148403
0,078;0,0157124
0,081;0,0165664
0,084;0,0173974
0,087;0,0182009
0,09;0,0189725
0,093;0,019708
0,096;0,0204031
0,099;0,0210541
0,102;0,0216572
0,105;0,0222091
0,108;0,0227066
0,111;0,0231468
0,114;0,0235271
0,117;0,0238453
0,12;0,0240995
0,123;0,024288
0,126;0,0244097
0,129;0,0244636
0,132;0,0244492
0,135;0,0243664
0,138;0,0242153
0,141;0,0239967
0,144;0,0237113
0,147;0,0233606
0,15;0,0229462
0,153;0,02247
0,156;0,0219346
0,159;0,0213426
0,162;0,0206969
0,165;0,0200009
0,168;0,0192582
0,171;0,0184726
0,174;0,0176482
0,177;0,0167893
0,18;0,0159005
0,183;0,0149865
0,186;0,014052
0,189;0,0131022
0,192;0,012142
0,195;0,0111766
0,198;0,0102112
0,201;0,00925106
0,204;0,00830131
0,207;0,00736714
0,21;0,00645366
0,213;0,00556586
0,216;0,00470862
0,219;0,00388669
0,222;0,00310461
0,225;0,00236674
0,228;0,00167723
0,231;0,00103995
0,234;0,000458536
0,237;6,36951e-05
0,24;0,000523718
0,243;0,000918838
0,246;0,0012467
0,249;0,0015053
0,252;0,00169302
0,255;0,00180859
0,258;0,00185115
0,261;0,00182022
0,264;0,00171571
0,267;0,00153795
0,27;0,00128763
0,273;0,000965875
0,276;0,000574167
0,279;0,000114387
0,282;0,000411214
0,285;0,00100002
0,288;0,00164907
0,291;0,00235506
0,294;0,00311437
0,297;0,00392309
0,3;0,00477701
0,303;0,00567167
0,306;0,0066024
0,309;0,00756427
0,312;0,0085522
0,315;0,00956096
0,318;0,0105851
0,321;0,0116193
0,324;0,0126579
0,327;0,0136953
0,33;0,0147259
0,333;0,0157441
0,336;0,0167444
0,339;0,0177213
0,342;0,0186695
0,345;0,0195837
0,348;0,020459
0,351;0,0212903
0,354;0,0220732
0,357;0,0228032
0,36;0,0234762
0,363;0,0240883
0,366;0,024636
0,369;0,0251163
0,372;0,0255261
0,375;0,0258632
0,378;0,0261254
0,381;0,026311
0,384;0,0264189
0,387;0,0264481
0,39;0,0263982
0,393;0,0262692
0,396;0,0260615
0,399;0,0257761
0,402;0,0254142
0,405;0,0249774
0,408;0,0244679
0,411;0,0238881
0,414;0,0232411
0,417;0,02253
0,42;0,0217584
0,423;0,0209304
0,426;0,0200502
0,429;0,0191223
0,432;0,0181517
0,435;0,0171434
0,438;0,0161027
0,441;0,0150352
0,444;0,0139465
0,447;0,0128424
0,45;0,0117288
0,453;0,0106118
0,456;0,00949731
0,459;0,00839139
0,462;0,00730004
0,465;0,00622919
0,468;0,0051847
0,471;0,00417231
0,474;0,00319758
0,477;0,00226591
0,48;0,00138247
0,483;0,00055221
0,486;0,000220219
0,489;0,000930445
0,492;0,00157442
0,495;0,00214845
0,498;0,00264918
0,501;0,00307367
0,504;0,00341937
0,507;0,00368414
0,51;0,00386628
0,513;0,00396452
0,516;0,00397804
0,519;0,00390649
0,522;0,00374996
0,525;0,00350901
0,528;0,00318465
0,531;0,00277835
0,534;0,00229203
0,537;0,00172804
0,54;0,00108916
0,543;0,000378583
0,546;0,000400091
0,549;0,00124289
0,552;0,00214549
0,555;0,0031032
0,558;0,00411106
0,561;0,00516378
0,564;0,00625584
0,567;0,00738146
0,57;0,0085347
0,573;0,00970941
0,576;0,0108993
0,579;0,0120981
0,582;0,0132992
0,585;0,0144962
0,588;0,0156827
0,591;0,0168521
0,594;0,0179982
0,597;0,0191146
0,6;0,0201952
0,603;0,0212341
0,606;0,0222255
0,609;0,0231639
0,612;0,024044
0,615;0,024861
0,618;0,02561
0,621;0,026287
0,624;0,026888
0,627;0,0274095
0,63;0,0278483
0,633;0,028202
0,636;0,0284681
0,639;0,0286451
0,642;0,0287317
0,645;0,028727
0,648;0,0286308
0,651;0,0284433
0,654;0,0281653
0,657;0,0277978
0,66;0,0273426
0,663;0,0268019
0,666;0,0261782
0,669;0,0254747
0,672;0,0246949
0,675;0,0238427
0,678;0,0229225
0,681;0,0219391
0,684;0,0208974
0,687;0,019803
0,69;0,0186616
0,693;0,0174792
0,696;0,016262
0,699;0,0150165
0,702;0,0137493
0,705;0,0124672
0,708;0,0111771
0,711;0,00988581
0,714;0,00860042
0,717;0,00732787
0,72;0,00607505
0,723;0,00484882
0,726;0,00365586
0,729;0,00250275
0,732;0,00139585
0,735;0,00034128
0,738;0,000655076
0,741;0,00158764
0,744;0,00245117
0,747;0,00324075
0,75;0,00395188
0,753;0,00458045
0,756;0,00512278
0,759;0,00557565
0,762;0,00593632
0,765;0,00620251
0,768;0,00637248
0,771;0,00644497
0,774;0,00641927
0,777;0,00629517
0,78;0,00607302
0,783;0,00575368
0,786;0,00533855
0,789;0,00482954
0,792;0,00422907
0,795;0,00354009
0,798;0,00276601
0,801;0,00191073
0,804;0,000978572
0,807;2,5674e-05
0,81;0,00109684
0,813;0,00222936
0,816;0,00341733
0,819;0,00465453
0,822;0,00593443
0,825;0,00725029
0,828;0,00859511
0,831;0,00996172
0,834;0,0113428
0,837;0,012731
0,84;0,0141188
0,843;0,0154987
0,846;0,0168633
0,849;0,0182051
0,852;0,0195167
0,855;0,0207911
0,858;0,0220212
0,861;0,0232002
0,864;0,0243215
0,867;0,025379
0,87;0,0263667
0,873;0,0272789
0,876;0,0281107
0,879;0,028857
0,882;0,0295138
0,885;0,030077
0,888;0,0305434
0,891;0,03091
0,894;0,0311746
0,897;0,0313355
0,9;0,0313913
0,903;0,0313414
0,906;0,0311857
0,909;0,0309248
0,912;0,0305596
0,915;0,0300918
0,918;0,0295235
0,921;0,0288575
0,924;0,0280971
0,927;0,027246
0,93;0,0263085
0,933;0,0252894
0,936;0,0241939
0,939;0,0230277
0,942;0,0217968
0,945;0,0205077
0,948;0,019167
0,951;0,017782
0,954;0,0163598
0,957;0,0149081
0,96;0,0134347
0,963;0,0119473
0,966;0,0104539
0,969;0,00896271
0,972;0,00748166
0,975;0,00601881
0,978;0,00458213
0,981;0,00317946
0,984;0,00181849
0,987;0,00050671
0,99;0,000748625
0,993;0,00194055
0,996;0,0030624
0,999;0,00410789
1,002;0,00507112
1,005;0,00594659
1,008;0,00672929
1,011;0,00741468
1,014;0,00799871
1,017;0,0084779
1,02;0,0088493
1,023;0,00911054
1,026;0,00925982
1,029;0,00929597
1,032;0,00921841
1,035;0,00902717
1,038;0,00872288
1,041;0,00830682
1,044;0,00778085
1,047;0,00714744
1,05;0,00640963
1,053;0,00557106
1,056;0,00463592
1,059;0,00360893
1,062;0,00249532
1,065;0,00130081
1,068;3,15676e-05
1,071;0,0013058
1,074;0,0027043
1,077;0,00415659
1,08;0,00565501
1,083;0,00719163
1,086;0,00875828
1,089;0,0103466
1,092;0,0119481
1,095;0,0135541
1,098;0,0151561
1,101;0,0167453
1,104;0,0183131
1,107;0,019851
1,11;0,0213506
1,113;0,0228036
1,116;0,0242021
1,119;0,0255383
1,122;0,0268047
1,125;0,0279943
1,128;0,0291005
1,131;0,0301169
1,134;0,0310378
1,137;0,0318578
1,14;0,0325723
1,143;0,0331769
1,146;0,033668
1,149;0,0340427
1,152;0,0342984
1,155;0,0344335
1,158;0,0344467
1,161;0,0343375
1,164;0,0341063
1,167;0,0337537
1,17;0,0332812
1,173;0,0326911
1,176;0,0319861
1,179;0,0311696
1,182;0,0302456
1,185;0,0292189
1,188;0,0280944
1,191;0,0268781
1,194;0,0255762
1,197;0,0241954
1,2;0,0227428
1,203;0,0212261
1,206;0,0196533
1,209;0,0180327
1,212;0,0163728
1,215;0,0146825
1,218;0,0129708
1,221;0,0112469
1,224;0,00952003
1,227;0,00779951
1,23;0,00609468
1,233;0,00441477
1,236;0,00276895
1,239;0,00116622
1,242;0,000384615
1,245;0,00187501
1,248;0,0032967
1,251;0,00464179
1,254;0,00590274
1,257;0,00707247
1,26;0,00814434
1,263;0,00911224
1,266;0,00997058
1,269;0,0107144
1,272;0,0113392
1,275;0,0118412
1,278;0,0122174
1,281;0,0124653
1,284;0,012583
1,287;0,0125696
1,29;0,0124246
1,293;0,0121484
1,296;0,011742
1,299;0,0112071
1,302;0,0105463
1,305;0,00976266
1,308;0,00885999
1,311;0,00784277
1,314;0,0067161
1,317;0,00548569
1,32;0,00415783
1,323;0,00273937
1,326;0,00123765
1,329;0,000339495
1,332;0,00198381
1,335;0,00368664
1,338;0,005439
1,341;0,00723158
1,344;0,00905484
1,347;0,010899
1,35;0,0127543
1,353;0,0146106
1,356;0,016458
1,359;0,0182865
1,362;0,020086
1,365;0,0218469
1,368;0,0235594
1,371;0,0252141
1,374;0,0268019
1,377;0,0283141
1,38;0,0297421
1,383;0,0310781
1,386;0,0323143
1,389;0,033444
1,392;0,0344605
1,395;0,035358
1,398;0,0361313
1,401;0,0367757
1,404;0,0372874
1,407;0,0376631
1,41;0,0379004
1,413;0,0379974
1,416;0,0379532
1,419;0,0377676
1,422;0,037441
1,425;0,0369748
1,428;0,0363709
1,431;0,0356323
1,434;0,0347623
1,437;0,0337653
1,44;0,0326463
1,443;0,0314108
1,446;0,0300651
1,449;0,0286161
1,452;0,0270713
1,455;0,0254387
1,458;0,0237268
1,461;0,0219446
1,464;0,0201015
1,467;0,0182073
1,47;0,0162719
1,473;0,0143057
1,476;0,0123191
1,479;0,010323
1,482;0,00832798
1,485;0,00634484
1,488;0,00438433
1,491;0,00245712
1,494;0,000573723
1,497;0,00125553
1,5;0,00302059
1,503;0,00471169
1,506;0,00631946
1,509;0,00783494
1,512;0,00924962
1,515;0,0105555
1,518;0,0117452
1,521;0,0128119
1,524;0,0137494
1,527;0,0145522
1,53;0,0152155
1,533;0,0157352
1,536;0,0161081
1,539;0,0163317
1,542;0,0164041
1,545;0,0163246
1,548;0,0160931
1,551;0,0157102
1,554;0,0151775
1,557;0,0144975
1,56;0,0136731
1,563;0,0127085
1,566;0,0116084
1,569;0,0103782
1,572;0,00902414
1,575;0,0075531
1,578;0,00597263
1,581;0,0042909
1,584;0,00251663
1,587;0,000659111
1,59;0,00127193
1,593;0,0032663
1,596;0,00531346
1,599;0,00740253
1,602;0,00952236
1,605;0,0116616
1,608;0,0138088
1,611;0,0159524
1,614;0,0180808
1,617;0,0201823
1,62;0,0222457
1,623;0,0242597
1,626;0,0262131
1,629;0,0280952
1,632;0,0298957
1,635;0,0316045
1,638;0,0332121
1,641;0,0347094
1,644;0,036088
1,647;0,0373401
1,65;0,0384585
1,653;0,0394366
1,656;0,0402687
1,659;0,0409498
1,662;0,0414758
1,665;0,0418432
1,668;0,0420496
1,671;0,0420932
1,674;0,0419733
1,677;0,04169
1,68;0,0412443
1,683;0,0406379
1,686;0,0398737
1,689;0,0389552
1,692;0,0378869
1,695;0,036674
1,698;0,0353225
1,701;0,0338394
1,704;0,0322321
1,707;0,030509
1,71;0,0286788
1,713;0,0267513
1,716;0,0247363
1,719;0,0226446
1,722;0,0204871
1,725;0,0182753
1,728;0,0160209
1,731;0,013736
1,734;0,0114328
1,737;0,00912367
1,74;0,00682104
1,743;0,0045374
1,746;0,00228512
1,749;7,64916e-05
1,752;0,00207642
1,755;0,0041618
1,758;0,00616816
1,761;0,00808439
1,764;0,00989985
1,767;0,0116044
1,77;0,0131884
1,773;0,0146429
1,776;0,0159597
1,779;0,0171312
1,782;0,0181504
1,785;0,0190115
1,788;0,0197092
1,791;0,0202392
1,794;0,0205981
1,797;0,0207833
1,8;0,0207933
1,803;0,0206274
1,806;0,020286
1,809;0,0197701
1,812;0,0190821
1,815;0,0182251
1,818;0,0172032
1,821;0,0160212
1,824;0,014685
1,827;0,0132014
1,83;0,0115778
1,833;0,00982247
1,836;0,00794453
1,839;0,00595366
1,842;0,00386024
1,845;0,00167521
1,848;0,000589932
1,851;0,00292323
1,854;0,00531232
1,857;0,00774448
1,86;0,0102067
1,863;0,0126859
1,866;0,0151686
1,869;0,0176415
1,872;0,0200911
1,875;0,0225043
1,878;0,0248677
1,881;0,0271686
1,884;0,0293942
1,887;0,0315323
1,89;0,033571
1,893;0,035499
1,896;0,0373055
1,899;0,0389803
1,902;0,040514
1,905;0,0418978
1,908;0,0431236
1,911;0,0441844
1,914;0,0450738
1,917;0,0457866
1,92;0,0463181
1,923;0,0466649
1,926;0,0468246
1,929;0,0467956
1,932;0,0465775
1,935;0,0461707
1,938;0,0455769
1,941;0,0447985
1,944;0,0438393
1,947;0,0427037
1,95;0,0413973
1,953;0,0399265
1,956;0,0382988
1,959;0,0365223
1,962;0,0346063
1,965;0,0325605
1,968;0,0303955
1,971;0,0281227
1,974;0,025754
1,977;0,0233017
1,98;0,0207789
1,983;0,018199
1,986;0,0155757
1,989;0,012923
1,992;0,0102551
1,995;0,00758643
1,998;0,00493134
2,001;0,00230424
2,004;0,0002806
2,007;0,00280907
2,01;0,00526733
2,013;0,00764186
2,016;0,00991957
2,019;0,0120878
2,022;0,0141345
2,025;0,0160482
2,028;0,0178181
2,031;0,0194342
2,034;0,0208871
2,037;0,0221686
2,04;0,0232711
2,043;0,024188
2,046;0,0249138
2,049;0,0254439
2,052;0,0257748
2,055;0,0259039
2,058;0,02583
2,061;0,0255527
2,064;0,0250728
2,067;0,0243923
2,07;0,0235141
2,073;0,0224423
2,076;0,021182
2,079;0,0197394
2,082;0,0181217
2,085;0,016337
2,088;0,0143943
2,091;0,0123037
2,094;0,0100759
2,097;0,00772248
2,1;0,0052557
2,103;0,00268852
2,106;3,44547e-05
2,109;0,00269246
2,112;0,00547775
2,115;0,00830657
2,118;0,0111638
2,121;0,0140341
2,124;0,016902
2,127;0,019752
2,13;0,0225687
2,133;0,0253367
2,136;0,028041
2,139;0,0306667
2,142;0,0331993
2,145;0,035625
2,148;0,0379301
2,151;0,0401019
2,154;0,0421282
2,157;0,0439975
2,16;0,0456992
2,163;0,0472235
2,166;0,0485617
2,169;0,0497058
2,172;0,0506491
2,175;0,0513857
2,178;0,0519109
2,181;0,0522213
2,184;0,0523144
2,187;0,0521889
2,19;0,0518448
2,193;0,0512832
2,196;0,0505064
2,199;0,0495179
2,202;0,0483223
2,205;0,0469253
2,208;0,0453338
2,211;0,0435557
2,214;0,0416
2,217;0,0394767
2,22;0,0371966
2,223;0,0347715
2,226;0,0322141
2,229;0,0295376
2,232;0,0267562
2,235;0,0238845
2,238;0,0209377
2,241;0,0179314
2,244;0,0148818
2,247;0,011805
2,25;0,00871767
2,253;0,00563641
2,256;0,00257788
2,259;0,000441337
2,262;0,00340479
2,265;0,0062963
2,268;0,00909999
2,271;0,0118004
2,274;0,0143827
2,277;0,0168325
2,28;0,019136
2,283;0,0212804
2,286;0,0232535
2,289;0,0250442
2,292;0,026642
2,295;0,0280378
2,298;0,0292232
2,301;0,0301913
2,304;0,030936
2,307;0,0314525
2,31;0,0317373
2,313;0,031788
2,316;0,0316036
2,319;0,0311843
2,322;0,0305315
2,325;0,029648
2,328;0,0285378
2,331;0,027206
2,334;0,0256592
2,337;0,0239049
2,34;0,0219519
2,343;0,01981
2,346;0,0174903
2,349;0,0150047
2,352;0,0123659
2,355;0,00958766
2,358;0,00668462
2,361;0,00367196
2,364;0,000565599
2,367;0,00261802
2,37;0,00586197
2,373;0,00914893
2,376;0,0124613
2,379;0,0157813
2,382;0,019091
2,385;0,0223725
2,388;0,0256079
2,391;0,0287798
2,394;0,0318706
2,397;0,0348635
2,4;0,037742
2,403;0,04049
2,406;0,0430924
2,409;0,0455346
2,412;0,0478029
2,415;0,0498844
2,418;0,0517672
2,421;0,0534405
2,424;0,0548945
2,427;0,0561207
2,43;0,0571117
2,433;0,0578613
2,436;0,0583646
2,439;0,0586181
2,442;0,0586195
2,445;0,0583681
2,448;0,0578642
2,451;0,0571098
2,454;0,0561081
2,457;0,0548637
2,46;0,0533824
2,463;0,0516714
2,466;0,0497392
2,469;0,0475955
2,472;0,0452511
2,475;0,0427181
2,478;0,0400094
2,481;0,0371391
2,484;0,0341221
2,487;0,0309742
2,49;0,027712
2,493;0,0243527
2,496;0,0209141
2,499;0,0174146
2,502;0,0138727
2,505;0,0103075
2,508;0,0067382
2,511;0,003184
2,514;0,000335846
2,517;0,0038022
2,52;0,00719617
2,523;0,0104992
2,526;0,0136931
2,529;0,0167603
2,532;0,0196837
2,535;0,0224472
2,538;0,0250352
2,541;0,0274332
2,544;0,0296276
2,547;0,0316058
2,55;0,0333564
2,553;0,0348692
2,556;0,0361352
2,559;0,0371467
2,562;0,0378975
2,565;0,0383825
2,568;0,0385982
2,571;0,0385426
2,574;0,0382151
2,577;0,0376165
2,58;0,036749
2,583;0,0356165
2,586;0,0342242
2,589;0,0325787
2,592;0,0306881
2,595;0,0285616
2,598;0,0262101
2,601;0,0236454
2,604;0,0208806
2,607;0,0179301
2,61;0,014809
2,613;0,0115338
2,616;0,00812146
2,619;0,00459004
2,622;0,000958191
2,625;0,00275482
2,628;0,00652922
2,631;0,0103448
2,634;0,0141812
2,637;0,0180177
2,64;0,0218335
2,643;0,0256081
2,646;0,0293208
2,649;0,0329515
2,652;0,0364803
2,655;0,0398877
2,658;0,0431549
2,661;0,0462638
2,664;0,0491971
2,667;0,0519383
2,67;0,0544721
2,673;0,056784
2,676;0,0588607
2,679;0,0606902
2,682;0,062262
2,685;0,0635664
2,688;0,0645957
2,691;0,0653433
2,694;0,0658043
2,697;0,0659751
2,7;0,0658538
2,703;0,0654402
2,706;0,0647354
2,709;0,0637424
2,712;0,0624653
2,715;0,0609103
2,718;0,0590846
2,721;0,0569974
2,724;0,0546589
2,727;0,0520809
2,73;0,0492766
2,733;0,0462603
2,736;0,0430476
2,739;0,0396551
2,742;0,0361006
2,745;0,0324027
2,748;0,0285809
2,751;0,0246554
2,754;0,0206471
2,757;0,0165773
2,76;0,0124677
2,763;0,00834056
2,766;0,00421793
2,769;0,00012215
2,772;0,00392458
2,775;0,00790023
2,778;0,0117831
2,781;0,0155519
2,784;0,0191859
2,787;0,022665
2,79;0,0259699
2,793;0,0290822
2,796;0,0319843
2,799;0,03466
2,802;0,037094
2,805;0,0392723
2,808;0,0411823
2,811;0,0428127
2,814;0,0441539
2,817;0,0451976
2,82;0,0459371
2,823;0,0463674
2,826;0,0464852
2,829;0,0462887
2,832;0,0457779
2,835;0,0449546
2,838;0,0438221
2,841;0,0423854
2,844;0,0406513
2,847;0,0386282
2,85;0,036326
2,853;0,0337561
2,856;0,0309316
2,859;0,0278668
2,862;0,0245775
2,865;0,0210806
2,868;0,0173944
2,871;0,013538
2,874;0,00953184
2,877;0,00539691
2,88;0,00115514
2,883;0,00317093
2,886;0,00755823
2,889;0,0119833
2,892;0,0164223
2,895;0,0208513
2,898;0,0252465
2,901;0,0295839
2,904;0,03384
2,907;0,0379914
2,91;0,0420154
2,913;0,0458899
2,916;0,0495934
2,919;0,0531053
2,922;0,056406
2,925;0,059477
2,928;0,0623009
2,931;0,0648616
2,934;0,0671444
2,937;0,069136
2,94;0,0708247
2,943;0,0722003
2,946;0,0732543
2,949;0,0739801
2,952;0,0743724
2,955;0,0744281
2,958;0,0741457
2,961;0,0735256
2,964;0,0725699
2,967;0,0712828
2,97;0,0696701
2,973;0,0677393
2,976;0,0654997
2,979;0,0629625
2,982;0,0601403
2,985;0,0570474
2,988;0,0536995
2,991;0,050114
2,994;0,0463092
2,997;0,0423052
3;0,0381226
3,003;0,0337837
3,006;0,0293112
3,009;0,0247288
3,012;0,020061
3,015;0,0153326
3,018;0,0105689
3,021;0,00579569
3,024;0,00103855
3,027;0,00367673
3,03;0,00832455
3,033;0,0128796
3,036;0,0173169
3,039;0,0216122
3,042;0,0257417
3,045;0,0296826
3,048;0,033413
3,051;0,036912
3,054;0,04016
3,057;0,0431384
3,06;0,0458305
3,063;0,0482205
3,066;0,0502946
3,069;0,0520406
3,072;0,0534478
3,075;0,0545076
3,078;0,055213
3,081;0,055559
3,084;0,0555425
3,087;0,0551624
3,09;0,0544195
3,093;0,0533165
3,096;0,0518583
3,099;0,0500514
3,102;0,0479045
3,105;0,0454279
3,108;0,042634
3,111;0,0395367
3,114;0,0361517
3,117;0,0324964
3,12;0,0285895
3,123;0,0244513
3,126;0,0201034
3,129;0,0155685
3,132;0,0108704
3,135;0,00603407
3,138;0,00108505
3,141;0,0039503
3,144;0,00904508
3,147;0,014172
3,15;0,0193034
3,153;0,0244117
3,156;0,0294692
3,159;0,0344483
3,162;0,0393221
3,165;0,0440637
3,168;0,0486471
3,171;0,053047
3,174;0,0572391
3,177;0,0612
3,18;0,0649075
3,183;0,0683407
3,186;0,0714803
3,189;0,0743081
3,192;0,076808
3,195;0,0789652
3,198;0,080767
3,201;0,0822024
3,204;0,0832624
3,207;0,08394
3,21;0,0842304
3,213;0,0841305
3,216;0,0836396
3,219;0,082759
3,222;0,0814922
3,225;0,0798446
3,228;0,0778239
3,231;0,0754398
3,234;0,0727038
3,237;0,0696295
3,24;0,0662324
3,243;0,0625298
3,246;0,0585405
3,249;0,0542852
3,252;0,0497859
3,255;0,0450662
3,258;0,0401506
3,261;0,0350652
3,264;0,0298368
3,267;0,0244931
3,27;0,0190627
3,273;0,0135744
3,276;0,00805788
3,279;0,00254269
3,282;0,00294133
3,285;0,00836448
3,288;0,0136973
3,291;0,0189106
3,294;0,0239758
3,297;0,0288652
3,3;0,0335517
3,303;0,0380093
3,306;0,0422132
3,309;0,0461398
3,312;0,0497669
3,315;0,053074
3,318;0,0560421
3,321;0,058654
3,324;0,0608945
3,327;0,0627501
3,33;0,0642094
3,333;0,0652634
3,336;0,0659049
3,339;0,0661291
3,342;0,0659333
3,345;0,0653171
3,348;0,0642825
3,351;0,0628336
3,354;0,0609769
3,357;0,0587209
3,36;0,0560765
3,363;0,0530567
3,366;0,0496764
3,369;0,0459528
3,372;0,0419047
3,375;0,037553
3,378;0,03292
3,381;0,0280299
3,384;0,0229081
3,387;0,0175816
3,39;0,0120783
3,393;0,00642755
3,396;0,000659196
3,399;0,00519597
3,402;0,0111066
3,405;0,017041
3,408;0,0229672
3,411;0,0288532
3,414;0,034667
3,417;0,0403771
3,42;0,0459521
3,423;0,0513616
3,426;0,0565758
3,429;0,0615658
3,432;0,066304
3,435;0,0707639
3,438;0,0749204
3,441;0,0787502
3,444;0,0822314
3,447;0,085344
3,45;0,08807
3,453;0,0903933
3,456;0,0923
3,459;0,0937784
3,462;0,0948191
3,465;0,0954149
3,468;0,0955612
3,471;0,0952555
3,474;0,0944981
3,477;0,0932915
3,48;0,0916406
3,483;0,0895529
3,486;0,0870382
3,489;0,0841085
3,492;0,0807783
3,495;0,0770643
3,498;0,0729851
3,501;0,0685615
3,504;0,0638163
3,507;0,0587741
3,51;0,0534609
3,513;0,0479046
3,516;0,0421344
3,519;0,0361807
3,522;0,030075
3,525;0,0238498
3,528;0,0175382
3,531;0,0111742
3,534;0,00479176
3,537;0,00157458
3,54;0,00789042
3,543;0,0141215
3,546;0,0202338
3,549;0,0261941
3,552;0,0319695
3,555;0,0375283
3,558;0,0428397
3,561;0,0478741
3,564;0,0526036
3,567;0,0570014
3,57;0,0610427
3,573;0,0647045
3,576;0,0679657
3,579;0,0708073
3,582;0,0732126
3,585;0,075167
3,588;0,0766586
3,591;0,0776777
3,594;0,0782171
3,597;0,0782723
3,6;0,0778415
3,603;0,0769251
3,606;0,0755267
3,609;0,0736519
3,612;0,0713095
3,615;0,0685104
3,618;0,0652681
3,621;0,0615988
3,624;0,0575207
3,627;0,0530545
3,63;0,0482229
3,633;0,0430509
3,636;0,0375652
3,639;0,0317944
3,642;0,0257686
3,645;0,0195195
3,648;0,0130801
3,651;0,0064846
3,654;0,000232015
3,657;0,00703385
3,66;0,0138845
3,663;0,020747
3,666;0,0275846
3,669;0,03436
3,672;0,0410366
3,675;0,0475779
3,678;0,0539482
3,681;0,0601124
3,684;0,0660367
3,687;0,0716881
3,69;0,0770353
3,693;0,0820483
3,696;0,0866989
3,699;0,0909608
3,702;0,0948097
3,705;0,0982233
3,708;0,101182
3,711;0,103667
3,714;0,105665
3,717;0,107163
3,72;0,108151
3,723;0,108622
3,726;0,108572
3,729;0,107999
3,732;0,106904
3,735;0,105292
3,738;0,103169
3,741;0,100546
3,744;0,0974346
3,747;0,0938501
3,75;0,0898102
3,753;0,0853353
3,756;0,080448
3,759;0,0751733
3,762;0,0695384
3,765;0,0635724
3,768;0,0573065
3,771;0,0507735
3,774;0,0440077
3,777;0,037045
3,78;0,0299221
3,783;0,0226771
3,786;0,0153486
3,789;0,00797602
3,792;0,000598911
3,795;0,00674288
3,798;0,0140096
3,801;0,0211617
3,804;0,0281602
3,807;0,0349668
3,81;0,0415441
3,813;0,0478558
3,816;0,0538669
3,819;0,0595439
3,822;0,064855
3,825;0,0697703
3,828;0,0742619
3,831;0,0783042
3,834;0,0818737
3,837;0,0849496
3,84;0,0875136
3,843;0,0895501
3,846;0,0910463
3,849;0,0919923
3,852;0,0923811
3,855;0,0922087
3,858;0,0914742
3,861;0,0901796
3,864;0,08833
3,867;0,0859335
3,87;0,0830011
3,873;0,0795469
3,876;0,0755878
3,879;0,0711434
3,882;0,0662361
3,885;0,0608908
3,888;0,0551349
3,891;0,048998
3,894;0,042512
3,897;0,0357108
3,9;0,02863
3,903;0,0213068
3,906;0,0137801
3,909;0,00608971
3,912;0,00172335
3,915;0,0096173
3,918;0,0175498
3,921;0,0254781
3,924;0,0333595
3,927;0,0411511
3,93;0,0488107
3,933;0,0562964
3,936;0,0635671
3,939;0,070583
3,942;0,0773052
3,945;0,0836964
3,948;0,0897211
3,951;0,0953453
3,954;0,100538
3,957;0,105268
3,96;0,10951
3,963;0,113239
3,966;0,116432
3,969;0,119071
3,972;0,12114
3,975;0,122625
3,978;0,123517
3,981;0,123808
3,984;0,123496
3,987;0,122579
3,99;0,121061
3,993;0,118948
3,996;0,116248
3,999;0,112976
4,002;0,109146
4,005;0,104777
4,008;0,099891
4,011;0,0945128
4,014;0,0886695
4,017;0,0823912
4,02;0,0757102
4,023;0,0686614
4,026;0,0612814
4,029;0,0536091
4,032;0,0456848
4,035;0,0375506
4,038;0,0292495
4,041;0,020826
4,044;0,0123249
4,047;0,00379206
4,05;0,00472665
4,053;0,0131852
4,056;0,0215376
4,059;0,0297385
4,062;0,037743
4,065;0,0455073
4,068;0,0529886
4,071;0,0601456
4,074;0,0669385
4,077;0,0733294
4,08;0,0792824
4,083;0,0847638
4,086;0,0897426
4,089;0,09419
4,092;0,0980803
4,095;0,10139
4,098;0,104101
4,101;0,106195
4,104;0,107658
4,107;0,108482
4,11;0,108659
4,113;0,108187
4,116;0,107064
4,119;0,105297
4,122;0,102891
4,125;0,0998574
4,128;0,0962108
4,131;0,0919686
4,134;0,0871517
4,137;0,0817843
4,14;0,0758932
4,143;0,0695087
4,146;0,0626635
4,149;0,055393
4,152;0,047735
4,155;0,0397296
4,158;0,0314188
4,161;0,0228464
4,164;0,0140578
4,167;0,00509986
4,17;0,00397975
4,173;0,0131324
4,176;0,0223089
4,179;0,0314597
4,182;0,0405354
4,185;0,0494867
4,188;0,0582649
4,191;0,0668219
4,194;0,0751108
4,197;0,083086
4,2;0,0907032
4,203;0,0979202
4,206;0,104697
4,209;0,110994
4,212;0,116778
4,215;0,122014
4,218;0,126672
4,221;0,130726
4,224;0,134152
4,227;0,136929
4,23;0,139039
4,233;0,140469
4,236;0,141209
4,239;0,141253
4,242;0,140597
4,245;0,139244
4,248;0,137198
4,251;0,134468
4,254;0,131066
4,257;0,127009
4,26;0,122315
4,263;0,117009
4,266;0,111116
4,269;0,104667
4,272;0,0976946
4,275;0,0902344
4,278;0,0823252
4,281;0,0740082
4,284;0,0653269
4,287;0,056327
4,29;0,047056
4,293;0,037563
4,296;0,0278985
4,299;0,0181141
4,302;0,00826231
4,305;0,00160398
4,308;0,0114315
4,311;0,0211671
4,314;0,0307578
4,317;0,0401514
4,32;0,0492965
4,323;0,0581428
4,326;0,0666417
4,329;0,0747459
4,332;0,0824103
4,335;0,0895922
4,338;0,0962511
4,341;0,102349
4,344;0,107852
4,347;0,112727
4,35;0,116946
4,353;0,120485
4,356;0,123321
4,359;0,125438
4,362;0,12682
4,365;0,127459
4,368;0,127348
4,371;0,126486
4,374;0,124874
4,377;0,122518
4,38;0,119429
4,383;0,115621
4,386;0,111112
4,389;0,105925
4,392;0,100083
4,395;0,0936184
4,398;0,0865621
4,401;0,0789509
4,404;0,0708237
4,407;0,0622229
4,41;0,0531931
4,413;0,0437818
4,416;0,0340384
4,419;0,0240145
4,422;0,0137631
4,425;0,00333893
4,428;0,00720236
4,431;0,0178042
4,434;0,0284097
4,437;0,0389614
4,44;0,0494022
4,443;0,0596754
4,446;0,0697249
4,449;0,0794957
4,452;0,0889341
4,455;0,097988
4,458;0,106607
4,461;0,114744
4,464;0,122352
4,467;0,129389
4,47;0,135814
4,473;0,141592
4,476;0,146689
4,479;0,151074
4,482;0,154722
4,485;0,157611
4,488;0,159722
4,491;0,161042
4,494;0,16156
4,497;0,16127
4,5;0,160173
4,503;0,158271
4,506;0,155571
4,509;0,152085
4,512;0,14783
4,515;0,142826
4,518;0,137098
4,521;0,130673
4,524;0,123584
4,527;0,115868
4,53;0,107563
4,533;0,0987126
4,536;0,0893628
4,539;0,0795624
4,542;0,0693626
4,545;0,0588173
4,548;0,0479821
4,551;0,0369146
4,554;0,0256738
4,557;0,0143198
4,56;0,00291344
4,563;0,00848375
4,566;0,0198102
4,569;0,0310046
4,572;0,042006
4,575;0,0527543
4,578;0,0631907
4,581;0,0732577
4,584;0,0828996
4,587;0,0920631
4,59;0,100697
4,593;0,108753
4,596;0,116185
4,599;0,122951
4,602;0,129013
4,605;0,134336
4,608;0,138887
4,611;0,14264
4,614;0,145572
4,617;0,147664
4,62;0,148902
4,623;0,149277
4,626;0,148784
4,629;0,147421
4,632;0,145194
4,635;0,142112
4,638;0,138189
4,641;0,133442
4,644;0,127895
4,647;0,121575
4,65;0,114513
4,653;0,106745
4,656;0,0983106
4,659;0,0892531
4,662;0,0796191
4,665;0,0694588
4,668;0,0588252
4,671;0,0477742
4,674;0,036364
4,677;0,024655
4,68;0,0127094
4,683;0,000590941
4,686;0,0116356
4,689;0,0239045
4,692;0,0361496
4,695;0,0483048
4,698;0,0603042
4,701;0,0720823
4,704;0,0835749
4,707;0,0947189
4,71;0,105453
4,713;0,115718
4,716;0,125456
4,719;0,134614
4,722;0,143139
4,725;0,150984
4,728;0,158105
4,731;0,164459
4,734;0,17001
4,737;0,174726
4,74;0,178578
4,743;0,181543
4,746;0,183601
4,749;0,184738
4,752;0,184945
4,755;0,184217
4,758;0,182556
4,761;0,179968
4,764;0,176462
4,767;0,172055
4,77;0,166768
4,773;0,160625
4,776;0,153658
4,779;0,145902
4,782;0,137394
4,785;0,12818
4,788;0,118305
4,791;0,107822
4,794;0,0967849
4,797;0,0852509
4,8;0,0732811
4,803;0,0609384
4,806;0,0482884
4,809;0,0353982
4,812;0,0223367
4,815;0,00917385
4,818;0,00401969
4,821;0,0171727
4,824;0,0302141
4,827;0,0430731
4,83;0,0556795
4,833;0,0679645
4,836;0,0798606
4,839;0,0913023
4,842;0,102226
4,845;0,112572
4,848;0,122281
4,851;0,131299
4,854;0,139575
4,857;0,147062
4,86;0,153716
4,863;0,1595
4,866;0,164378
4,869;0,168321
4,872;0,171306
4,875;0,173312
4,878;0,174325
4,881;0,174336
4,884;0,173343
4,887;0,171346
4,89;0,168354
4,893;0,164379
4,896;0,159439
4,899;0,153558
4,902;0,146763
4,905;0,13909
4,908;0,130576
4,911;0,121264
4,914;0,111202
4,917;0,100441
4,92;0,089038
4,923;0,0770518
4,926;0,064545
4,929;0,0515836
4,932;0,0382359
4,935;0,0245727
4,938;0,0106667
4,941;0,00340779
4,944;0,0175754
4,947;0,0317599
4,95;0,0458847
4,953;0,0598735
4,956;0,0736501
4,959;0,0871395
4,962;0,100268
4,965;0,112963
4,968;0,125155
4,971;0,136776
4,974;0,147762
4,977;0,158051
4,98;0,167585
4,983;0,17631
4,986;0,184176
4,989;0,191139
4,992;0,197156
4,995;0,202193
4,998;0,206218
5,001;0,209208
5,004;0,211142
5,007;0,212005
5,01;0,21179
5,013;0,210495
5,016;0,208122
5,019;0,204681
5,022;0,200187
5,025;0,194659
5,028;0,188126
5,031;0,180618
5,034;0,172173
5,037;0,162833
5,04;0,152646
5,043;0,141663
5,046;0,129942
5,049;0,117543
5,052;0,10453
5,055;0,0909727
5,058;0,0769414
5,061;0,0625107
5,064;0,0477569
5,067;0,0327587
5,07;0,0175963
5,073;0,00235095
5,076;0,0128953
5,079;0,0280601
5,082;0,0430613
5,085;0,0578173
5,088;0,0722477
5,091;0,0862733
5,094;0,0998171
5,097;0,112804
5,1;0,125163
5,103;0,136824
5,106;0,147722
5,109;0,157796
5,112;0,166989
5,115;0,175247
5,118;0,182523
5,121;0,188775
5,124;0,193966
5,127;0,198062
5,13;0,20104
5,133;0,202878
5,136;0,203564
5,139;0,203088
5,142;0,201451
5,145;0,198657
5,148;0,194717
5,151;0,189649
5,154;0,183475
5,157;0,176227
5,16;0,167938
5,163;0,15865
5,166;0,148411
5,169;0,137272
5,172;0,12529
5,175;0,112527
5,178;0,0990489
5,181;0,084927
5,184;0,0702347
5,187;0,0550496
5,19;0,039452
5,193;0,0235246
5,196;0,00735242
5,199;0,00897809
5,202;0,0253793
5,205;0,0417628
5,208;0,0580402
5,211;0,0741231
5,214;0,0899241
5,217;0,105357
5,22;0,120337
5,223;0,134782
5,226;0,148611
5,229;0,161749
5,232;0,174122
5,235;0,18566
5,238;0,196298
5,241;0,205976
5,244;0,214639
5,247;0,222235
5,25;0,228721
5,253;0,234058
5,256;0,238212
5,259;0,241158
5,262;0,242875
5,265;0,24335
5,268;0,242577
5,271;0,240554
5,274;0,237289
5,277;0,232796
5,28;0,227093
5,283;0,220209
5,286;0,212176
5,289;0,203033
5,292;0,192826
5,295;0,181607
5,298;0,169433
5,301;0,156367
5,304;0,142475
5,307;0,12783
5,31;0,112509
5,313;0,0965912
5,316;0,0801618
5,319;0,0633073
5,322;0,0461173
5,325;0,0286835
5,328;0,0110991
5,331;0,00654137
5,334;0,0241428
5,337;0,0416101
5,34;0,0588485
5,343;0,0757641
5,346;0,0922644
5,349;0,108259
5,352;0,12366
5,355;0,138381
5,358;0,152342
5,361;0,165464
5,364;0,177673
5,367;0,188901
5,37;0,199084
5,373;0,208162
5,376;0,216083
5,379;0,222801
5,382;0,228275
5,385;0,232471
5,388;0,235363
5,391;0,23693
5,394;0,237159
5,397;0,236044
5,4;0,233588
5,403;0,229798
5,406;0,22469
5,409;0,218289
5,412;0,210623
5,415;0,20173
5,418;0,191654
5,421;0,180445
5,424;0,168159
5,427;0,154861
5,43;0,140617
5,433;0,125502
5,436;0,109594
5,439;0,0929769
5,442;0,0757373
5,445;0,0579665
5,448;0,0397585
5,451;0,0212104
5,454;0,002421
5,457;0,016509
5,46;0,0354778
5,463;0,0543832
5,466;0,0731229
5,469;0,091595
5,472;0,109699
5,475;0,127336
5,478;0,144409
5,481;0,160823
5,484;0,176489
5,487;0,191318
5,49;0,205229
5,493;0,218142
5,496;0,229985
5,499;0,240689
5,502;0,250194
5,505;0,258444
5,508;0,26539
5,511;0,270991
5,514;0,27521
5,517;0,278022
5,52;0,279405
5,523;0,279348
5,526;0,277845
5,529;0,274901
5,532;0,270526
5,535;0,264739
5,538;0,257567
5,541;0,249043
5,544;0,239208
5,547;0,228112
5,55;0,215811
5,553;0,202365
5,556;0,187845
5,559;0,172325
5,562;0,155885
5,565;0,138611
5,568;0,120593
5,571;0,101927
5,574;0,08271
5,577;0,063045
5,58;0,0430363
5,583;0,0227909
5,586;0,00241717
5,589;0,0179752
5,592;0,0382762
5,595;0,058376
5,598;0,0781651
5,601;0,0975359
5,604;0,116382
5,607;0,1346
5,61;0,15209
5,613;0,168754
5,616;0,1845
5,619;0,19924
5,622;0,21289
5,625;0,225373
5,628;0,236618
5,631;0,24656
5,634;0,255141
5,637;0,26231
5,64;0,268022
5,643;0,272243
5,646;0,274945
5,649;0,276108
5,652;0,27572
5,655;0,273778
5,658;0,270287
5,661;0,265262
5,664;0,258723
5,667;0,250701
5,67;0,241235
5,673;0,23037
5,676;0,218161
5,679;0,204668
5,682;0,189961
5,685;0,174114
5,688;0,157209
5,691;0,139335
5,694;0,120583
5,697;0,101053
5,7;0,0808474
5,703;0,0600727
5,706;0,0388394
5,709;0,0172606
5,712;0,0045485
5,715;0,0264708
5,718;0,0483883
5,721;0,0701828
5,724;0,0917359
5,727;0,112931
5,73;0,133651
5,733;0,153784
5,736;0,173219
5,739;0,191848
5,742;0,209568
5,745;0,22628
5,748;0,241891
5,751;0,256312
5,754;0,269462
5,757;0,281265
5,76;0,291653
5,763;0,300565
5,766;0,307948
5,769;0,313756
5,772;0,317954
5,775;0,320513
5,778;0,321413
5,781;0,320645
5,784;0,318206
5,787;0,314104
5,79;0,308356
5,793;0,300986
5,796;0,29203
5,799;0,28153
5,802;0,269538
5,805;0,256113
5,808;0,241323
5,811;0,225243
5,814;0,207956
5,817;0,189551
5,82;0,170123
5,823;0,149774
5,826;0,128611
5,829;0,106745
5,832;0,0842923
5,835;0,0613714
5,838;0,0381048
5,841;0,014617
5,844;0,00896604
5,847;0,0325172
5,85;0,0559091
5,853;0,0790151
5,856;0,101709
5,859;0,123868
5,862;0,145369
5,865;0,166095
5,868;0,18593
5,871;0,204766
5,874;0,222496
5,877;0,239021
5,88;0,254248
5,883;0,268091
5,886;0,280469
5,889;0,291311
5,892;0,300553
5,895;0,30814
5,898;0,314025
5,901;0,318171
5,904;0,320549
5,907;0,32114
5,91;0,319936
5,913;0,316936
5,916;0,312151
5,919;0,305601
5,922;0,297314
5,925;0,287331
5,928;0,275697
5,931;0,262472
5,934;0,247721
5,937;0,231519
5,94;0,213948
5,943;0,195097
5,946;0,175066
5,949;0,153958
5,952;0,131882
5,955;0,108956
5,958;0,0853001
5,961;0,0610394
5,964;0,0363029
5,967;0,0112226
5,97;0,0140672
5,973;0,0394306
5,976;0,064731
5,979;0,0898315
5,982;0,114596
5,985;0,138889
5,988;0,162579
5,991;0,185535
5,994;0,207631
5,997;0,228744
6;0,248757
6,003;0,267559
6,006;0,285044
6,009;0,301112
6,012;0,315673
6,015;0,328642
6,018;0,339945
6,021;0,349513
6,024;0,357291
6,027;0,363229
6,03;0,36729
6,033;0,369444
6,036;0,369675
6,039;0,367974
6,042;0,364343
6,045;0,358797
6,048;0,351358
6,051;0,342059
6,054;0,330946
6,057;0,318071
6,06;0,303499
6,063;0,287302
6,066;0,269562
6,069;0,25037
6,072;0,229824
6,075;0,208031
6,078;0,185104
6,081;0,161163
6,084;0,136334
6,087;0,110748
6,09;0,0845407
6,093;0,0578515
6,096;0,0308227
6,099;0,00359924
6,102;0,0236726
6,105;0,0508456
6,108;0,0777729
6,111;0,104308
6,114;0,130307
6,117;0,155626
6,12;0,180128
6,123;0,203677
6,126;0,226142
6,129;0,247399
6,132;0,267328
6,135;0,285818
6,138;0,302764
6,141;0,318069
6,144;0,331644
6,147;0,343412
6,15;0,353301
6,153;0,361253
6,156;0,367217
6,159;0,371154
6,162;0,373038
6,165;0,372849
6,168;0,370583
6,171;0,366245
6,174;0,35985
6,177;0,351427
6,18;0,341014
6,183;0,32866
6,186;0,314426
6,189;0,298382
6,192;0,280608
6,195;0,261195
6,198;0,240242
6,201;0,217857
6,204;0,194156
6,207;0,169262
6,21;0,143306
6,213;0,116424
6,216;0,0887579
6,219;0,0604551
6,222;0,0316661
6,225;0,00254446
6,228;0,0267535
6,231;0,0560703
6,234;0,0852476
6,237;0,114127
6,24;0,142553
6,243;0,170369
6,246;0,197423
6,249;0,223566
6,252;0,248655
6,255;0,27255
6,258;0,295119
6,261;0,316234
6,264;0,335776
6,267;0,353636
6,27;0,36971
6,273;0,383906
6,276;0,396141
6,279;0,406342
6,282;0,414448
6,285;0,420406
6,288;0,424178
6,291;0,425736
6,294;0,425064
6,297;0,422158
6,3;0,417026
6,303;0,409688
6,306;0,400177
6,309;0,388536
6,312;0,374821
6,315;0,359099
6,318;0,341448
6,321;0,321956
6,324;0,300724
6,327;0,277859
6,33;0,25348
6,333;0,227712
6,336;0,200691
6,339;0,172558
6,342;0,143461
6,345;0,113555
6,348;0,0829965
6,351;0,05195
6,354;0,0205811
6,357;0,010942
6,36;0,0424496
6,363;0,0737714
6,366;0,104738
6,369;0,13518
6,372;0,164932
6,375;0,193831
6,378;0,221719
6,381;0,248439
6,384;0,273846
6,387;0,297797
6,39;0,320157
6,393;0,340801
6,396;0,359611
6,399;0,376479
6,402;0,391308
6,405;0,404011
6,408;0,414512
6,411;0,422746
6,414;0,428662
6,417;0,43222
6,42;0,433392
6,423;0,432165
6,426;0,428535
6,429;0,422516
6,432;0,414131
6,435;0,403417
6,438;0,390425
6,441;0,375217
6,444;0,357867
6,447;0,338463
6,45;0,3171
6,453;0,29389
6,456;0,268949
6,459;0,242408
6,462;0,214405
6,465;0,185084
6,468;0,154601
6,471;0,123115
6,474;0,0907942
6,477;0,0578094
6,48;0,0243366
6,483;0,00944503
6,486;0,0433541
6,489;0,0772081
6,492;0,110824
6,495;0,144019
6,498;0,176613
6,501;0,208428
6,504;0,239289
6,507;0,269026
6,51;0,297476
6,513;0,324479
6,516;0,349886
6,519;0,373554
6,522;0,395348
6,525;0,415145
6,528;0,432831
6,531;0,448304
6,534;0,461473
6,537;0,472257
6,54;0,480592
6,543;0,486424
6,546;0,489712
6,549;0,490431
6,552;0,488567
6,555;0,484123
6,558;0,477113
6,561;0,467566
6,564;0,455525
6,567;0,441048
6,57;0,424203
6,573;0,405074
6,576;0,383756
6,579;0,360357
6,582;0,334996
6,585;0,307803
6,588;0,27892
6,591;0,248496
6,594;0,21669
6,597;0,183669
6,6;0,149608
6,603;0,114687
6,606;0,0790919
6,609;0,043012
6,612;0,00664085
6,615;0,0298262
6,618;0,0661925
6,621;0,102261
6,624;0,137837
6,627;0,172726
6,63;0,206737
6,633;0,239683
6,636;0,271384
6,639;0,301663
6,642;0,330353
6,645;0,357293
6,648;0,382331
6,651;0,405326
6,654;0,426147
6,657;0,444674
6,66;0,460799
6,663;0,474427
6,666;0,485475
6,669;0,493876
6,672;0,499575
6,675;0,502532
6,678;0,502722
6,681;0,500134
6,684;0,494773
6,687;0,486658
6,69;0,475824
6,693;0,462321
6,696;0,446211
6,699;0,427573
6,702;0,406499
6,705;0,383095
6,708;0,357479
6,711;0,329782
6,714;0,300146
6,717;0,268725
6,72;0,235682
6,723;0,201191
6,726;0,165432
6,729;0,128595
6,732;0,0908746
6,735;0,0524715
6,738;0,0135908
6,741;0,025559
6,744;0,0647676
6,747;0,103823
6,75;0,142515
6,753;0,180632
6,756;0,217967
6,759;0,254316
6,762;0,289478
6,765;0,323261
6,768;0,355476
6,771;0,385945
6,774;0,414497
6,777;0,440972
6,78;0,465219
6,783;0,4871
6,786;0,506488
6,789;0,523271
6,792;0,537349
6,795;0,548637
6,798;0,557065
6,801;0,562576
6,804;0,565132
6,807;0,564708
6,81;0,561298
6,813;0,554908
6,816;0,545564
6,819;0,533305
6,822;0,518189
6,825;0,500287
6,828;0,479686
6,831;0,456488
6,834;0,43081
6,837;0,402782
6,84;0,372547
6,843;0,340262
6,846;0,306092
6,849;0,270218
6,852;0,232826
6,855;0,194113
6,858;0,154284
6,861;0,11355
6,864;0,0721275
6,867;0,0302388
6,87;0,011892
6,873;0,0540382
6,876;0,0959722
6,879;0,137467
6,882;0,178297
6,885;0,218239
6,888;0,257075
6,891;0,294591
6,894;0,33058
6,897;0,364843
6,9;0,397188
6,903;0,427435
6,906;0,455414
6,909;0,480964
6,912;0,50394
6,915;0,52421
6,918;0,541654
6,921;0,556169
6,924;0,567666
6,927;0,576073
6,93;0,581335
6,933;0,583411
6,936;0,582281
6,939;0,577938
6,942;0,570397
6,945;0,559686
6,948;0,545852
6,951;0,528961
6,954;0,509092
6,957;0,486342
6,96;0,460826
6,963;0,43267
6,966;0,402019
6,969;0,369029
6,972;0,33387
6,975;0,296725
6,978;0,257789
6,981;0,217264
6,984;0,175364
6,987;0,132311
6,99;0,088334
6,993;0,0436666
6,996;0,00145204
6,999;0,0467799
7,002;0,0920729
7,005;0,137086
7,008;0,181576
7,011;0,225301
7,014;0,268021
7,017;0,309502
7,02;0,349517
7,023;0,387844
7,026;0,424271
7,029;0,458594
7,032;0,490621
7,035;0,520172
7,038;0,547077
7,041;0,571184
7,044;0,592351
7,047;0,610456
7,05;0,625389
7,053;0,63706
7,056;0,645393
7,059;0,650334
7,062;0,651843
7,065;0,649901
7,068;0,644507
7,071;0,635678
7,074;0,623449
7,077;0,607876
7,08;0,589031
7,083;0,567005
7,086;0,541906
7,089;0,513859
7,092;0,483005
7,095;0,449502
7,098;0,413522
7,101;0,375249
7,104;0,334884
7,107;0,292637
7,11;0,248729
7,113;0,203393
7,116;0,156868
7,119;0,109401
7,122;0,0612457
7,125;0,0126597
7,128;0,0360963
7,131;0,0847595
7,134;0,133067
7,137;0,180756
7,14;0,227568
7,143;0,273246
7,146;0,317541
7,149;0,360208
7,152;0,401011
7,155;0,439724
7,158;0,47613
7,161;0,510025
7,164;0,541218
7,167;0,56953
7,17;0,5948
7,173;0,61688
7,176;0,63564
7,179;0,650969
7,182;0,66277
7,185;0,670969
7,188;0,675508
7,191;0,676352
7,194;0,673483
7,197;0,666904
7,2;0,656637
7,203;0,642726
7,206;0,625233
7,209;0,604241
7,212;0,579851
7,215;0,552183
7,218;0,521376
7,221;0,487585
7,224;0,450982
7,227;0,411756
7,23;0,37011
7,233;0,32626
7,236;0,280435
7,239;0,232876
7,242;0,183835
7,245;0,13357
7,248;0,0823497
7,251;0,0304468
7,254;0,0218606
7,257;0,0742915
7,26;0,126563
7,263;0,178393
7,266;0,229499
7,269;0,279603
7,272;0,328431
7,275;0,375715
7,278;0,421195
7,281;0,464619
7,284;0,505745
7,287;0,544344
7,29;0,580198
7,293;0,613104
7,296;0,642875
7,299;0,66934
7,302;0,692344
7,305;0,711751
7,308;0,727444
7,311;0,739326
7,314;0,747319
7,317;0,751368
7,32;0,751437
7,323;0,747512
7,326;0,739601
7,329;0,727732
7,332;0,711957
7,335;0,692348
7,338;0,668997
7,341;0,642017
7,344;0,611543
7,347;0,577726
7,35;0,540738
7,353;0,500768
7,356;0,458022
7,359;0,412721
7,362;0,3651
7,365;0,31541
7,368;0,263911
7,371;0,210876
7,374;0,156585
7,377;0,101328
7,38;0,0453995
7,383;0,0109008
7,386;0,0672701
7,389;0,123404
7,392;0,178999
7,395;0,233753
7,398;0,287366
7,401;0,339547
7,404;0,390008
7,407;0,438471
7,41;0,484667
7,413;0,52834
7,416;0,569244
7,419;0,60715
7,422;0,641842
7,425;0,673123
7,428;0,700812
7,431;0,724746
7,434;0,744785
7,437;0,768444
7,44;0,795606
7,443;0,826137
7,446;0,859884
7,449;0,896676
7,452;0,936324
7,455;0,978624
7,458;1,02336
7,461;1,07029
7,464;1,11917
7,467;1,16975
7,47;1,22176
7,473;1,27492
7,476;1,32895
7,479;1,38356
7,482;1,43846
7,485;1,49335
7,488;1,54794
7,491;1,60192
7,494;1,65501
7,497;1,70692
7,5;1,75736
7,503;1,80606
7,506;1,85274
7,509;1,89715
7,512;1,93904
7,515;1,97817
7,518;2,01433
7,521;2,0473
7,524;2,07691
7,527;2,10297
7,53;2,12534
7,533;2,14388
7,536;2,15848
7,539;2,16905
7,542;2,17552
7,545;2,17783
7,548;2,17596
7,551;2,16991
7,554;2,15969
7,557;2,14535
7,56;2,12695
7,563;2,10458
7,566;2,07833
7,569;2,04835
7,572;2,01478
7,575;1,97779
7,578;1,93756
7,581;1,89431
7,584;1,84825
7,587;1,79963
7,59;1,7487
7,593;1,69573
7,596;1,64099
7,599;1,58478
7,602;1,52739
7,605;1,46914
7,608;1,41032
7,611;1,35126
7,614;1,29228
7,617;1,23369
7,62;1,17582
7,623;1,11897
7,626;1,06346
7,629;1,00959
7,632;0,957655
7,635;0,907948
7,638;0,860742
7,641;0,816302
7,644;0,774875
7,647;0,736696
7,65;0,701982
7,653;0,670932
7,656;0,636091
7,659;0,597632
7,662;0,555752
7,665;0,510664
7,668;0,462602
7,671;0,411815
7,674;0,358568
7,677;0,30314
7,68;0,245823
7,683;0,18692
7,686;0,126744
7,689;0,0656146
7,692;0,00385979
7,695;0,0581895
7,698;0,120199
7,701;0,181834
7,704;0,242761
7,707;0,302647
7,71;0,361166
7,713;0,417997
7,716;0,472829
7,719;0,525357
7,722;0,57529
7,725;0,62235
7,728;0,666273
7,731;0,706811
7,734;0,743734
7,737;0,77683
7,74;0,805907
7,743;0,830795
7,746;0,851345
7,749;0,867431
7,752;0,878951
7,755;0,885828
7,758;0,888008
7,761;0,885464
7,764;0,878193
7,767;0,866219
7,77;0,849591
7,773;0,828382
7,776;0,802691
7,779;0,772642
7,782;0,738382
7,785;0,700082
7,788;0,657935
7,791;0,612155
7,794;0,562978
7,797;0,510657
7,8;0,455465
7,803;0,397688
7,806;0,337632
7,809;0,275612
7,812;0,211956
7,815;0,147003
7,818;0,0810985
7,821;0,014596
7,824;0,0521478
7,827;0,118773
7,83;0,18492
7,833;0,25023
7,836;0,314347
7,839;0,376921
7,842;0,437608
7,845;0,496075
7,848;0,551999
7,851;0,605068
7,854;0,654986
7,857;0,701474
7,86;0,744268
7,863;0,783125
7,866;0,825459
7,869;0,871052
7,872;0,919669
7,875;0,971059
7,878;1,02495
7,881;1,08107
7,884;1,13911
7,887;1,19877
7,89;1,25973
7,893;1,32167
7,896;1,38426
7,899;1,44716
7,902;1,51003
7,905;1,57254
7,908;1,63433
7,911;1,69509
7,914;1,75447
7,917;1,81215
7,92;1,86782
7,923;1,92116
7,926;1,97188
7,929;2,0197
7,932;2,06435
7,935;2,10558
7,938;2,14315
7,941;2,17685
7,944;2,20648
7,947;2,23187
7,95;2,25286
7,953;2,26934
7,956;2,28119
7,959;2,28833
7,962;2,29072
7,965;2,28832
7,968;2,28112
7,971;2,26916
7,974;2,25247
7,977;2,23114
7,98;2,20526
7,983;2,17496
7,986;2,14038
7,989;2,1017
7,992;2,05911
7,995;2,01283
7,998;1,9631
8,001;1,91017
8,004;1,85432
8,007;1,79584
8,01;1,73503
8,013;1,67223
8,016;1,60775
8,019;1,54194
8,022;1,47516
8,025;1,40776
8,028;1,3401
8,031;1,27255
8,034;1,20546
8,037;1,13922
8,04;1,07417
8,043;1,01067
8,046;0,949068
8,049;0,889707
8,052;0,832913
8,055;0,779002
8,058;0,728273
8,061;0,681013
8,064;0,637488
8,067;0,590308
8,07;0,539717
8,073;0,485975
8,076;0,429363
8,079;0,370177
8,082;0,308726
8,085;0,245336
8,088;0,180342
8,091;0,114089
8,094;0,0469318
8,097;0,0207713
8,1;0,0886559
8,103;0,156356
8,106;0,223506
8,109;0,289741
8,112;0,3547
8,115;0,418029
8,118;0,479378
8,121;0,538412
8,124;0,594802
8,127;0,648236
8,13;0,698415
8,133;0,745056
8,136;0,787896
8,139;0,826692
8,142;0,861218
8,145;0,891275
8,148;0,916685
8,151;0,937294
8,154;0,952977
8,157;0,96363
8,16;0,969179
8,163;0,969577
8,166;0,964804
8,169;0,954869
8,172;0,939808
8,175;0,919684
8,178;0,894589
8,181;0,864641
8,184;0,829986
8,187;0,790795
8,19;0,747265
8,193;0,699614
8,196;0,648087
8,199;0,59295
8,202;0,534486
8,205;0,473001
8,208;0,408816
8,211;0,342269
8,214;0,273711
8,217;0,203506
8,22;0,132027
8,223;0,0596555
8,226;0,0132207
8,229;0,0862096
8,232;0,158917
8,235;0,230951
8,238;0,301918
8,241;0,371433
8,244;0,439115
8,247;0,504591
8,25;0,567503
8,253;0,627499
8,256;0,684248
8,259;0,737431
8,262;0,786749
8,265;0,83956
8,268;0,895589
8,271;0,954546
8,274;1,01612
8,277;1,07999
8,28;1,14582
8,283;1,21326
8,286;1,28195
8,289;1,35153
8,292;1,42161
8,295;1,49183
8,298;1,56181
8,301;1,63116
8,304;1,69952
8,307;1,7665
8,31;1,83174
8,313;1,89489
8,316;1,95559
8,319;2,01352
8,322;2,06833
8,325;2,11974
8,328;2,16746
8,331;2,2112
8,334;2,25072
8,337;2,2858
8,34;2,31622
8,343;2,34182
8,346;2,36243
8,349;2,37792
8,352;2,3882
8,355;2,3932
8,358;2,39286
8,361;2,38717
8,364;2,37614
8,367;2,35982
8,37;2,33827
8,373;2,31159
8,376;2,27992
8,379;2,2434
8,382;2,20221
8,385;2,15656
8,388;2,10669
8,391;2,05285
8,394;1,9953
8,397;1,93437
8,4;1,87035
8,403;1,80359
8,406;1,73443
8,409;1,66325
8,412;1,59041
8,415;1,51632
8,418;1,44135
8,421;1,36592
8,424;1,29044
8,427;1,2153
8,43;1,14091
8,433;1,06769
8,436;0,996019
8,439;0,926303
8,442;0,858921
8,445;0,794245
8,448;0,732633
8,451;0,674429
8,454;0,619958
8,457;0,56189
8,46;0,500527
8,463;0,436189
8,466;0,369213
8,469;0,299952
8,472;0,228773
8,475;0,156052
8,478;0,0821772
8,481;0,0075442
8,484;0,067447
8,487;0,142393
8,49;0,216888
8,493;0,290528
8,496;0,362914
8,499;0,43365
8,502;0,502349
8,505;0,568632
8,508;0,632133
8,511;0,692501
8,514;0,749397
8,517;0,802504
8,52;0,851522
8,523;0,896172
8,526;0,936198
8,529;0,971368
8,532;1,00148
8,535;1,02634
8,538;1,04581
8,541;1,05977
8,544;1,06811
8,547;1,07078
8,55;1,06774
8,553;1,05898
8,556;1,04454
8,559;1,02448
8,562;0,998874
8,565;0,967854
8,568;0,931566
8,571;0,890188
8,574;0,843926
8,577;0,793013
8,58;0,737708
8,583;0,678296
8,586;0,615082
8,589;0,548395
8,592;0,478584
8,595;0,406015
8,598;0,33107
8,601;0,254146
8,604;0,175653
8,607;0,0960068
8,61;0,0156355
8,613;0,0650299
8,616;0,145555
8,619;0,225504
8,622;0,304443
8,625;0,381943
8,628;0,457581
8,631;0,530941
8,634;0,60162
8,637;0,669227
8,64;0,733386
8,643;0,793739
8,646;0,857585
8,649;0,92459
8,652;0,994403
8,655;1,06666
8,658;1,14097
8,661;1,21695
8,664;1,29418
8,667;1,37227
8,67;1,45078
8,673;1,5293
8,676;1,6074
8,679;1,68466
8,682;1,76065
8,685;1,83498
8,688;1,90721
8,691;1,97697
8,694;2,04386
8,697;2,10752
8,7;2,16759
8,703;2,22372
8,706;2,27562
8,709;2,32297
8,712;2,36552
8,715;2,40301
8,718;2,43522
8,721;2,46197
8,724;2,48308
8,727;2,49843
8,73;2,50792
8,733;2,51147
8,736;2,50904
8,739;2,50062
8,742;2,48625
8,745;2,46598
8,748;2,43989
8,751;2,40812
8,754;2,3708
8,757;2,32813
8,76;2,28032
8,763;2,2276
8,766;2,17024
8,769;2,10855
8,772;2,04283
8,775;1,97343
8,778;1,90071
8,781;1,82506
8,784;1,74686
8,787;1,66654
8,79;1,58452
8,793;1,50124
8,796;1,41714
8,799;1,33267
8,802;1,2483
8,805;1,16447
8,808;1,08164
8,811;1,00026
8,814;0,920771
8,817;0,843617
8,82;0,769219
8,823;0,697987
8,826;0,630316
8,829;0,558948
8,832;0,484256
8,835;0,406631
8,838;0,326482
8,841;0,244235
8,844;0,160325
8,847;0,0752008
8,85;0,0106827
8,853;0,0968642
8,856;0,182879
8,859;0,268263
8,862;0,352552
8,865;0,435287
8,868;0,516017
8,871;0,594299
8,874;0,669701
8,877;0,741806
8,88;0,810215
8,883;0,874545
8,886;0,934434
8,889;0,989545
8,892;1,03956
8,895;1,0842
8,898;1,1232
8,901;1,15633
8,904;1,18339
8,907;1,20422
8,91;1,21868
8,913;1,22667
8,916;1,22813
8,919;1,22302
8,922;1,21136
8,925;1,19318
8,928;1,16856
8,931;1,1376
8,934;1,10047
8,937;1,05733
8,94;1,00839
8,943;0,953907
8,946;0,894152
8,949;0,829428
8,952;0,760069
8,955;0,686434
8,958;0,608905
8,961;0,527888
8,964;0,443809
8,967;0,357111
8,97;0,268253
8,973;0,177708
8,976;0,0859595
8,979;0,00650156
8,982;0,0991782
8,985;0,191571
8,988;0,283179
8,991;0,373507
8,994;0,46206
8,997;0,548357
9;0,631921
9,003;0,712294
9,006;0,78903
9,009;0,86934
9,012;0,952801
9,015;1,03897
9,018;1,1274
9,021;1,21762
9,024;1,30914
9,027;1,40147
9,03;1,49412
9,033;1,5866
9,036;1,67839
9,039;1,769
9,042;1,85795
9,045;1,94473
9,048;2,02888
9,051;2,10994
9,054;2,18745
9,057;2,26099
9,06;2,33014
9,063;2,39451
9,066;2,45375
9,069;2,50751
9,072;2,55548
9,075;2,5974
9,078;2,633
9,081;2,66208
9,084;2,68445
9,087;2,69998
9,09;2,70855
9,093;2,7101
9,096;2,7046
9,099;2,69204
9,102;2,67248
9,105;2,64599
9,108;2,6127
9,111;2,57275
9,114;2,52636
9,117;2,47373
9,12;2,41514
9,123;2,35089
9,126;2,28129
9,129;2,20671
9,132;2,12754
9,135;2,04418
9,138;1,95707
9,141;1,86667
9,144;1,77345
9,147;1,67792
9,15;1,58057
9,153;1,48193
9,156;1,38253
9,159;1,28289
9,162;1,18356
9,165;1,08508
9,168;0,98797
9,171;0,892772
9,174;0,800003
9,177;0,710171
9,18;0,623772
9,183;0,541284
9,186;0,455528
9,189;0,366958
9,192;0,276042
9,195;0,183262
9,198;0,0891131
9,201;0,00590047
9,204;0,101269
9,207;0,196478
9,21;0,291014
9,213;0,384364
9,216;0,476018
9,219;0,565478
9,222;0,652252
9,225;0,735862
9,228;0,815847
9,231;0,891762
9,234;0,963182
9,237;1,02971
9,24;1,09096
9,243;1,1466
9,246;1,1963
9,249;1,23977
9,252;1,27675
9,255;1,30704
9,258;1,33043
9,261;1,34678
9,264;1,35597
9,267;1,35794
9,27;1,35265
9,273;1,34009
9,276;1,32032
9,279;1,29342
9,282;1,25951
9,285;1,21874
9,288;1,17132
9,291;1,11747
9,294;1,05747
9,297;0,991623
9,3;0,920257
9,303;0,843744
9,306;0,762477
9,309;0,676881
9,312;0,587402
9,315;0,49451
9,318;0,398696
9,321;0,300466
9,324;0,200344
9,327;0,0988635
9,33;0,00343257
9,333;0,105994
9,336;0,208269
9,339;0,309702
9,342;0,409745
9,345;0,507852
9,348;0,603486
9,351;0,696122
9,354;0,785251
9,357;0,87038
9,36;0,95867
9,363;1,04966
9,366;1,14286
9,369;1,23778
9,372;1,33391
9,375;1,43074
9,378;1,52774
9,381;1,6244
9,384;1,72019
9,387;1,81459
9,39;1,90708
9,393;1,99716
9,396;2,08434
9,399;2,16813
9,402;2,24807
9,405;2,32372
9,408;2,39465
9,411;2,46046
9,414;2,52078
9,417;2,57527
9,42;2,62361
9,423;2,66552
9,426;2,70075
9,429;2,7291
9,432;2,75037
9,435;2,76444
9,438;2,77119
9,441;2,77059
9,444;2,76259
9,447;2,74722
9,45;2,72453
9,453;2,69463
9,456;2,65765
9,459;2,61376
9,462;2,56319
9,465;2,50617
9,468;2,443
9,471;2,374
9,474;2,29952
9,477;2,21993
9,48;2,13567
9,483;2,04715
9,486;1,95486
9,489;1,85927
9,492;1,76088
9,495;1,66023
9,498;1,55784
9,501;1,45426
9,504;1,35005
9,507;1,24577
9,51;1,14199
9,513;1,03925
9,516;0,938128
9,519;0,839168
9,522;0,742914
9,525;0,649893
9,528;0,56062
9,531;0,467953
9,534;0,37238
9,537;0,274407
9,54;0,174556
9,543;0,0733592
9,546;0,0286415
9,549;0,130898
9,552;0,232859
9,555;0,333973
9,558;0,433691
9,561;0,531469
9,564;0,626774
9,567;0,719082
9,57;0,807884
9,573;0,892689
9,576;0,973026
9,579;1,04844
9,582;1,11852
9,585;1,18286
9,588;1,2411
9,591;1,29289
9,594;1,33794
9,597;1,37599
9,6;1,40679
9,603;1,43017
9,606;1,44597
9,609;1,45408
9,612;1,45443
9,615;1,44698
9,618;1,43177
9,621;1,40883
9,624;1,37827
9,627;1,34023
9,63;1,29488
9,633;1,24246
9,636;1,1832
9,639;1,11742
9,642;1,04545
9,645;0,967653
9,648;0,884427
9,651;0,796206
9,654;0,703449
9,657;0,606642
9,66;0,506294
9,663;0,402934
9,666;0,29711
9,669;0,189386
9,672;0,0803366
9,675;0,0294538
9,678;0,139395
9,681;0,248893
9,684;0,357356
9,687;0,464195
9,69;0,568826
9,693;0,670678
9,696;0,769191
9,699;0,863822
9,702;0,961682
9,705;1,06226
9,708;1,16501
9,711;1,26939
9,714;1,37485
9,717;1,48081
9,72;1,58672
9,723;1,69198
9,726;1,79604
9,729;1,89833
9,732;1,99829
9,735;2,09537
9,738;2,18904
9,741;2,27878
9,744;2,36409
9,747;2,4445
9,75;2,51956
9,753;2,58884
9,756;2,65195
9,759;2,70852
9,762;2,75824
9,765;2,8008
9,768;2,83596
9,771;2,86349
9,774;2,88323
9,777;2,89504
9,78;2,89882
9,783;2,89455
9,786;2,8822
9,789;2,86181
9,792;2,83348
9,795;2,79732
9,798;2,75351
9,801;2,70225
9,804;2,6438
9,807;2,57845
9,81;2,50652
9,813;2,42839
9,816;2,34445
9,819;2,25514
9,822;2,16092
9,825;2,06229
9,828;1,95975
9,831;1,85386
9,834;1,74517
9,837;1,63426
9,84;1,52172
9,843;1,40816
9,846;1,29417
9,849;1,18039
9,852;1,06741
9,855;0,955865
9,858;0,846349
9,861;0,739463
9,864;0,635793
9,867;0,535911
9,87;0,432732
9,873;0,326802
9,876;0,218683
9,879;0,108952
9,882;0,0018043
9,885;0,112991
9,888;0,224009
9,891;0,334258
9,894;0,443141
9,897;0,550065
9,9;0,654446
9,903;0,755711
9,906;0,853304
9,909;0,946684
9,912;1,03533
9,915;1,11876
9,918;1,19649
9,921;1,26808
9,924;1,33314
9,927;1,39128
9,93;1,44217
9,933;1,48551
9,936;1,52104
9,939;1,54853
9,942;1,56783
9,945;1,57879
9,948;1,58132
9,951;1,57538
9,954;1,56099
9,957;1,53817
9,96;1,50704
9,963;1,46773
9,966;1,42042
9,969;1,36534
9,972;1,30277
9,975;1,23301
9,978;1,15642
9,981;1,07339
9,984;0,984349
9,987;0,889749
9,99;0,790087
9,993;0,685883
9,996;0,577685
9,999;0,466063
10,002;0,351608
10,005;0,234929
10,008;0,116649
10,011;0,00259998
10,014;0,122177
10,017;0,241437
10,02;0,359735
10,023;0,476429
10,026;0,590883
10,029;0,702472
10,032;0,810584
10,035;0,914622
10,038;1,02165
10,041;1,13109
10,044;1,24238
10,047;1,3549
10,05;1,46807
10,053;1,58127
10,056;1,69388
10,059;1,8053
10,062;1,91493
10,065;2,02216
10,068;2,12641
10,071;2,22711
10,074;2,32369
10,077;2,41563
10,08;2,50241
10,083;2,58355
10,086;2,65858
10,089;2,72708
10,092;2,78867
10,095;2,84297
10,098;2,88969
10,101;2,92853
10,104;2,95926
10,107;2,98169
10,11;2,99567
10,113;3,00109
10,116;2,9979
10,119;2,98608
10,122;2,96567
10,125;2,93675
10,128;2,89944
10,131;2,85393
10,134;2,80042
10,137;2,73918
10,14;2,67051
10,143;2,59476
10,146;2,51232
10,149;2,4236
10,152;2,32907
10,155;2,22921
10,158;2,12455
10,161;2,01563
10,164;1,90303
10,167;1,78734
10,17;1,66919
10,173;1,54919
10,176;1,42799
10,179;1,30623
10,182;1,18459
10,185;1,06371
10,188;0,944243
10,191;0,826847
10,194;0,71216
10,197;0,60081
10,2;0,49341
10,203;0,382918
10,206;0,269918
10,209;0,155013
10,212;0,038816
10,215;0,078049
10,218;0,194953
10,221;0,311266
10,224;0,426357
10,227;0,539601
10,23;0,65038
10,233;0,758086
10,236;0,862129
10,239;0,961934
10,242;1,05695
10,245;1,14664
10,248;1,23051
10,251;1,30808
10,254;1,37892
10,257;1,44262
10,26;1,4988
10,263;1,54715
10,266;1,58737
10,269;1,61922
10,272;1,64249
10,275;1,65704
10,278;1,66276
10,281;1,65958
10,284;1,64749
10,287;1,62652
10,29;1,59677
10,293;1,55836
10,296;1,51146
10,299;1,45631
10,302;1,39316
10,305;1,32235
10,308;1,24421
10,311;1,15916
10,314;1,06762
10,317;0,970066
10,32;0,867007
10,323;0,758979
10,326;0,64655
10,329;0,53031
10,332;0,410875
10,335;0,288879
10,338;0,164972
10,341;0,0398164
10,344;0,0859162
10,347;0,211549
10,35;0,336402
10,353;0,4598
10,356;0,581071
10,359;0,699553
10,362;0,814596
10,365;0,925568
10,368;1,03949
10,371;1,15576
10,374;1,27376
10,377;1,39286
10,38;1,51241
10,383;1,63177
10,386;1,75031
10,389;1,86736
10,392;1,9823
10,395;2,09451
10,398;2,20335
10,401;2,30825
10,404;2,4086
10,407;2,50387
10,41;2,59351
10,413;2,67702
10,416;2,75394
10,419;2,82382
10,422;2,88626
10,425;2,9409
10,428;2,98742
10,431;3,02554
10,434;3,05502
10,437;3,07568
10,44;3,08737
10,443;3,09001
10,446;3,08354
10,449;3,06797
10,452;3,04335
10,455;3,00979
10,458;2,96743
10,461;2,91648
10,464;2,85719
10,467;2,78983
10,47;2,71475
10,473;2,63233
10,476;2,54299
10,479;2,44719
10,482;2,34542
10,485;2,23821
10,488;2,12612
10,491;2,00975
10,494;1,88969
10,497;1,7666
10,5;1,64113
10,503;1,51394
10,506;1,38571
10,509;1,25714
10,512;1,12892
10,515;1,00173
10,518;0,876281
10,521;0,753244
10,524;0,633295
10,527;0,51709
10,53;0,397635
10,533;0,275563
10,536;0,151523
10,539;0,0261808
10,542;0,0997931
10,545;0,22572
10,548;0,35092
10,551;0,474714
10,554;0,596429
10,557;0,715401
10,56;0,830978
10,563;0,942525
10,566;1,04942
10,569;1,15108
10,572;1,24694
10,575;1,33645
10,578;1,41911
10,581;1,49445
10,584;1,56204
10,587;1,62149
10,59;1,67245
10,593;1,71462
10,596;1,74773
10,599;1,77158
10,602;1,78601
10,605;1,79091
10,608;1,78622
10,611;1,77193
10,614;1,74809
10,617;1,71479
10,62;1,67218
10,623;1,62045
10,626;1,55987
10,629;1,49072
10,632;1,41335
10,635;1,32815
10,638;1,23555
10,641;1,13603
10,644;1,03009
10,647;0,918302
10,65;0,801235
10,653;0,679507
10,656;0,55376
10,659;0,424658
10,662;0,292888
10,665;0,159152
10,668;0,0241652
10,671;0,111347
10,674;0,246655
10,677;0,381028
10,68;0,513736
10,683;0,644058
10,686;0,771281
10,689;0,894709
10,692;1,0213
10,695;1,15037
10,698;1,28125
10,701;1,41323
10,704;1,54559
10,707;1,67764
10,71;1,80865
10,713;1,9379
10,716;2,06471
10,719;2,18837
10,722;2,30821
10,725;2,42356
10,728;2,53379
10,731;2,63829
10,734;2,73647
10,737;2,82778
10,74;2,9117
10,743;2,98776
10,746;3,05552
10,749;3,11457
10,752;3,16459
10,755;3,20526
10,758;3,23633
10,761;3,2576
10,764;3,26893
10,767;3,27022
10,77;3,26143
10,773;3,24256
10,776;3,2137
10,779;3,17496
10,782;3,12651
10,785;3,06859
10,788;3,00148
10,791;2,9255
10,794;2,84104
10,797;2,74853
10,8;2,64843
10,803;2,54126
10,806;2,42758
10,809;2,30797
10,812;2,18307
10,815;2,05353
10,818;1,92003
10,821;1,78329
10,824;1,64402
10,827;1,50297
10,83;1,3609
10,833;1,21857
10,836;1,07676
10,839;0,936214
10,842;0,797711
10,845;0,662003
10,848;0,529832
10,851;0,394287
10,854;0,256088
10,857;0,115973
10,86;0,0253088
10,863;0,166998
10,866;0,30833
10,869;0,448542
10,872;0,586871
10,875;0,722566
10,878;0,854884
10,881;0,983099
10,884;1,1065
10,887;1,22442
10,89;1,33619
10,893;1,44118
10,896;1,53881
10,899;1,62853
10,902;1,70983
10,905;1,78223
10,908;1,84531
10,911;1,89871
10,914;1,94211
10,917;1,97522
10,92;1,99785
10,923;2,00983
10,926;2,01105
10,929;2,00149
10,932;1,98115
10,935;1,95011
10,938;1,90849
10,941;1,85649
10,944;1,79436
10,947;1,72238
10,95;1,64093
10,953;1,55039
10,956;1,45125
10,959;1,34399
10,962;1,22917
10,965;1,10739
10,968;0,979283
10,971;0,845512
10,974;0,706784
10,977;0,563832
10,98;0,417412
10,983;0,268305
10,986;0,117305
10,989;0,0347781
10,992;0,187127
10,995;0,338919
10,998;0,489334
11,001;0,637554
11,004;0,782772
11,007;0,924193
11,01;1,06868
11,013;1,21545
11,016;1,36374
11,019;1,51274
11,022;1,66165
11,025;1,80967
11,028;1,95599
11,031;2,09982
11,034;2,24037
11,037;2,37688
11,04;2,50858
11,043;2,63477
11,046;2,75472
11,049;2,86778
11,052;2,97332
11,055;3,07073
11,058;3,15946
11,061;3,239
11,064;3,3089
11,067;3,36874
11,07;3,41817
11,073;3,45688
11,076;3,48463
11,079;3,50122
11,082;3,50655
11,085;3,50052
11,088;3,48315
11,091;3,45448
11,094;3,41463
11,097;3,36378
11,1;3,30217
11,103;3,23009
11,106;3,14789
11,109;3,05599
11,112;2,95485
11,115;2,84498
11,118;2,72695
11,121;2,60136
11,124;2,46888
11,127;2,33018
11,13;2,186
11,133;2,0371
11,136;1,88427
11,139;1,72831
11,142;1,57007
11,145;1,41038
11,148;1,25011
11,151;1,09011
11,154;0,931258
11,157;0,774409
11,16;0,620417
11,163;0,470125
11,166;0,31672
11,169;0,161019
11,172;0,00385515
11,175;0,153927
11,178;0,311478
11,181;0,467947
11,184;0,622484
11,187;0,774249
11,19;0,922413
11,193;1,06616
11,196;1,20471
11,199;1,33728
11,202;1,46315
11,205;1,58161
11,208;1,69199
11,211;1,79368
11,214;1,88609
11,217;1,96869
11,22;2,04101
11,223;2,10261
11,226;2,15313
11,229;2,19226
11,232;2,21975
11,235;2,23541
11,238;2,23912
11,241;2,23081
11,244;2,21049
11,247;2,17823
11,25;2,13416
11,253;2,07848
11,256;2,01145
11,259;1,93339
11,262;1,84469
11,265;1,74579
11,268;1,6372
11,271;1,51945
11,274;1,39317
11,277;1,25899
11,28;1,11762
11,283;0,969806
11,286;0,816312
11,289;0,657952
11,292;0,495564
11,295;0,330011
11,298;0,162177
11,301;0,00703981
11,304;0,17673
11,307;0,34598
11,31;0,513873
11,313;0,679498
11,316;0,841953
11,319;1,00035
11,322;1,16146
11,325;1,32441
11,328;1,48835
11,331;1,65237
11,334;1,8156
11,337;1,97716
11,34;2,13616
11,343;2,29174
11,346;2,44305
11,349;2,58926
11,352;2,72955
11,355;2,86315
11,358;2,98932
11,361;3,10734
11,364;3,21657
11,367;3,31636
11,37;3,40617
11,373;3,48545
11,376;3,55376
11,379;3,61068
11,382;3,65588
11,385;3,68905
11,388;3,70999
11,391;3,71855
11,394;3,71462
11,397;3,6982
11,4;3,66932
11,403;3,6281
11,406;3,57473
11,409;3,50944
11,412;3,43255
11,415;3,34444
11,418;3,24554
11,421;3,13635
11,424;3,01743
11,427;2,88938
11,43;2,75287
11,433;2,6086
11,436;2,45733
11,439;2,29985
11,442;2,13698
11,445;1,9696
11,448;1,79858
11,451;1,62485
11,454;1,44932
11,457;1,27294
11,46;1,09666
11,463;0,921429
11,466;0,748203
11,469;0,577921
11,472;0,411512
11,475;0,242251
11,478;0,0710432
11,481;0,101194
11,484;0,273534
11,487;0,445047
11,49;0,614803
11,493;0,78188
11,496;0,945366
11,499;1,10437
11,502;1,25801
11,505;1,40544
11,508;1,54585
11,511;1,67846
11,514;1,80251
11,517;1,91732
11,52;2,02222
11,523;2,11663
11,526;2,19999
11,529;2,27182
11,532;2,33169
11,535;2,37923
11,538;2,41416
11,541;2,43623
11,544;2,44528
11,547;2,44122
11,55;2,42403
11,553;2,39375
11,556;2,35051
11,559;2,29449
11,562;2,22596
11,565;2,14523
11,568;2,05271
11,571;1,94886
11,574;1,83419
11,577;1,70929
11,58;1,5748
11,583;1,43141
11,586;1,27987
11,589;1,12097
11,592;0,955532
11,595;0,784439
11,598;0,608592
11,601;0,428925
11,604;0,246394
11,607;0,0619752
11,61;0,123341
11,613;0,308558
11,616;0,492675
11,619;0,674694
11,622;0,853624
11,625;1,02849
11,628;1,20597
11,631;1,38511
11,634;1,56496
11,637;1,74454
11,64;1,92288
11,643;2,09902
11,646;2,272
11,649;2,44087
11,652;2,6047
11,655;2,7626
11,658;2,9137
11,661;3,05714
11,664;3,19214
11,667;3,31793
11,67;3,43381
11,673;3,53911
11,676;3,63323
11,679;3,71562
11,682;3,7858
11,685;3,84336
11,688;3,88792
11,691;3,91922
11,694;3,93703
11,697;3,94122
11,7;3,93171
11,703;3,90851
11,706;3,87169
11,709;3,82142
11,712;3,75792
11,715;3,68148
11,718;3,59247
11,721;3,49133
11,724;3,37857
11,727;3,25476
11,73;3,12052
11,733;2,97655
11,736;2,82359
11,739;2,66243
11,742;2,49392
11,745;2,31895
11,748;2,13843
11,751;1,95332
11,754;1,76461
11,757;1,5733
11,76;1,38042
11,763;1,187
11,766;0,994088
11,769;0,802723
11,772;0,613947
11,775;0,428786
11,778;0,240617
11,781;0,0504451
11,784;0,140709
11,787;0,331818
11,79;0,521848
11,793;0,709769
11,796;0,894561
11,799;1,07521
11,802;1,25074
11,805;1,42017
11,808;1,58257
11,811;1,73704
11,814;1,88272
11,817;2,0188
11,82;2,14449
11,823;2,2591
11,826;2,36196
11,829;2,45248
11,832;2,53013
11,835;2,59445
11,838;2,64503
11,841;2,68157
11,844;2,70382
11,847;2,7116
11,85;2,70484
11,853;2,6835
11,856;2,64767
11,859;2,59748
11,862;2,53316
11,865;2,455
11,868;2,36339
11,871;2,25876
11,874;2,14165
11,877;2,01263
11,88;1,87238
11,883;1,72159
11,886;1,56107
11,889;1,39163
11,892;1,21416
11,895;1,0296
11,898;0,838913
11,901;0,643112
11,904;0,443236
11,907;0,240351
11,91;0,0355414
11,913;0,170093
11,916;0,375444
11,919;0,579402
11,922;0,780861
11,925;0,978725
11,928;1,17955
11,931;1,38226
11,934;1,58577
11,937;1,78898
11,94;1,9908
11,943;2,19012
11,946;2,38587
11,949;2,57697
11,952;2,76238
11,955;2,94108
11,958;3,11207
11,961;3,27442
11,964;3,42721
11,967;3,56958
11,97;3,70073
11,973;3,81992
11,976;3,92647
11,979;4,01974
11,982;4,0992
11,985;4,16436
11,988;4,21483
11,991;4,25029
11,994;4,27049
11,997;4,27527
