0,003;0
0,006;6,36396e-05
0,009;0,000190792
0,012;0,000380909
0,015;0,000633026
0,018;0,000945765
0,021;0,00131734
0,024;0,00174557
0,027;0,00222789
0,03;0,00276136
0,033;0,0033427
0,036;0,00396829
0,039;0,00463421
0,042;0,00533625
0,045;0,00606994
0,048;0,00683057
0,051;0,00761327
0,054;0,00841296
0,057;0,00922444
0,06;0,0100424
0,063;0,0108615
0,066;0,0116763
0,069;0,0124815
0,072;0,0132716
0,075;0,0140414
0,078;0,0147857
0,081;0,0154994
0,084;0,0161778
0,087;0,0168162
0,09;0,0174102
0,093;0,0179556
0,096;0,0184487
0,099;0,0188859
0,102;0,0192642
0,105;0,0195806
0,108;0,019833
0,111;0,0200192
0,114;0,0201378
0,117;0,0201877
0,12;0,0201682
0,123;0,0200791
0,126;0,0199208
0,129;0,0196939
0,132;0,0193996
0,135;0,0190396
0,138;0,0186158
0,141;0,0181309
0,144;0,0175878
0,147;0,0169897
0,15;0,0163404
0,153;0,0156438
0,156;0,0149045
0,159;0,014127
0,162;0,0133164
0,165;0,0124778
0,168;0,0116166
0,171;0,0107384
0,174;0,00984891
0,177;0,008954
0,18;0,00805951
0,183;0,00717135
0,186;0,00629542
0,189;0,00543755
0,192;0,00460348
0,195;0,00379884
0,198;0,00302906
0,201;0,00229938
0,204;0,00161482
0,207;0,000980082
0,21;0,0003996
0,213;0,00012255
0,216;0,000582654
0,219;0,000977389
0,222;0,00130385
0,225;0,00155957
0,228;0,00174253
0,231;0,00185119
0,234;0,00188449
0,237;0,00184187
0,24;0,00172326
0,243;0,00152909
0,246;0,0012603
0,249;0,000918307
0,252;0,000505044
0,255;2,2907e-05
0,258;0,000525238
0,261;0,00113608
0,264;0,00180587
0,267;0,00253046
0,27;0,00330533
0,273;0,00412558
0,276;0,00498602
0,279;0,00588115
0,282;0,00680522
0,285;0,00775226
0,288;0,00871614
0,291;0,00969056
0,294;0,0106691
0,297;0,0116455
0,3;0,012613
0,303;0,0135655
0,306;0,0144964
0,309;0,0153995
0,312;0,0162689
0,315;0,0170984
0,318;0,0178826
0,321;0,018616
0,324;0,0192936
0,327;0,0199106
0,33;0,0204626
0,333;0,0209458
0,336;0,0213566
0,339;0,0216919
0,342;0,0219493
0,345;0,0221267
0,348;0,0222224
0,351;0,0222356
0,354;0,0221657
0,357;0,0220129
0,36;0,0217776
0,363;0,0214613
0,366;0,0210654
0,369;0,0205924
0,372;0,0200449
0,375;0,0194262
0,378;0,0187401
0,381;0,0179908
0,384;0,0171829
0,387;0,0163216
0,39;0,0154122
0,393;0,0144606
0,396;0,0134728
0,399;0,0124551
0,402;0,0114143
0,405;0,0103569
0,408;0,00928995
0,411;0,00822042
0,414;0,00715535
0,417;0,0061018
0,42;0,00506678
0,423;0,00405719
0,426;0,00307981
0,429;0,00214126
0,432;0,00124789
0,435;0,00040582
0,438;0,000379164
0,441;0,00110162
0,444;0,00175648
0,447;0,00233913
0,45;0,00284538
0,453;0,00327153
0,456;0,00361442
0,459;0,00387139
0,462;0,00404035
0,465;0,00411978
0,468;0,00410875
0,471;0,00400691
0,474;0,00381451
0,477;0,00353242
0,48;0,00316207
0,483;0,00270551
0,486;0,00216535
0,489;0,00154478
0,492;0,000847521
0,495;7,7819e-05
0,498;0,000759577
0,501;0,00165945
0,504;0,00261615
0,507;0,00362363
0,51;0,00467546
0,513;0,00576491
0,516;0,00688497
0,519;0,00802837
0,522;0,00918769
0,525;0,0103553
0,528;0,0115237
0,531;0,0126849
0,534;0,0138315
0,537;0,0149556
0,54;0,0160499
0,543;0,0171069
0,546;0,0181195
0,549;0,0190808
0,552;0,0199843
0,555;0,0208236
0,558;0,021593
0,561;0,0222871
0,564;0,0229009
0,567;0,02343
0,57;0,0238706
0,573;0,0242193
0,576;0,0244734
0,579;0,0246307
0,582;0,0246899
0,585;0,02465
0,588;0,0245109
0,591;0,024273
0,594;0,0239375
0,597;0,023506
0,6;0,0229811
0,603;0,0223658
0,606;0,0216636
0,609;0,0208788
0,612;0,0200163
0,615;0,0190814
0,618;0,0180798
0,621;0,017018
0,624;0,0159026
0,627;0,0147407
0,63;0,0135399
0,633;0,0123078
0,636;0,0110524
0,639;0,009782
0,642;0,0085048
0,645;0,00722924
0,648;0,00596373
0,651;0,00471668
0,654;0,0034964
0,657;0,00231107
0,66;0,00116868
0,663;7,69586e-05
0,666;0,000956654
0,669;0,00192507
0,672;0,00282159
0,675;0,00363997
0,678;0,00437446
0,681;0,00501981
0,684;0,00557137
0,687;0,00602504
0,69;0,00637741
0,693;0,00662566
0,696;0,00676768
0,699;0,00680205
0,702;0,00672805
0,705;0,00654566
0,708;0,00625559
0,711;0,00585926
0,714;0,00535879
0,717;0,00475702
0,72;0,00405744
0,723;0,00326423
0,726;0,00238218
0,729;0,00141671
0,732;0,000373816
0,735;0,000739985
0,738;0,00191767
0,741;0,00315175
0,744;0,00443434
0,747;0,00575721
0,75;0,00711181
0,753;0,00848934
0,756;0,00988081
0,759;0,0112771
0,762;0,0126691
0,765;0,0140474
0,768;0,015403
0,771;0,0167269
0,774;0,0180101
0,777;0,0192439
0,78;0,0204201
0,783;0,0215305
0,786;0,0225676
0,789;0,0235241
0,792;0,0243935
0,795;0,0251694
0,798;0,0258465
0,801;0,0264197
0,804;0,0268849
0,807;0,0272383
0,81;0,0274773
0,813;0,0275996
0,816;0,027604
0,819;0,0274899
0,822;0,0272575
0,825;0,0269077
0,828;0,0264424
0,831;0,025864
0,834;0,0251759
0,837;0,0243821
0,84;0,0234874
0,843;0,0224973
0,846;0,0214177
0,849;0,0202554
0,852;0,0190177
0,855;0,0177125
0,858;0,016348
0,861;0,0149329
0,864;0,0134765
0,867;0,011988
0,87;0,0104772
0,873;0,00895395
0,876;0,00742823
0,879;0,0059101
0,882;0,00440963
0,885;0,00293678
0,888;0,00150142
0,891;0,000113189
0,894;0,00121854
0,897;0,00248471
0,9;0,00367666
0,903;0,0047862
0,906;0,00580561
0,909;0,00672775
0,912;0,00754609
0,915;0,00825475
0,918;0,00884855
0,921;0,00932304
0,924;0,00967455
0,927;0,00990017
0,93;0,00999786
0,933;0,00996637
0,936;0,00980531
0,939;0,00951517
0,942;0,00909724
0,945;0,00855371
0,948;0,00788759
0,951;0,00710271
0,954;0,0062037
0,957;0,00519597
0,96;0,00408567
0,963;0,00287966
0,966;0,00158545
0,969;0,000211188
0,972;0,00123443
0,975;0,00274219
0,978;0,00430242
0,981;0,00590508
0,984;0,00753978
0,987;0,00919587
0,99;0,0108625
0,993;0,0125288
0,996;0,0141837
0,999;0,0158162
1,002;0,0174155
1,005;0,0189708
1,008;0,0204718
1,011;0,0219081
1,014;0,0232701
1,017;0,0245485
1,02;0,0257343
1,023;0,0268194
1,026;0,0277961
1,029;0,0286575
1,032;0,0293973
1,035;0,0300102
1,038;0,0304914
1,041;0,0308373
1,044;0,0310449
1,047;0,0311121
1,05;0,031038
1,053;0,0308223
1,056;0,0304659
1,059;0,0299704
1,062;0,0293384
1,065;0,0285735
1,068;0,0276802
1,071;0,0266637
1,074;0,0255302
1,077;0,0242866
1,08;0,0229406
1,083;0,0215007
1,086;0,0199759
1,089;0,0183759
1,092;0,0167109
1,095;0,0149915
1,098;0,013229
1,101;0,0114346
1,104;0,00962024
1,107;0,00779762
1,11;0,0059788
1,113;0,0041758
1,116;0,00240058
1,119;0,000664984
1,122;0,00101934
1,125;0,00264105
1,128;0,00418914
1,131;0,00565307
1,134;0,00702278
1,137;0,0082888
1,14;0,0094423
1,143;0,0104752
1,146;0,01138
1,149;0,0121502
1,152;0,0127802
1,155;0,013265
1,158;0,0136009
1,161;0,013785
1,164;0,0138152
1,167;0,0136908
1,17;0,0134118
1,173;0,0129794
1,176;0,0123957
1,179;0,0116638
1,182;0,010788
1,185;0,00977328
1,188;0,00862575
1,191;0,00735238
1,194;0,00596099
1,197;0,00446021
1,2;0,00285945
1,203;0,00116882
1,206;0,000600943
1,209;0,00243852
1,212;0,0043321
1,215;0,00626943
1,218;0,00823794
1,221;0,0102248
1,224;0,0122169
1,227;0,0142012
1,23;0,0161645
1,233;0,0180939
1,236;0,0199763
1,239;0,0217992
1,242;0,0235502
1,245;0,0252175
1,248;0,0267896
1,251;0,0282558
1,254;0,029606
1,257;0,0308305
1,26;0,0319209
1,263;0,0328692
1,266;0,0336686
1,269;0,0343131
1,272;0,0347978
1,275;0,0351186
1,278;0,0352728
1,281;0,0352585
1,284;0,0350751
1,287;0,034723
1,29;0,0342038
1,293;0,03352
1,296;0,0326755
1,299;0,0316751
1,302;0,0305247
1,305;0,0292312
1,308;0,0278024
1,311;0,0262472
1,314;0,0245753
1,317;0,0227971
1,32;0,0209239
1,323;0,0189677
1,326;0,0169409
1,329;0,0148566
1,332;0,0127283
1,335;0,0105698
1,338;0,0083953
1,341;0,00621902
1,344;0,00405532
1,347;0,00191854
1,35;0,000177085
1,353;0,00221754
1,356;0,00418912
1,359;0,00607847
1,362;0,00787275
1,365;0,00955969
1,368;0,0111277
1,371;0,0125658
1,374;0,0138639
1,377;0,0150129
1,38;0,0160044
1,383;0,0168312
1,386;0,0174871
1,389;0,017967
1,392;0,0182668
1,395;0,0183838
1,398;0,0183164
1,401;0,0180642
1,404;0,0176279
1,407;0,0170097
1,41;0,0162127
1,413;0,0152413
1,416;0,0141013
1,419;0,0127993
1,422;0,0113433
1,425;0,00974199
1,428;0,00800541
1,431;0,00614437
1,434;0,00417057
1,437;0,00209653
1,44;6,45311e-05
1,443;0,00229875
1,446;0,00459171
1,449;0,00692855
1,452;0,00929405
1,455;0,0116727
1,458;0,014049
1,461;0,016407
1,464;0,0187313
1,467;0,0210063
1,47;0,0232167
1,473;0,0253477
1,476;0,0273849
1,479;0,0293143
1,482;0,0311228
1,485;0,0327978
1,488;0,0343277
1,491;0,0357017
1,494;0,0369101
1,497;0,037944
1,5;0,0387959
1,503;0,0394593
1,506;0,039929
1,509;0,0402009
1,512;0,0402724
1,515;0,0401421
1,518;0,0398099
1,521;0,039277
1,524;0,0385461
1,527;0,0376211
1,53;0,0365071
1,533;0,0352108
1,536;0,0337397
1,539;0,0321028
1,542;0,0303101
1,545;0,0283728
1,548;0,0263029
1,551;0,0241136
1,554;0,0218187
1,557;0,0194328
1,56;0,0169714
1,563;0,0144503
1,566;0,0118858
1,569;0,00929479
1,572;0,00669411
1,575;0,00410093
1,578;0,00153239
1,581;0,000994443
1,584;0,00346269
1,587;0,0058558
1,59;0,00815763
1,593;0,0103526
1,596;0,0124256
1,599;0,0143626
1,602;0,01615
1,605;0,0177755
1,608;0,0192274
1,611;0,0204955
1,614;0,0215705
1,617;0,0224444
1,62;0,0231106
1,623;0,0235637
1,626;0,0237997
1,629;0,0238161
1,632;0,0236117
1,635;0,023187
1,638;0,0225435
1,641;0,0216847
1,644;0,0206152
1,647;0,0193411
1,65;0,0178698
1,653;0,0162102
1,656;0,0143723
1,659;0,0123675
1,662;0,0102081
1,665;0,00790785
1,668;0,00548116
1,671;0,00294349
1,674;0,000311087
1,677;0,00239912
1,68;0,0051696
1,683;0,00798235
1,686;0,010819
1,689;0,0136609
1,692;0,0164894
1,695;0,0192857
1,698;0,0220312
1,701;0,0247076
1,704;0,0272968
1,707;0,0297815
1,71;0,0321446
1,713;0,0343701
1,716;0,0364427
1,719;0,0383479
1,722;0,0400724
1,725;0,041604
1,728;0,0429317
1,731;0,0440458
1,734;0,044938
1,737;0,0456013
1,74;0,0460303
1,743;0,0462211
1,746;0,0461715
1,749;0,0458804
1,752;0,0453489
1,755;0,0445793
1,758;0,0435755
1,761;0,0423432
1,764;0,0408894
1,767;0,0392226
1,77;0,037353
1,773;0,0352919
1,776;0,033052
1,779;0,0306472
1,782;0,0280928
1,785;0,0254049
1,788;0,0226006
1,791;0,0196979
1,794;0,0167154
1,797;0,0136725
1,8;0,0105891
1,803;0,00748517
1,806;0,00438124
1,809;0,00129775
1,812;0,00174485
1,815;0,00472629
1,818;0,00762661
1,821;0,0104263
1,824;0,0131064
1,827;0,0156487
1,83;0,0180358
1,833;0,0202512
1,836;0,0222794
1,839;0,0241063
1,842;0,0257189
1,845;0,0271055
1,848;0,028256
1,851;0,0291616
1,854;0,0298153
1,857;0,0302115
1,86;0,0303466
1,863;0,0302183
1,866;0,0298264
1,869;0,0291722
1,872;0,0282588
1,875;0,027091
1,878;0,0256755
1,881;0,0240203
1,884;0,0221353
1,887;0,0200319
1,89;0,017723
1,893;0,0152229
1,896;0,0125472
1,899;0,00971268
1,902;0,0067374
1,905;0,00364033
1,908;0,000441341
1,911;0,00283891
1,914;0,00617916
1,917;0,00955763
1,92;0,0129522
1,923;0,0163405
1,926;0,0197002
1,929;0,023009
1,932;0,0262448
1,935;0,0293859
1,938;0,0324112
1,941;0,0353
1,944;0,0380329
1,947;0,0405909
1,95;0,0429564
1,953;0,045113
1,956;0,0470453
1,959;0,0487397
1,962;0,0501838
1,965;0,051367
1,968;0,0522803
1,971;0,0529164
1,974;0,0532697
1,977;0,0533368
1,98;0,0531158
1,983;0,0526068
1,986;0,0518119
1,989;0,0507351
1,992;0,0493821
1,995;0,0477606
1,998;0,04588
2,001;0,0437517
2,004;0,0413884
2,007;0,0388047
2,01;0,0360167
2,013;0,0330417
2,016;0,0298987
2,019;0,0266075
2,022;0,0231892
2,025;0,0196657
2,028;0,0160599
2,031;0,0123952
2,034;0,0086954
2,037;0,00498486
2,04;0,00128799
2,043;0,00237075
2,046;0,00596703
2,049;0,00947684
2,052;0,0128766
2,055;0,0161434
2,058;0,019255
2,061;0,0221902
2,064;0,0249288
2,067;0,0274518
2,07;0,0297417
2,073;0,0317821
2,076;0,0335585
2,079;0,035058
2,082;0,0362693
2,085;0,0371832
2,088;0,0377922
2,091;0,038091
2,094;0,0380761
2,097;0,0377462
2,1;0,037102
2,103;0,0361464
2,106;0,0348841
2,109;0,0333221
2,112;0,0314695
2,115;0,0293369
2,118;0,0269373
2,121;0,0242852
2,124;0,021397
2,127;0,0182906
2,13;0,0149856
2,133;0,0115029
2,136;0,00786452
2,139;0,00409391
2,142;0,00021529
2,145;0,00374623
2,148;0,00776489
2,151;0,0118144
2,154;0,0158682
2,157;0,0198996
2,16;0,0238819
2,163;0,0277884
2,166;0,0315932
2,169;0,0352706
2,172;0,0387958
2,175;0,0421447
2,178;0,0452946
2,181;0,0482237
2,184;0,0509115
2,187;0,0533394
2,19;0,0554901
2,193;0,057348
2,196;0,0588996
2,199;0,0601333
2,202;0,0610394
2,205;0,0616104
2,208;0,0618411
2,211;0,0617284
2,214;0,0612713
2,217;0,0604714
2,22;0,0593323
2,223;0,0578601
2,226;0,0560628
2,229;0,0539509
2,232;0,0515369
2,235;0,0488352
2,238;0,0458625
2,241;0,042637
2,244;0,0391789
2,247;0,03551
2,25;0,0316534
2,253;0,0276339
2,256;0,0234771
2,259;0,0192099
2,262;0,0148599
2,265;0,0104554
2,268;0,00602536
2,271;0,00159879
2,274;0,00279506
2,277;0,00712703
2,28;0,0113682
2,283;0,0154903
2,286;0,0194655
2,289;0,0232668
2,292;0,0268684
2,295;0,0302456
2,298;0,0333751
2,301;0,036235
2,304;0,0388053
2,307;0,0410677
2,31;0,0430058
2,313;0,0446054
2,316;0,0458542
2,319;0,0467426
2,322;0,0472629
2,325;0,04741
2,328;0,0471812
2,331;0,0465764
2,334;0,0455977
2,337;0,0442499
2,34;0,0425403
2,343;0,0404783
2,346;0,0380761
2,349;0,0353479
2,352;0,0323102
2,355;0,0289817
2,358;0,0253829
2,361;0,0215364
2,364;0,0174665
2,367;0,0131988
2,37;0,00876085
2,373;0,00418098
2,376;0,000511187
2,379;0,00528521
2,382;0,0101099
2,385;0,0149538
2,388;0,0197849
2,391;0,0245712
2,394;0,0292811
2,397;0,0338829
2,4;0,038346
2,403;0,0426402
2,406;0,0467363
2,409;0,0506065
2,412;0,054224
2,415;0,057564
2,418;0,0606031
2,421;0,0633198
2,424;0,0656947
2,427;0,0677107
2,43;0,0693526
2,433;0,070608
2,436;0,0714668
2,439;0,0719215
2,442;0,0719673
2,445;0,0716019
2,448;0,0708259
2,451;0,0696425
2,454;0,0680577
2,457;0,0660801
2,46;0,0637209
2,463;0,0609939
2,466;0,0579154
2,469;0,0545042
2,472;0,0507812
2,475;0,0467695
2,478;0,0424944
2,481;0,0379827
2,484;0,0332633
2,487;0,0283663
2,49;0,0233231
2,493;0,0181665
2,496;0,0129299
2,499;0,00764749
2,502;0,00235396
2,505;0,00291582
2,508;0,00812695
2,511;0,0132448
2,514;0,0182351
2,517;0,0230644
2,52;0,0277
2,523;0,0321105
2,526;0,0362657
2,529;0,0401371
2,532;0,0436977
2,535;0,0469226
2,538;0,049789
2,541;0,0522764
2,544;0,0543666
2,547;0,0560439
2,55;0,0572954
2,553;0,0581108
2,556;0,0584829
2,559;0,058407
2,562;0,0578817
2,565;0,0569083
2,568;0,0554911
2,571;0,0536376
2,574;0,0513579
2,577;0,0486651
2,58;0,0455751
2,583;0,0421064
2,586;0,0382803
2,589;0,0341202
2,592;0,0296522
2,595;0,0249043
2,598;0,0199065
2,601;0,0146908
2,604;0,0092904
2,607;0,00374024
2,61;0,00192378
2,613;0,0076648
2,616;0,0134453
2,619;0,0192272
2,622;0,0249725
2,625;0,0306431
2,628;0,0362011
2,631;0,0416094
2,634;0,0468316
2,637;0,0518324
2,64;0,0565778
2,643;0,0610351
2,646;0,0651738
2,649;0,0689651
2,652;0,0723822
2,655;0,075401
2,658;0,0779996
2,661;0,0801591
2,664;0,081863
2,667;0,0830982
2,67;0,0838542
2,673;0,0841239
2,676;0,0839033
2,679;0,0831915
2,682;0,0819911
2,685;0,0803076
2,688;0,0781499
2,691;0,0755302
2,694;0,0724636
2,697;0,0689683
2,7;0,0650653
2,703;0,0607786
2,706;0,0561347
2,709;0,0511625
2,712;0,0458935
2,715;0,0403609
2,718;0,0346002
2,721;0,0286483
2,724;0,0225435
2,727;0,0163255
2,73;0,0100348
2,733;0,00371252
2,736;0,00259967
2,739;0,00886009
2,742;0,0150272
2,745;0,0210599
2,748;0,0269176
2,751;0,0325611
2,754;0,0379519
2,757;0,0430534
2,76;0,0478306
2,763;0,0522504
2,766;0,0562821
2,769;0,0598972
2,772;0,06307
2,775;0,0657775
2,778;0,0679997
2,781;0,0697197
2,784;0,0709237
2,787;0,0716016
2,79;0,0717464
2,793;0,0713547
2,796;0,0704266
2,799;0,0689658
2,802;0,0669794
2,805;0,0644782
2,808;0,0614763
2,811;0,0579912
2,814;0,0540437
2,817;0,0496578
2,82;0,0448602
2,823;0,0396809
2,826;0,0341522
2,829;0,028309
2,832;0,0221885
2,835;0,0158298
2,838;0,00927363
2,841;0,0025625
2,844;0,00426005
2,847;0,0111495
2,85;0,0180607
2,853;0,0249482
2,856;0,0317662
2,859;0,0384697
2,862;0,0450137
2,865;0,0513544
2,868;0,0574489
2,871;0,063256
2,874;0,0687359
2,877;0,073851
2,88;0,0785658
2,883;0,0828475
2,886;0,0866657
2,889;0,0899931
2,892;0,0928055
2,895;0,0950819
2,898;0,096805
2,901;0,0979606
2,904;0,0985387
2,907;0,0985328
2,91;0,0979401
2,913;0,0967619
2,916;0,0950034
2,919;0,0926733
2,922;0,0897846
2,925;0,0863536
2,928;0,0824005
2,931;0,077949
2,934;0,0730263
2,937;0,0676626
2,94;0,0618912
2,943;0,0557485
2,946;0,0492732
2,949;0,0425066
2,952;0,0354919
2,955;0,0282743
2,958;0,0209006
2,961;0,0134187
2,964;0,00587742
2,967;0,0016737
2,97;0,00918487
2,973;0,0166063
2,976;0,0238887
2,979;0,0309832
2,982;0,0378423
2,985;0,0444195
2,988;0,0506702
2,991;0,0565515
2,994;0,062023
2,997;0,0670467
3;0,0715874
3,003;0,0756128
3,006;0,0790941
3,009;0,0820057
3,012;0,0843258
3,015;0,0860365
3,018;0,0871235
3,021;0,0875768
3,024;0,0873906
3,027;0,0865631
3,03;0,0850969
3,033;0,0829986
3,036;0,0802792
3,039;0,0769539
3,042;0,0730417
3,045;0,0685658
3,048;0,0635532
3,051;0,0580344
3,054;0,0520435
3,057;0,045618
3,06;0,0387982
3,063;0,0316273
3,066;0,024151
3,069;0,0164173
3,072;0,00847608
3,075;0,000378715
3,078;0,00782204
3,081;0,0160725
3,084;0,0243185
3,087;0,0325056
3,09;0,0405794
3,093;0,0484862
3,096;0,056173
3,099;0,0635881
3,102;0,0706812
3,105;0,0774041
3,108;0,0837107
3,111;0,0895574
3,114;0,0949036
3,117;0,0997117
3,12;0,103947
3,123;0,10758
3,126;0,110583
3,129;0,112934
3,132;0,114614
3,135;0,115609
3,138;0,115909
3,141;0,115508
3,144;0,114408
3,147;0,112611
3,15;0,110126
3,153;0,106966
3,156;0,10315
3,159;0,0986985
3,162;0,0936391
3,165;0,088002
3,168;0,0818219
3,171;0,0751369
3,174;0,0679889
3,177;0,0604229
3,18;0,052487
3,183;0,0442317
3,186;0,0357103
3,189;0,0269776
3,192;0,0180903
3,195;0,00910631
3,198;8,45837e-05
3,201;0,00891556
3,204;0,0178346
3,207;0,0266134
3,21;0,0351932
3,213;0,0435166
3,216;0,0515274
3,219;0,0591714
3,222;0,0663963
3,225;0,0731527
3,228;0,0793936
3,231;0,0850757
3,234;0,0901587
3,237;0,0946064
3,24;0,0983866
3,243;0,101471
3,246;0,103836
3,249;0,105464
3,252;0,106339
3,255;0,106453
3,258;0,1058
3,261;0,104383
3,264;0,102207
3,267;0,0992831
3,27;0,0956264
3,273;0,0912582
3,276;0,0862039
3,279;0,0804938
3,282;0,0741625
3,285;0,0672489
3,288;0,0597961
3,291;0,0518507
3,294;0,043463
3,297;0,0346861
3,3;0,0255763
3,303;0,0161921
3,306;0,00659429
3,309;0,00315486
3,312;0,0129917
3,315;0,0228516
3,318;0,0326697
3,321;0,0423811
3,324;0,051921
3,327;0,0612257
3,33;0,0702328
3,333;0,0788815
3,336;0,0871129
3,339;0,0948709
3,342;0,102102
3,345;0,108756
3,348;0,114787
3,351;0,120151
3,354;0,124811
3,357;0,128732
3,36;0,131885
3,363;0,134246
3,366;0,135796
3,369;0,136519
3,372;0,136409
3,375;0,135462
3,378;0,13368
3,381;0,131071
3,384;0,127648
3,387;0,123431
3,39;0,118444
3,393;0,112715
3,396;0,10628
3,399;0,0991777
3,402;0,0914516
3,405;0,08315
3,408;0,0743251
3,411;0,0650326
3,414;0,0553319
3,417;0,045285
3,42;0,0349566
3,423;0,0244137
3,426;0,0137247
3,429;0,00295966
3,432;0,00781082
3,435;0,0185156
3,438;0,0290839
3,441;0,0394451
3,444;0,04953
3,447;0,0592708
3,45;0,0686016
3,453;0,0774589
3,456;0,085782
3,459;0,0935136
3,462;0,1006
3,465;0,106991
3,468;0,112642
3,471;0,117512
3,474;0,121565
3,477;0,124771
3,48;0,127104
3,483;0,128546
3,486;0,129082
3,489;0,128705
3,492;0,127413
3,495;0,125211
3,498;0,122109
3,501;0,118122
3,504;0,113275
3,507;0,107593
3,51;0,101112
3,513;0,0938698
3,516;0,0859112
3,519;0,0772853
3,522;0,0680461
3,525;0,0582516
3,528;0,0479639
3,531;0,0372487
3,534;0,0261748
3,537;0,0148135
3,54;0,00323852
3,543;0,0084747
3,546;0,0202495
3,549;0,0320085
3,552;0,0436739
3,555;0,0551684
3,558;0,0664153
3,561;0,0773392
3,564;0,0878666
3,567;0,0979261
3,57;0,107449
3,573;0,116371
3,576;0,124629
3,579;0,132166
3,582;0,138929
3,585;0,14487
3,588;0,149946
3,591;0,154119
3,594;0,157358
3,597;0,159636
3,6;0,160936
3,603;0,161242
3,606;0,16055
3,609;0,158858
3,612;0,156174
3,615;0,15251
3,618;0,147887
3,621;0,14233
3,624;0,135871
3,627;0,12855
3,63;0,12041
3,633;0,111502
3,636;0,101881
3,639;0,0916062
3,642;0,0807434
3,645;0,0693614
3,648;0,057533
3,651;0,045334
3,654;0,0328433
3,657;0,0201421
3,66;0,00731316
3,663;0,00555944
3,666;0,0183909
3,669;0,0310964
3,672;0,0435914
3,675;0,0557926
3,678;0,0676181
3,681;0,078988
3,684;0,0898253
3,687;0,100056
3,69;0,10961
3,693;0,11842
3,696;0,126426
3,699;0,133571
3,702;0,139803
3,705;0,145078
3,708;0,149355
3,711;0,152603
3,714;0,154796
3,717;0,155913
3,72;0,155942
3,723;0,154879
3,726;0,152725
3,729;0,149489
3,732;0,145188
3,735;0,139846
3,738;0,133492
3,741;0,126165
3,744;0,117907
3,747;0,10877
3,75;0,0988093
3,753;0,0880868
3,756;0,07667
3,759;0,064631
3,762;0,0520464
3,765;0,0389968
3,768;0,0255661
3,771;0,0118413
3,774;0,00208844
3,777;0,0161321
3,78;0,0301976
3,783;0,0441921
3,786;0,0580229
3,789;0,071598
3,792;0,0848267
3,795;0,09762
3,798;0,109892
3,801;0,121558
3,804;0,132539
3,807;0,14276
3,81;0,152149
3,813;0,160641
3,816;0,168175
3,819;0,174698
3,822;0,180161
3,825;0,184524
3,828;0,187753
3,831;0,189821
3,834;0,19071
3,837;0,190407
3,84;0,18891
3,843;0,186223
3,846;0,182358
3,849;0,177336
3,852;0,171184
3,855;0,163937
3,858;0,155638
3,861;0,146338
3,864;0,136093
3,867;0,124966
3,87;0,113027
3,873;0,10035
3,876;0,0870168
3,879;0,0731113
3,882;0,0587229
3,885;0,0439445
3,888;0,0288717
3,891;0,0136026
3,894;0,00176289
3,897;0,0171238
3,9;0,0323786
3,903;0,0474263
3,906;0,0621666
3,909;0,0765007
3,912;0,0903322
3,915;0,103568
3,918;0,116117
3,921;0,127893
3,924;0,138816
3,927;0,14881
3,93;0,157804
3,933;0,165734
3,936;0,172543
3,939;0,178181
3,942;0,182605
3,945;0,185781
3,948;0,187681
3,951;0,188288
3,954;0,187591
3,957;0,18559
3,96;0,182291
3,963;0,177709
3,966;0,171871
3,969;0,164807
3,972;0,156559
3,975;0,147177
3,978;0,136716
3,981;0,125242
3,984;0,112824
3,987;0,099541
3,99;0,0854762
3,993;0,0707189
3,996;0,0553634
3,999;0,0395082
4,002;0,0232557
4,005;0,00671124
4,008;0,0100172
4,011;0,0268202
4,014;0,043587
4,017;0,060207
4,02;0,0765697
4,023;0,0925659
4,026;0,108088
4,029;0,123033
4,032;0,137297
4,035;0,150785
4,038;0,163403
4,041;0,175064
4,044;0,185687
4,047;0,195198
4,05;0,203527
4,053;0,210615
4,056;0,216409
4,059;0,220865
4,062;0,223948
4,065;0,22563
4,068;0,225895
4,071;0,224733
4,074;0,222147
4,077;0,218146
4,08;0,21275
4,083;0,20599
4,086;0,197902
4,089;0,188534
4,092;0,177943
4,095;0,166193
4,098;0,153354
4,101;0,139509
4,104;0,124743
4,107;0,109149
4,11;0,0928262
4,113;0,0758796
4,116;0,058418
4,119;0,0405541
4,122;0,022404
4,125;0,00408624
4,128;0,0142792
4,131;0,0325711
4,134;0,0506687
4,137;0,0684514
4,14;0,0858005
4,143;0,102599
4,146;0,118735
4,149;0,134097
4,152;0,148582
4,155;0,162088
4,158;0,174524
4,161;0,185801
4,164;0,19584
4,167;0,204569
4,17;0,211925
4,173;0,217852
4,176;0,222304
4,179;0,225247
4,182;0,226652
4,185;0,226505
4,188;0,224798
4,191;0,221536
4,194;0,216734
4,197;0,210415
4,2;0,202615
4,203;0,193378
4,206;0,182758
4,209;0,17082
4,212;0,157636
4,215;0,143287
4,218;0,127863
4,221;0,11146
4,224;0,0941831
4,227;0,076141
4,23;0,0574498
4,233;0,0382297
4,236;0,0186053
4,239;0,00129575
4,242;0,0213435
4,245;0,0414062
4,248;0,0613516
4,251;0,0810474
4,254;0,100363
4,257;0,119168
4,26;0,137337
4,263;0,154746
4,266;0,171279
4,269;0,18682
4,272;0,201263
4,275;0,214509
4,278;0,226463
4,281;0,237041
4,284;0,246166
4,287;0,253773
4,29;0,259804
4,293;0,264211
4,296;0,266958
4,299;0,26802
4,302;0,267381
4,305;0,265038
4,308;0,260999
4,311;0,255282
4,314;0,247918
4,317;0,238947
4,32;0,228422
4,323;0,216404
4,326;0,202966
4,329;0,188191
4,332;0,172169
4,335;0,155001
4,338;0,136794
4,341;0,117665
4,344;0,0977344
4,347;0,0771309
4,35;0,0559871
4,353;0,0344403
4,356;0,0126307
4,359;0,00929903
4,362;0,0312046
4,365;0,0529413
4,368;0,0743649
4,371;0,0953327
4,374;0,115704
4,377;0,135342
4,38;0,154113
4,383;0,17189
4,386;0,18855
4,389;0,203979
4,392;0,218069
4,395;0,230721
4,398;0,241845
4,401;0,25136
4,404;0,259197
4,407;0,265295
4,41;0,269606
4,413;0,272095
4,416;0,272735
4,419;0,271514
4,422;0,268433
4,425;0,263501
4,428;0,256745
4,431;0,248199
4,434;0,237912
4,437;0,225944
4,44;0,212366
4,443;0,19726
4,446;0,180719
4,449;0,162846
4,452;0,143752
4,455;0,123558
4,458;0,102392
4,461;0,0803888
4,464;0,0576904
4,467;0,0344433
4,47;0,0107982
4,473;0,0130906
4,476;0,0370664
4,479;0,0609716
4,482;0,084648
4,485;0,107938
4,488;0,130687
4,491;0,152741
4,494;0,173953
4,497;0,194177
4,5;0,213277
4,503;0,23112
4,506;0,247584
4,509;0,262553
4,512;0,275922
4,515;0,287595
4,518;0,297487
4,521;0,305524
4,524;0,311646
4,527;0,315803
4,53;0,317958
4,533;0,318089
4,536;0,316184
4,539;0,312247
4,542;0,306295
4,545;0,298358
4,548;0,288478
4,551;0,276713
4,554;0,263131
4,557;0,247814
4,56;0,230854
4,563;0,212356
4,566;0,192435
4,569;0,171217
4,572;0,148834
4,575;0,125429
4,578;0,101153
4,581;0,0761607
4,584;0,0506147
4,587;0,0246808
4,59;0,00147172
4,593;0,0276711
4,596;0,0537448
4,599;0,0795201
4,602;0,104825
4,605;0,129492
4,608;0,153353
4,611;0,176249
4,614;0,198022
4,617;0,218526
4,62;0,237618
4,623;0,255166
4,626;0,271046
4,629;0,285148
4,632;0,297368
4,635;0,307619
4,638;0,315822
4,641;0,321916
4,644;0,325849
4,647;0,327586
4,65;0,327105
4,653;0,324399
4,656;0,319477
4,659;0,312359
4,662;0,303084
4,665;0,291702
4,668;0,278279
4,671;0,262893
4,674;0,245638
4,677;0,226619
4,68;0,205953
4,683;0,18377
4,686;0,160207
4,689;0,135415
4,692;0,109552
4,695;0,0827832
4,698;0,0552812
4,701;0,0272241
4,704;0,00120532
4,707;0,0298212
4,71;0,0584356
4,713;0,0868595
4,716;0,114905
4,719;0,142384
4,722;0,169114
4,725;0,194914
4,728;0,21961
4,731;0,243033
4,734;0,265025
4,737;0,285431
4,74;0,304112
4,743;0,320935
4,746;0,33578
4,749;0,348542
4,752;0,359125
4,755;0,367451
4,758;0,373453
4,761;0,377082
4,764;0,378303
4,767;0,377095
4,77;0,373458
4,773;0,367402
4,776;0,358957
4,779;0,348168
4,782;0,335095
4,785;0,319813
4,788;0,302415
4,791;0,283004
4,794;0,261699
4,797;0,238633
4,8;0,21395
4,803;0,187804
4,806;0,160363
4,809;0,1318
4,812;0,1023
4,815;0,0720527
4,818;0,0412542
4,821;0,0101054
4,824;0,0211897
4,827;0,0524253
4,83;0,083395
4,833;0,113893
4,836;0,143716
4,839;0,172664
4,842;0,200542
4,845;0,227161
4,848;0,25234
4,851;0,275905
4,854;0,297694
4,857;0,317555
4,86;0,335347
4,863;0,350945
4,866;0,364235
4,869;0,375118
4,872;0,383511
4,875;0,389349
4,878;0,39258
4,881;0,393171
4,884;0,391107
4,887;0,386387
4,89;0,379033
4,893;0,369079
4,896;0,35658
4,899;0,341607
4,902;0,324246
4,905;0,304602
4,908;0,282793
4,911;0,258954
4,914;0,233233
4,917;0,20579
4,92;0,176799
4,923;0,146445
4,926;0,11492
4,929;0,0824285
4,932;0,0491798
4,935;0,0153899
4,938;0,0187206
4,941;0,0529281
4,944;0,0870073
4,947;0,120733
4,95;0,15388
4,953;0,186228
4,956;0,217559
4,959;0,247662
4,962;0,276332
4,965;0,303375
4,968;0,328603
4,971;0,351842
4,974;0,372929
4,977;0,391716
4,98;0,408067
4,983;0,421864
4,986;0,433004
4,989;0,441401
4,992;0,446986
4,995;0,449712
4,998;0,449545
5,001;0,446474
5,004;0,440506
5,007;0,431666
5,01;0,420001
5,013;0,405574
5,016;0,388467
5,019;0,368781
5,022;0,346634
5,025;0,322162
5,028;0,295514
5,031;0,266857
5,034;0,23637
5,037;0,204247
5,04;0,170691
5,043;0,135918
5,046;0,100152
5,049;0,0636242
5,052;0,0265719
5,055;0,0107626
5,058;0,0481341
5,061;0,0852962
5,064;0,122003
5,067;0,158009
5,07;0,193075
5,073;0,226964
5,076;0,259447
5,079;0,290304
5,082;0,319323
5,085;0,346304
5,088;0,37106
5,091;0,393418
5,094;0,413218
5,097;0,430318
5,1;0,444593
5,103;0,455936
5,106;0,464258
5,109;0,469491
5,112;0,471586
5,115;0,470514
5,118;0,466268
5,121;0,458862
5,124;0,448329
5,127;0,434725
5,13;0,418126
5,133;0,398628
5,136;0,376345
5,139;0,351412
5,142;0,323981
5,145;0,294223
5,148;0,262321
5,151;0,228479
5,154;0,192908
5,157;0,155838
5,16;0,117505
5,163;0,078156
5,166;0,0380467
5,169;0,00256173
5,172;0,0434037
5,175;0,0842108
5,178;0,124713
5,181;0,164643
5,184;0,203733
5,187;0,241722
5,19;0,278354
5,193;0,313381
5,196;0,346564
5,199;0,377677
5,202;0,406503
5,205;0,432843
5,208;0,456511
5,211;0,477338
5,214;0,495175
5,217;0,509888
5,22;0,521368
5,223;0,529524
5,226;0,534286
5,229;0,535607
5,232;0,533462
5,235;0,527851
5,238;0,518793
5,241;0,506334
5,244;0,490539
5,247;0,471498
5,25;0,44932
5,253;0,424139
5,256;0,396106
5,259;0,365394
5,262;0,332192
5,265;0,296709
5,268;0,259168
5,271;0,219808
5,274;0,178879
5,277;0,136645
5,28;0,0933784
5,283;0,0493603
5,286;0,00487755
5,289;0,0397784
5,292;0,0843135
5,295;0,128433
5,298;0,171845
5,301;0,214258
5,304;0,255389
5,307;0,29496
5,31;0,332702
5,313;0,368359
5,316;0,401685
5,319;0,432449
5,322;0,460437
5,325;0,485451
5,328;0,507313
5,331;0,525864
5,334;0,540965
5,337;0,552502
5,34;0,560381
5,343;0,564535
5,346;0,564919
5,349;0,561512
5,352;0,554319
5,355;0,543372
5,358;0,528724
5,361;0,510456
5,364;0,488671
5,367;0,463497
5,37;0,435084
5,373;0,403605
5,376;0,369255
5,379;0,332245
5,382;0,292809
5,385;0,251195
5,388;0,207669
5,391;0,162507
5,394;0,116002
5,397;0,0684539
5,4;0,0201714
5,403;0,02853
5,406;0,0773307
5,409;0,125909
5,412;0,173944
5,415;0,221115
5,418;0,267107
5,421;0,311612
5,424;0,354328
5,427;0,394966
5,43;0,433248
5,433;0,46891
5,436;0,501705
5,439;0,531403
5,442;0,557794
5,445;0,580689
5,448;0,59992
5,451;0,615344
5,454;0,626841
5,457;0,634318
5,46;0,637706
5,463;0,636964
5,466;0,632079
5,469;0,623063
5,472;0,609957
5,475;0,592829
5,478;0,571773
5,481;0,54691
5,484;0,518386
5,487;0,486374
5,49;0,451068
5,493;0,412686
5,496;0,371468
5,499;0,327672
5,502;0,281575
5,505;0,233472
5,508;0,18367
5,511;0,13249
5,514;0,0802646
5,517;0,0273324
5,52;0,0259599
5,523;0,0792625
5,526;0,132223
5,529;0,184492
5,532;0,235719
5,535;0,285563
5,538;0,333687
5,541;0,379767
5,544;0,423489
5,547;0,464554
5,55;0,502677
5,553;0,537595
5,556;0,569061
5,559;0,596853
5,562;0,62077
5,565;0,640636
5,568;0,656301
5,571;0,667644
5,574;0,674568
5,577;0,677009
5,58;0,674929
5,583;0,668321
5,586;0,657208
5,589;0,641643
5,592;0,621707
5,595;0,597514
5,598;0,569201
5,601;0,536938
5,604;0,50092
5,607;0,461365
5,61;0,418521
5,613;0,372653
5,616;0,324051
5,619;0,273023
5,622;0,219895
5,625;0,165007
5,628;0,108715
5,631;0,0513819
5,634;0,00661734
5,637;0,0649034
5,64;0,123093
5,643;0,180801
5,646;0,237645
5,649;0,293246
5,652;0,347231
5,655;0,399236
5,658;0,448909
5,661;0,495911
5,664;0,53992
5,667;0,580632
5,67;0,617762
5,673;0,65105
5,676;0,680257
5,679;0,705173
5,682;0,725613
5,685;0,741422
5,688;0,752473
5,691;0,758673
5,694;0,759957
5,697;0,756296
5,7;0,747689
5,703;0,734172
5,706;0,715811
5,709;0,692705
5,712;0,664984
5,715;0,63281
5,718;0,596376
5,721;0,555901
5,724;0,511635
5,727;0,463853
5,73;0,412852
5,733;0,358956
5,736;0,302506
5,739;0,243864
5,742;0,183407
5,745;0,121524
5,748;0,058618
5,751;0,00490035
5,754;0,0686149
5,757;0,132106
5,76;0,194954
5,763;0,25674
5,766;0,317053
5,769;0,375487
5,772;0,431647
5,775;0,485154
5,778;0,535641
5,781;0,582761
5,784;0,626189
5,787;0,665619
5,79;0,700775
5,793;0,731403
5,796;0,757281
5,799;0,78755
5,802;0,822031
5,805;0,860516
5,808;0,902768
5,811;0,948526
5,814;0,997505
5,817;1,0494
5,82;1,10387
5,823;1,16058
5,826;1,21916
5,829;1,27923
5,832;1,34041
5,835;1,40229
5,838;1,46447
5,841;1,52654
5,844;1,5881
5,847;1,64872
5,85;1,70801
5,853;1,76557
5,856;1,82102
5,859;1,87397
5,862;1,92406
5,865;1,97096
5,868;2,01434
5,871;2,05389
5,874;2,08934
5,877;2,12043
5,88;2,14694
5,883;2,16867
5,886;2,18546
5,889;2,19717
5,892;2,2037
5,895;2,20499
5,898;2,201
5,901;2,19174
5,904;2,17724
5,907;2,15758
5,91;2,13285
5,913;2,10321
5,916;2,06881
5,919;2,02988
5,922;1,98663
5,925;1,93935
5,928;1,88832
5,931;1,83386
5,934;1,77632
5,937;1,71606
5,94;1,65347
5,943;1,58895
5,946;1,52291
5,949;1,45579
5,952;1,38802
5,955;1,32005
5,958;1,25233
5,961;1,18529
5,964;1,1194
5,967;1,05509
5,97;0,992782
5,973;0,93291
5,976;0,875875
5,979;0,822067
5,982;0,771856
5,985;0,72559
5,988;0,683592
5,991;0,64616
5,994;0,604227
5,997;0,55805
6;0,507914
6,003;0,454131
6,006;0,39704
6,009;0,337002
6,012;0,2744
6,015;0,209636
6,018;0,143126
6,021;0,0753021
6,024;0,00660557
6,027;0,0625142
6,03;0,131603
6,033;0,200205
6,036;0,267864
6,039;0,334131
6,042;0,39856
6,045;0,460719
6,048;0,520187
6,051;0,576559
6,054;0,629449
6,057;0,678491
6,06;0,723345
6,063;0,763694
6,066;0,799252
6,069;0,829762
6,072;0,855
6,075;0,874775
6,078;0,88893
6,081;0,897348
6,084;0,899945
6,087;0,896678
6,09;0,887542
6,093;0,87257
6,096;0,851833
6,099;0,825443
6,102;0,793547
6,105;0,75633
6,108;0,714015
6,111;0,666855
6,114;0,615141
6,117;0,559193
6,12;0,499361
6,123;0,436021
6,126;0,369575
6,129;0,300449
6,132;0,229085
6,135;0,155944
6,138;0,081502
6,141;0,0062428
6,144;0,0693402
6,147;0,144749
6,15;0,219487
6,153;0,293056
6,156;0,364965
6,159;0,434733
6,162;0,501889
6,165;0,565977
6,168;0,626562
6,171;0,683226
6,174;0,735577
6,177;0,783252
6,18;0,835246
6,183;0,891237
6,186;0,950873
6,189;1,01378
6,192;1,07955
6,195;1,14777
6,198;1,218
6,201;1,28979
6,204;1,36266
6,207;1,43615
6,21;1,50976
6,213;1,58302
6,216;1,65543
6,219;1,72653
6,222;1,79583
6,225;1,86286
6,228;1,92718
6,231;1,98834
6,234;2,04593
6,237;2,09956
6,24;2,14884
6,243;2,19344
6,246;2,23304
6,249;2,26735
6,252;2,29612
6,255;2,31915
6,258;2,33624
6,261;2,34726
6,264;2,35211
6,267;2,35073
6,27;2,3431
6,273;2,32924
6,276;2,30921
6,279;2,28312
6,282;2,25111
6,285;2,21337
6,288;2,17012
6,291;2,12161
6,294;2,06815
6,297;2,01006
6,3;1,94771
6,303;1,88149
6,306;1,81182
6,309;1,73913
6,312;1,66391
6,315;1,58662
6,318;1,50778
6,321;1,4279
6,324;1,3475
6,327;1,2671
6,33;1,18724
6,333;1,10844
6,336;1,03124
6,339;0,956147
6,342;0,883668
6,345;0,814294
6,348;0,748496
6,351;0,686726
6,354;0,62941
6,357;0,567612
6,36;0,50172
6,363;0,432149
6,366;0,359343
6,369;0,283767
6,372;0,205907
6,375;0,126266
6,378;0,0453612
6,381;0,0362785
6,384;0,118118
6,387;0,199618
6,39;0,280239
6,393;0,359445
6,396;0,436706
6,399;0,511505
6,402;0,583335
6,405;0,651709
6,408;0,71616
6,411;0,776245
6,414;0,831546
6,417;0,881677
6,42;0,926284
6,423;0,965045
6,426;0,99768
6,429;1,02394
6,432;1,04363
6,435;1,05659
6,438;1,06269
6,441;1,06188
6,444;1,05411
6,447;1,03942
6,45;1,01786
6,453;0,98955
6,456;0,954641
6,459;0,913334
6,462;0,865873
6,465;0,812543
6,468;0,753668
6,471;0,689611
6,474;0,620773
6,477;0,547584
6,48;0,470508
6,483;0,390035
6,486;0,306682
6,489;0,220985
6,492;0,133499
6,495;0,0447933
6,498;0,0445527
6,501;0,133952
6,504;0,222815
6,507;0,310552
6,51;0,39658
6,513;0,480322
6,516;0,561216
6,519;0,638714
6,522;0,712289
6,525;0,781439
6,528;0,855019
6,531;0,932564
6,534;1,01358
6,537;1,09755
6,54;1,18394
6,543;1,27217
6,546;1,36169
6,549;1,4519
6,552;1,54221
6,555;1,63204
6,558;1,72077
6,561;1,80782
6,564;1,89262
6,567;1,97458
6,57;2,05315
6,573;2,12781
6,576;2,19804
6,579;2,26335
6,582;2,3233
6,585;2,37746
6,588;2,42545
6,591;2,46692
6,594;2,50156
6,597;2,52913
6,6;2,54941
6,603;2,56222
6,606;2,56745
6,609;2,56502
6,612;2,55493
6,615;2,5372
6,618;2,51191
6,621;2,4792
6,624;2,43924
6,627;2,39227
6,63;2,33857
6,633;2,27846
6,636;2,2123
6,639;2,1405
6,642;2,06352
6,645;1,98184
6,648;1,89597
6,651;1,80646
6,654;1,71388
6,657;1,61884
6,66;1,52195
6,663;1,42384
6,666;1,32515
6,669;1,22653
6,672;1,12863
6,675;1,0321
6,678;0,937589
6,681;0,845722
6,684;0,757122
6,687;0,672387
6,69;0,592094
6,693;0,507461
6,696;0,419026
6,699;0,327354
6,702;0,233037
6,705;0,136684
6,708;0,0389223
6,711;0,0596098
6,714;0,158265
6,717;0,256394
6,72;0,353345
6,723;0,448474
6,726;0,541144
6,729;0,630732
6,732;0,716634
6,735;0,798264
6,738;0,875065
6,741;0,946507
6,744;1,0121
6,747;1,07137
6,75;1,12391
6,753;1,16933
6,756;1,20731
6,759;1,23757
6,762;1,25985
6,765;1,27399
6,768;1,27985
6,771;1,27735
6,774;1,26647
6,777;1,24725
6,78;1,21977
6,783;1,18418
6,786;1,14067
6,789;1,0895
6,792;1,03096
6,795;0,965416
6,798;0,893261
6,801;0,814943
6,804;0,730949
6,807;0,641808
6,81;0,548085
6,813;0,450377
6,816;0,349311
6,819;0,245538
6,822;0,13973
6,825;0,0325778
6,828;0,075219
6,831;0,182952
6,834;0,289909
6,837;0,395381
6,84;0,498665
6,843;0,599069
6,846;0,695918
6,849;0,788555
6,852;0,876351
6,855;0,968036
6,858;1,06302
6,861;1,1607
6,864;1,26044
6,867;1,36159
6,87;1,46349
6,873;1,56547
6,876;1,66685
6,879;1,76697
6,882;1,86516
6,885;1,96076
6,888;2,05313
6,891;2,14164
6,894;2,2257
6,897;2,30472
6,9;2,37817
6,903;2,44553
6,906;2,50632
6,909;2,56013
6,912;2,60656
6,915;2,64526
6,918;2,67596
6,921;2,69841
6,924;2,71242
6,927;2,71786
6,93;2,71466
6,933;2,7028
6,936;2,68232
6,939;2,6533
6,942;2,61592
6,945;2,57037
6,948;2,51691
6,951;2,45586
6,954;2,3876
6,957;2,31254
6,96;2,23113
6,963;2,1439
6,966;2,05138
6,969;1,95418
6,972;1,85289
6,975;1,74819
6,978;1,64073
6,981;1,53122
6,984;1,42037
6,987;1,3089
6,99;1,19756
6,993;1,08707
6,996;0,978163
6,999;0,871572
7,002;0,768009
7,005;0,668171
7,008;0,572733
7,011;0,473013
7,014;0,369649
7,017;0,263306
7,02;0,154672
7,023;0,0444544
7,026;0,0666276
7,029;0,177844
7,032;0,288463
7,035;0,39775
7,038;0,504978
7,041;0,60943
7,044;0,710404
7,047;0,807217
7,05;0,899212
7,053;0,985759
7,056;1,06626
7,059;1,14016
7,062;1,20694
7,065;1,26612
7,068;1,31728
7,071;1,36005
7,074;1,3941
7,077;1,41917
7,08;1,43506
7,083;1,4416
7,086;1,43873
7,089;1,42641
7,092;1,40469
7,095;1,37366
7,098;1,33348
7,101;1,28438
7,104;1,22664
7,107;1,1606
7,11;1,08667
7,113;1,00528
7,116;0,916949
7,119;0,822224
7,122;0,7217
7,125;0,616013
7,128;0,505839
7,131;0,391883
7,134;0,27488
7,137;0,155588
7,14;0,0347843
7,143;0,0867411
7,146;0,208189
7,149;0,328759
7,152;0,447649
7,155;0,564068
7,158;0,677237
7,161;0,786392
7,164;0,890796
7,167;0,999071
7,17;1,11052
7,173;1,22442
7,176;1,34004
7,179;1,45661
7,182;1,57338
7,185;1,68957
7,188;1,80441
7,191;1,91714
7,194;2,02701
7,197;2,13327
7,2;2,23522
7,203;2,33215
7,206;2,4234
7,209;2,50835
7,212;2,58641
7,215;2,65703
7,218;2,7197
7,221;2,77398
7,224;2,81947
7,227;2,85584
7,23;2,88279
7,233;2,90011
7,236;2,90764
7,239;2,90529
7,242;2,89302
7,245;2,87087
7,248;2,83894
7,251;2,79739
7,254;2,74646
7,257;2,68645
7,26;2,61769
7,263;2,54061
7,266;2,45568
7,269;2,36342
7,272;2,26441
7,275;2,15927
7,278;2,04866
7,281;1,9333
7,284;1,81391
7,287;1,69127
7,29;1,56618
7,293;1,43944
7,296;1,3119
7,299;1,18437
7,302;1,05771
7,305;0,932764
7,308;0,810353
7,311;0,6913
7,314;0,576407
7,317;0,457118
7,32;0,3342
7,323;0,208446
7,326;0,0806752
7,329;0,0482798
7,332;0,177573
7,335;0,306353
7,338;0,433766
7,341;0,558967
7,344;0,681118
7,347;0,799399
7,35;0,913012
7,353;1,02118
7,356;1,12318
7,359;1,21829
7,362;1,30587
7,365;1,38529
7,368;1,456
7,371;1,51749
7,374;1,56931
7,377;1,61107
7,38;1,64246
7,383;1,66321
7,386;1,67315
7,389;1,67215
7,392;1,66018
7,395;1,63725
7,398;1,60348
7,401;1,55904
7,404;1,50416
7,407;1,43917
7,41;1,36444
7,413;1,28043
7,416;1,18764
7,419;1,08666
7,422;0,978099
7,425;0,862648
7,428;0,741036
7,431;0,614038
7,434;0,482467
7,437;0,347169
7,44;0,209022
7,443;0,0689231
7,446;0,0722113
7,449;0,213455
7,452;0,353875
7,455;0,492543
7,458;0,628534
7,461;0,760938
7,464;0,888866
7,467;1,02079
7,47;1,15585
7,473;1,29317
7,476;1,43186
7,479;1,571
7,482;1,70969
7,485;1,84701
7,488;1,98203
7,491;2,11387
7,494;2,24163
7,497;2,36445
7,5;2,4815
7,503;2,59198
7,506;2,69514
7,509;2,79025
7,512;2,87665
7,515;2,95374
7,518;3,02095
7,521;3,07781
7,524;3,12388
7,527;3,15882
7,53;3,18234
7,533;3,19424
7,536;3,19438
7,539;3,18271
7,542;3,15925
7,545;3,12409
7,548;3,07743
7,551;3,01952
7,554;2,95067
7,557;2,87131
7,56;2,7819
7,563;2,68299
7,566;2,57519
7,569;2,45916
7,572;2,33565
7,575;2,20541
7,578;2,0693
7,581;1,92817
7,584;1,78293
7,587;1,63453
7,59;1,48393
7,593;1,33211
7,596;1,18008
7,599;1,02882
7,602;0,87935
7,605;0,732658
7,608;0,589726
7,611;0,451515
7,614;0,309624
7,617;0,164973
7,62;0,0185041
7,623;0,128824
7,626;0,276044
7,629;0,422182
7,632;0,56627
7,635;0,707347
7,638;0,844468
7,641;0,976709
7,644;1,10318
7,647;1,22301
7,65;1,33538
7,653;1,43953
7,656;1,53471
7,659;1,62027
7,662;1,69559
7,665;1,76012
7,668;1,81341
7,671;1,85503
7,674;1,88467
7,677;1,90206
7,68;1,90705
7,683;1,89953
7,686;1,87951
7,689;1,84706
7,692;1,80233
7,695;1,74556
7,698;1,67707
7,701;1,59726
7,704;1,50661
7,707;1,40566
7,71;1,29503
7,713;1,17541
7,716;1,04755
7,719;0,912247
7,722;0,770365
7,725;0,622809
7,728;0,470528
7,731;0,314504
7,734;0,155751
7,737;0,00469706
7,74;0,165788
7,743;0,326463
7,746;0,485658
7,749;0,642317
7,752;0,795393
7,755;0,943861
7,758;1,09605
7,761;1,25098
7,764;1,40763
7,767;1,56499
7,77;1,72201
7,773;1,87765
7,776;2,03089
7,779;2,1807
7,782;2,32608
7,785;2,46605
7,788;2,59965
7,791;2,72598
7,794;2,84417
7,797;2,9534
7,8;3,05291
7,803;3,142
7,806;3,22004
7,809;3,28645
7,812;3,34074
7,815;3,38251
7,818;3,41141
7,821;3,42721
7,824;3,42972
7,827;3,41888
7,83;3,3947
7,833;3,35727
7,836;3,30678
7,839;3,2435
7,842;3,1678
7,845;3,08011
7,848;2,98096
7,851;2,87095
7,854;2,75075
7,857;2,62112
7,86;2,48286
7,863;2,33685
7,866;2,18401
7,869;2,02532
7,872;1,86181
7,875;1,69453
7,878;1,52457
7,881;1,35303
7,884;1,18104
7,887;1,00974
7,89;0,840257
7,893;0,673717
7,896;0,511235
7,899;0,344567
7,902;0,174795
7,905;0,00302495
7,908;0,169619
7,911;0,342001
7,914;0,512983
7,917;0,681429
7,92;0,846216
7,923;1,00624
7,926;1,16042
7,929;1,30772
7,932;1,44713
7,935;1,57769
7,938;1,6985
7,941;1,80872
7,944;1,90757
7,947;1,99436
7,95;2,06844
7,953;2,12928
7,956;2,1764
7,959;2,20944
7,962;2,22812
7,965;2,23224
7,968;2,22171
7,971;2,19653
7,974;2,1568
7,977;2,10272
7,98;2,03457
7,983;1,95275
7,986;1,85773
7,989;1,75007
7,992;1,63043
7,995;1,49954
7,998;1,35822
8,001;1,20734
8,004;1,04787
8,007;0,880809
8,01;0,707232
8,013;0,528252
8,016;0,345026
8,019;0,158744
8,022;0,029379
8,025;0,21811
8,028;0,406206
8,031;0,592423
8,034;0,775522
8,037;0,954282
8,04;1,13684
8,043;1,322
8,046;1,50855
8,049;1,69528
8,052;1,88095
8,055;2,06433
8,058;2,2442
8,061;2,41936
8,064;2,58862
8,067;2,75085
8,07;2,90493
8,073;3,04983
8,076;3,18453
8,079;3,3081
8,082;3,41968
8,085;3,51847
8,088;3,60377
8,091;3,67494
8,094;3,73146
8,097;3,77287
8,1;3,79885
8,103;3,80915
8,106;3,80362
8,109;3,78223
8,112;3,74505
8,115;3,69226
8,118;3,62412
8,121;3,54102
8,124;3,44344
8,127;3,33195
8,13;3,20723
8,133;3,07003
8,136;2,92122
8,139;2,76171
8,142;2,59251
8,145;2,41469
8,148;2,22938
8,151;2,03778
8,154;1,84112
8,157;1,64067
8,16;1,43774
8,163;1,23366
8,166;1,02977
8,169;0,827416
8,172;0,627939
8,175;0,43267
8,178;0,233584
8,181;0,0319772
8,184;0,170832
8,187;0,37351
8,19;0,57472
8,193;0,773125
8,196;0,967404
8,199;1,15625
8,202;1,33841
8,205;1,51263
8,208;1,67773
8,211;1,83258
8,214;1,97612
8,217;2,10733
8,22;2,2253
8,223;2,3292
8,226;2,41826
8,229;2,49183
8,232;2,54936
8,235;2,5904
8,238;2,61459
8,241;2,62169
8,244;2,61159
8,247;2,58427
8,25;2,53984
8,253;2,4785
8,256;2,40058
8,259;2,30652
8,262;2,19688
8,265;2,07229
8,268;1,93351
8,271;1,7814
8,274;1,6169
8,277;1,44103
8,28;1,25491
8,283;1,05971
8,286;0,856678
8,289;0,647126
8,292;0,432402
8,295;0,213901
8,298;0,00695421
8,301;0,228715
8,304;0,449923
8,307;0,669116
8,31;0,884837
8,313;1,09565
8,316;1,30946
8,319;1,52489
8,322;1,74052
8,325;1,95492
8,328;2,16668
8,331;2,37438
8,334;2,57663
8,337;2,77208
8,34;2,9594
8,343;3,13732
8,346;3,30463
8,349;3,46016
8,352;3,60284
8,355;3,73167
8,358;3,84574
8,361;3,94421
8,364;4,02638
8,367;4,09162
8,37;4,13943
8,373;4,16941
8,376;4,18127
8,379;4,17487
8,382;4,15015
8,385;4,1072
8,388;4,04621
8,391;3,96751
8,394;3,87153
8,397;3,75883
8,4;3,63007
8,403;3,48603
8,406;3,32759
8,409;3,15572
8,412;2,97151
8,415;2,77612
8,418;2,57077
8,421;2,35677
8,424;2,13551
8,427;1,90841
8,43;1,67694
8,433;1,4426
8,436;1,20694
8,439;0,971498
8,442;0,73783
8,445;0,507487
8,448;0,282006
8,451;0,0535625
8,454;0,176349
8,457;0,406218
8,46;0,634526
8,463;0,859761
8,466;1,08042
8,469;1,29503
8,472;1,50214
8,475;1,70035
8,478;1,88832
8,481;2,06475
8,484;2,22843
8,487;2,37822
8,49;2,51307
8,493;2,63201
8,496;2,73419
8,499;2,81886
8,502;2,88538
8,505;2,93323
8,508;2,962
8,511;2,97141
8,514;2,96133
8,517;2,93171
8,52;2,88267
8,523;2,81445
8,526;2,7274
8,529;2,62201
8,532;2,4989
8,535;2,35879
8,538;2,20253
8,541;2,03108
8,544;1,8455
8,547;1,64695
8,55;1,43668
8,553;1,21602
8,556;0,986386
8,559;0,749249
8,562;0,506141
8,565;0,258637
8,568;0,00835204
8,571;0,243076
8,574;0,493993
8,577;0,74274
8,58;0,987666
8,583;1,23647
8,586;1,48753
8,589;1,73919
8,592;1,98981
8,595;2,23771
8,598;2,48126
8,601;2,71882
8,604;2,9488
8,607;3,16964
8,61;3,37985
8,613;3,578
8,616;3,7627
8,619;3,9327
8,622;4,08679
8,625;4,22389
8,628;4,34301
8,631;4,44328
8,634;4,52396
8,637;4,58442
8,64;4,62418
8,643;4,64287
8,646;4,64027
8,649;4,6163
8,652;4,57103
8,655;4,50465
8,658;4,4175
8,661;4,31007
8,664;4,18296
8,667;4,03694
8,67;3,87287
8,673;3,69175
8,676;3,49471
8,679;3,28296
8,682;3,05784
8,685;2,82078
8,688;2,57328
8,691;2,31692
8,694;2,05337
8,697;1,78432
8,7;1,51152
8,703;1,23677
8,706;0,96186
8,709;0,688607
8,712;0,418822
8,715;0,144969
8,718;0,131165
8,721;0,407767
8,724;0,683013
8,727;0,955082
8,73;1,22216
8,733;1,48247
8,736;1,73425
8,739;1,97581
8,742;2,2055
8,745;2,42176
8,748;2,62309
8,751;2,8081
8,754;2,97549
8,757;3,12408
8,76;3,25279
8,763;3,36069
8,766;3,44697
8,769;3,51096
8,772;3,55214
8,775;3,57013
8,778;3,5647
8,781;3,53578
8,784;3,48345
8,787;3,40796
8,79;3,30969
8,793;3,18919
8,796;3,04715
8,799;2,88441
8,802;2,70195
8,805;2,50087
8,808;2,28244
8,811;2,04799
8,814;1,79902
8,817;1,53708
8,82;1,26387
8,823;0,981117
8,826;0,690653
8,829;0,394358
8,832;0,0941615
8,835;0,207974
8,838;0,510063
8,841;0,810111
8,844;1,10613
8,847;1,40548
8,85;1,7062
8,853;2,00631
8,856;2,30384
8,859;2,59679
8,862;2,88323
8,865;3,16122
8,868;3,4289
8,871;3,68445
8,874;3,92612
8,877;4,15227
8,88;4,36132
8,883;4,55182
8,886;4,72243
8,889;4,87192
8,892;4,99921
8,895;5,10337
8,898;5,18359
8,901;5,23924
8,904;5,26983
8,907;5,27506
8,91;5,25476
8,913;5,20897
8,916;5,13785
8,919;5,04176
8,922;4,92123
8,925;4,77693
8,928;4,60971
8,931;4,42057
8,934;4,21065
8,937;3,98125
8,94;3,73378
8,943;3,46981
8,946;3,19099
8,949;2,89909
8,952;2,59599
8,955;2,28363
8,958;1,96404
8,961;1,63928
8,964;1,31148
8,967;0,982782
8,97;0,655358
8,973;0,331373
8,976;0,00364677
8,979;0,325675
8,982;0,654425
8,985;0,980432
8,988;1,30153
8,991;1,61558
8,994;1,92048
8,997;2,21416
9;2,49465
9,003;2,76003
9,006;3,00847
9,009;3,23827
9,012;3,44781
9,015;3,63563
9,018;3,80038
9,021;3,94086
9,024;4,05605
9,027;4,14506
9,03;4,20719
9,033;4,2419
9,036;4,24883
9,039;4,22782
9,042;4,17887
9,045;4,10218
9,048;3,99813
9,051;3,86727
9,054;3,71035
9,057;3,52829
9,06;3,32216
9,063;3,09323
9,066;2,84289
9,069;2,57269
9,072;2,28434
9,075;1,97965
9,078;1,66056
9,081;1,3291
9,084;0,987407
9,087;0,637691
9,09;0,28222
9,093;0,0766839
9,096;0,43667
9,099;0,795365
9,102;1,1504
9,105;1,50874
9,108;1,86805
9,111;2,22594
9,114;2,58007
9,117;2,92806
9,12;3,2676
9,123;3,59641
9,126;3,91226
9,129;4,21301
9,132;4,49662
9,135;4,76112
9,138;5,00468
9,141;5,2256
9,144;5,42232
9,147;5,59343
9,15;5,73768
9,153;5,85399
9,156;5,94147
9,159;5,99941
9,162;6,02729
9,165;6,02479
9,168;5,99179
9,171;5,92836
9,174;5,83478
9,177;5,71152
9,18;5,55928
9,183;5,37891
9,186;5,17149
9,189;4,93825
9,192;4,68061
9,195;4,40017
9,198;4,09866
9,201;3,77799
9,204;3,44018
9,207;3,08738
9,21;2,72185
9,213;2,34594
9,216;1,96209
9,219;1,5728
9,222;1,1806
9,225;0,788083
9,228;0,397825
9,231;0,0124172
9,234;0,374909
9,237;0,761607
9,24;1,14512
9,243;1,5229
9,246;1,89244
9,249;2,25124
9,252;2,59691
9,255;2,92708
9,258;3,23952
9,261;3,53208
9,264;3,80274
9,267;4,04961
9,27;4,27095
9,273;4,46519
9,276;4,63091
9,279;4,76689
9,282;4,8721
9,285;4,9457
9,288;4,98707
9,291;4,99577
9,294;4,9716
9,297;4,91458
9,3;4,82492
9,303;4,70306
9,306;4,54967
9,309;4,36561
9,312;4,15195
9,315;3,90997
9,318;3,64114
9,321;3,3471
9,324;3,02968
9,327;2,69087
9,33;2,3328
9,333;1,95776
9,336;1,56813
9,339;1,16642
9,342;0,755232
9,345;0,33723
9,348;0,0848571
9,351;0,508262
9,354;0,930196
9,357;1,34787
9,36;1,76784
9,363;2,18734
9,366;2,6036
9,369;3,01387
9,372;3,4154
9,375;3,80551
9,378;4,18157
9,381;4,54103
9,384;4,88144
9,387;5,20047
9,39;5,49591
9,393;5,76571
9,396;6,00797
9,399;6,22096
9,402;6,40314
9,405;6,55317
9,408;6,66991
9,411;6,75243
9,414;6,80004
9,417;6,81226
9,42;6,78884
9,423;6,72978
9,426;6,6353
9,429;6,50586
9,432;6,34216
9,435;6,14512
9,438;5,91588
9,441;5,65582
9,444;5,3665
9,447;5,0497
9,45;4,70738
9,453;4,3417
9,456;3,95494
9,459;3,54957
9,462;3,12819
9,465;2,69348
9,468;2,24828
9,471;1,79545
9,474;1,33796
9,477;0,87881
9,48;0,421015
9,483;0,0323943
9,486;0,487739
9,489;0,942023
9,492;1,39224
9,495;1,83541
9,498;2,26856
9,501;2,6888
9,504;3,09329
9,507;3,47929
9,51;3,84416
9,513;4,1854
9,516;4,50066
9,519;4,78772
9,522;5,04457
9,525;5,26937
9,528;5,46048
9,531;5,61651
9,534;5,73624
9,537;5,81873
9,54;5,86326
9,543;5,86936
9,546;5,83682
9,549;5,76566
9,552;5,65619
9,555;5,50895
9,558;5,32473
9,561;5,10459
9,564;4,84981
9,567;4,56191
9,57;4,24264
9,573;3,89397
9,576;3,51805
9,579;3,11725
9,582;2,6941
9,585;2,25128
9,588;1,79163
9,591;1,31811
9,594;0,83377
9,597;0,341764
9,6;0,154697
9,603;0,652357
9,606;1,14794
9,609;1,63816
9,612;2,12909
9,615;2,6175
9,618;3,10015
9,621;3,57383
9,624;4,03537
9,627;4,48168
9,63;4,90972
9,633;5,3166
9,636;5,69954
9,639;6,05588
9,642;6,38317
9,645;6,67911
9,648;6,94159
9,651;7,16874
9,654;7,35889
9,657;7,51062
9,66;7,62274
9,663;7,69434
9,666;7,72475
9,669;7,7136
9,672;7,66075
9,675;7,56637
9,678;7,43088
9,681;7,255
9,684;7,0397
9,687;6,78622
9,69;6,49605
9,693;6,17094
9,696;5,81288
9,699;5,42407
9,702;5,00695
9,705;4,56414
9,708;4,09843
9,711;3,6128
9,714;3,11037
9,717;2,59436
9,72;2,06813
9,723;1,5351
9,726;0,998755
9,729;0,462622
9,732;0,0697611
9,735;0,604196
9,738;1,13717
9,741;1,66514
9,744;2,18463
9,747;2,69214
9,75;3,18429
9,753;3,65775
9,756;4,10931
9,759;4,53588
9,762;4,93455
9,765;5,30255
9,768;5,6373
9,771;5,93645
9,774;6,19787
9,777;6,41964
9,78;6,60013
9,783;6,73795
9,786;6,83199
9,789;6,88144
9,792;6,88577
9,795;6,84473
9,798;6,7584
9,801;6,62712
9,804;6,45156
9,807;6,23268
9,81;5,97172
9,813;5,67022
9,816;5,32996
9,819;4,95303
9,822;4,54173
9,825;4,09863
9,828;3,62651
9,831;3,12834
9,834;2,6073
9,837;2,06671
9,84;1,51007
9,843;0,940956
9,846;0,363081
9,849;0,219785
9,852;0,803818
9,855;1,38517
9,858;1,96932
9,861;2,55243
9,864;3,13065
9,867;3,70014
9,87;4,2571
9,873;4,79779
9,876;5,31857
9,879;5,81592
9,882;6,28644
9,885;6,7269
9,888;7,13426
9,891;7,50568
9,894;7,83854
9,897;8,13047
9,9;8,37935
9,903;8,58334
9,906;8,74089
9,909;8,85075
9,912;8,91196
9,915;8,92391
9,918;8,88628
9,921;8,79911
9,924;8,66273
9,927;8,47781
9,93;8,24537
9,933;7,9667
9,936;7,64344
9,939;7,27752
9,942;6,87116
9,945;6,42684
9,948;5,94734
9,951;5,43564
9,954;4,89499
9,957;4,32882
9,96;3,74074
9,963;3,13453
9,966;2,51412
9,969;1,88353
9,972;1,24688
9,975;0,608347
9,978;0,0278719
9,981;0,666897
9,984;1,30452
9,987;1,93654
9,99;2,55874
9,993;3,16698
9,996;3,75719
9,999;4,32537
10,002;4,86768
10,005;5,38042
10,008;5,86008
10,011;6,30333
10,014;6,70708
10,017;7,06848
10,02;7,38496
10,023;7,65422
10,026;7,87426
10,029;8,0434
10,032;8,1603
10,035;8,22395
10,038;8,23367
10,041;8,18916
10,044;8,09046
10,047;7,93798
10,05;7,73246
10,053;7,47503
10,056;7,16714
10,059;6,8106
10,062;6,40753
10,065;5,96038
10,068;5,4719
10,071;4,94512
10,074;4,38334
10,077;3,79011
10,08;3,16921
10,083;2,52459
10,086;1,86041
10,089;1,18096
10,092;0,490651
10,095;0,206006
10,098;0,904444
10,101;1,60006
10,104;2,29759
10,107;2,99243
10,11;3,67999
10,113;4,3557
10,116;5,01503
10,119;5,65357
10,122;6,267
10,125;6,85116
10,128;7,40207
10,131;7,91592
10,134;8,38916
10,137;8,81848
10,14;9,20084
10,143;9,53351
10,146;9,81405
10,149;10,0404
10,152;10,2108
10,155;10,3238
10,158;10,3785
10,161;10,3742
10,164;10,3107
10,167;10,1881
10,17;10,007
10,173;9,76832
10,176;9,4733
10,179;9,12367
10,182;8,72149
10,185;8,26916
10,188;7,76945
10,191;7,22543
10,194;6,6405
10,197;6,01831
10,2;5,36281
10,203;4,67817
10,206;3,96878
10,209;3,2392
10,212;2,49415
10,215;1,73849
10,218;0,977144
10,221;0,215119
10,224;0,54256
10,227;1,30021
10,23;2,05282
10,233;2,79542
10,236;3,52304
10,239;4,23082
10,242;4,914
10,245;5,56795
10,248;6,18822
10,251;6,77057
10,254;7,31098
10,257;7,80568
10,26;8,2512
10,263;8,64438
10,266;8,98238
10,269;9,26271
10,272;9,48327
10,275;9,64231
10,278;9,73851
10,281;9,77093
10,284;9,73909
10,287;9,64288
10,29;9,48265
10,293;9,25917
10,296;8,9736
10,299;8,62756
10,302;8,22306
10,305;7,76248
10,308;7,24861
10,311;6,68461
10,314;6,07395
10,317;5,42046
10,32;4,72826
10,323;4,00172
10,326;3,2455
10,329;2,46444
10,332;1,66359
10,335;0,848138
10,338;0,0234004
10,341;0,805222
10,344;1,63228
10,347;2,46164
10,35;3,28783
10,353;4,1054
10,356;4,9089
10,359;5,69297
10,362;6,45234
10,365;7,1819
10,368;7,87667
10,371;8,53193
10,374;9,14316
10,377;9,70613
10,38;10,2169
10,383;10,6718
10,386;11,0677
10,389;11,4017
10,392;11,6711
10,395;11,8741
10,398;12,0089
10,401;12,0743
10,404;12,0696
10,407;11,9945
10,41;11,8492
10,413;11,6343
10,416;11,3508
10,419;11,0004
10,422;10,5851
10,425;10,1072
10,428;9,56975
10,431;8,97591
10,434;8,32937
10,437;7,63414
10,44;6,89461
10,443;6,11544
10,446;5,30159
10,449;4,45828
10,452;3,59093
10,455;2,70517
10,458;1,80675
10,461;0,901537
10,464;0,00451719
10,467;0,905439
10,47;1,80459
10,473;2,69604
10,476;3,57385
10,479;4,43218
10,482;5,26527
10,485;6,0675
10,488;6,83344
10,491;7,55787
10,494;8,23581
10,497;8,86257
10,5;9,4338
10,503;9,94544
10,506;10,3939
10,509;10,7758
10,512;11,0885
10,515;11,3294
10,518;11,4968
10,521;11,5891
10,524;11,6055
10,527;11,5453
10,53;11,4088
10,533;11,1964
10,536;10,9092
10,539;10,5487
10,542;10,117
10,545;9,61661
10,548;9,05051
10,551;8,42215
10,554;7,73536
10,557;6,99444
10,56;6,204
10,563;5,36904
10,566;4,49487
10,569;3,58708
10,572;2,6515
10,575;1,69418
10,578;0,721339
10,581;0,260674
10,584;1,24542
10,587;2,22641
10,59;3,2065
10,593;4,17919
10,596;5,13805
10,599;6,07668
10,602;6,98879
10,605;7,86824
10,608;8,70908
10,611;9,50557
10,614;10,2523
10,617;10,944
10,62;11,5759
10,623;12,1437
10,626;12,6431
10,629;13,0707
10,632;13,4233
10,635;13,6981
10,638;13,8931
10,641;14,0066
10,644;14,0374
10,647;13,9849
10,65;13,8492
10,653;13,6308
10,656;13,3306
10,659;12,9504
10,662;12,4921
10,665;11,9587
10,668;11,3531
10,671;10,679
10,674;9,94065
10,677;9,14255
10,68;8,28972
10,683;7,38752
10,686;6,44168
10,689;5,45824
10,692;4,44353
10,695;3,40409
10,698;2,34668
10,701;1,27818
10,704;0,205602
10,707;0,863997
10,71;1,93288
10,713;2,99398
10,716;4,04027
10,719;5,06477
10,722;6,06062
10,725;7,02111
10,728;7,93974
10,731;8,81027
10,734;9,62671
10,737;10,3834
10,74;11,0752
10,743;11,6971
10,746;12,2447
10,749;12,7141
10,752;13,1017
10,755;13,4048
10,758;13,6209
10,761;13,7481
10,764;13,7852
10,767;13,7316
10,77;13,5871
10,773;13,3524
10,776;13,0286
10,779;12,6173
10,782;12,1209
10,785;11,5423
10,788;10,885
10,791;10,1528
10,794;9,35033
10,797;8,48251
10,8;7,55477
10,803;6,57298
10,806;5,54334
10,809;4,47245
10,812;3,36718
10,815;2,23466
10,818;1,08225
10,821;0,0825383
10,824;1,25208
10,827;2,41867
10,83;3,58394
10,833;4,74018
10,836;5,87973
10,839;6,99498
10,842;8,07847
10,845;9,12289
10,848;10,1212
10,851;11,0665
10,854;11,9525
10,857;12,7728
10,86;13,522
10,863;14,1946
10,866;14,7859
10,869;15,2915
10,872;15,7079
10,875;16,0318
10,878;16,2606
10,881;16,3924
10,884;16,4259
10,887;16,3604
10,89;16,196
10,893;15,9331
10,896;15,5731
10,899;15,118
10,902;14,5703
10,905;13,9331
10,908;13,2103
10,911;12,4063
10,914;11,526
10,917;10,5748
10,92;9,55878
10,923;8,48422
10,926;7,35799
10,929;6,18729
10,932;4,97963
10,935;3,74283
10,938;2,4849
10,941;1,21406
10,944;0,0613764
10,947;1,333
10,95;2,60174
10,953;3,85921
10,956;5,09705
10,959;6,30701
10,962;7,48098
10,965;8,61103
10,968;9,68952
10,971;10,7091
10,974;11,6627
10,977;12,5438
10,98;13,3462
10,983;14,0644
10,986;14,693
10,989;15,2276
10,992;15,6643
10,995;15,9996
10,998;16,231
11,001;16,3563
11,004;16,3743
11,007;16,2845
11,01;16,0867
11,013;15,782
11,016;15,3718
11,019;14,8583
11,022;14,2444
11,025;13,5338
11,028;12,7306
11,031;11,8398
11,034;10,8668
11,037;9,81762
11,04;8,69893
11,043;7,51774
11,046;6,28157
11,049;4,99831
11,052;3,67622
11,055;2,32386
11,058;0,949996
11,061;0,436391
11,064;1,82621
11,067;3,21031
11,07;4,58885
11,073;5,95273
11,076;7,29285
11,079;8,60028
11,082;9,86623
11,085;11,0822
11,088;12,2398
11,091;13,3313
11,094;14,349
11,097;15,2861
11,1;16,1358
11,103;16,8921
11,106;17,5498
11,109;18,1039
11,112;18,5504
11,115;18,8857
11,118;19,1072
11,121;19,2129
11,124;19,2016
11,127;19,0727
11,13;18,8266
11,133;18,4644
11,136;17,988
11,139;17,3999
11,142;16,7035
11,145;15,903
11,148;15,0031
11,151;14,0092
11,154;12,9277
11,157;11,7651
11,16;10,5288
11,163;9,22653
11,166;7,86669
11,169;6,45794
11,172;5,00935
11,175;3,53032
11,178;2,03045
11,181;0,519545
11,184;0,992465
11,187;2,50494
11,19;4,00791
11,193;5,4914
11,196;6,94554
11,199;8,36059
11,202;9,72703
11,205;11,0356
11,208;12,2775
11,211;13,444
11,214;14,5273
11,217;15,5198
11,22;16,4144
11,223;17,2049
11,226;17,8856
11,229;18,4514
11,232;18,898
11,235;19,2221
11,238;19,4209
11,241;19,4924
11,244;19,4357
11,247;19,2505
11,25;18,9375
11,253;18,4982
11,256;17,9347
11,259;17,2504
11,262;16,4492
11,265;15,5357
11,268;14,5156
11,271;13,395
11,274;12,181
11,277;10,881
11,28;9,50333
11,283;8,05664
11,286;6,55019
11,289;4,99364
11,292;3,39703
11,295;1,77072
11,298;0,125308
11,301;1,52844
11,304;3,17964
11,307;4,82672
11,31;6,45879
11,313;8,06501
11,316;9,63466
11,319;11,1572
11,322;12,6224
11,325;14,0203
11,328;15,3413
11,331;16,5765
11,334;17,7172
11,337;18,7555
11,34;19,684
11,343;20,4962
11,346;21,1861
11,349;21,7486
11,352;22,1794
11,355;22,4751
11,358;22,6331
11,361;22,6518
11,364;22,5302
11,367;22,2687
11,37;21,8683
11,373;21,3309
11,376;20,6596
11,379;19,8581
11,382;18,9312
11,385;17,8843
11,388;16,7238
11,391;15,4568
11,394;14,0913
11,397;12,6358
11,4;11,0995
11,403;9,49208
11,406;7,82391
11,409;6,10571
11,412;4,34857
11,415;2,56391
11,418;0,7634
11,421;1,04116
11,424;2,83789
11,427;4,62421
11,43;6,38829
11,433;8,11839
11,436;9,80293
11,439;11,4306
11,442;12,9903
11,445;14,4716
11,448;15,8642
11,451;17,1586
11,454;18,3458
11,457;19,4174
11,46;20,3658
11,463;21,1843
11,466;21,8668
11,469;22,4081
11,472;22,8041
11,475;23,0515
11,478;23,148
11,481;23,0922
11,484;22,8837
11,487;22,5234
11,49;22,0128
11,493;21,3546
11,496;20,5526
11,499;19,6112
11,502;18,5362
11,505;17,3339
11,508;16,0118
11,511;14,578
11,514;13,0414
11,517;11,4117
11,52;9,69932
11,523;7,91509
11,526;6,07047
11,529;4,17737
11,532;2,24805
11,535;0,295084
11,538;1,66875
11,541;3,63054
11,544;5,58667
11,547;7,52419
11,55;9,43023
11,553;11,2921
11,556;13,0972
11,559;14,8335
11,562;16,4891
11,565;18,0528
11,568;19,5138
11,571;20,862
11,574;22,088
11,577;23,1832
11,58;24,1396
11,583;24,9503
11,586;25,6094
11,589;26,1118
11,592;26,4534
11,595;26,6313
11,598;26,6435
11,601;26,4892
11,604;26,1686
11,607;25,683
11,61;25,035
11,613;24,2281
11,616;23,2668
11,619;22,1568
11,622;20,9048
11,625;19,5183
11,628;18,0058
11,631;16,3768
11,634;14,6415
11,637;12,8109
11,64;10,8966
11,643;8,91078
11,646;6,86632
11,649;4,7764
11,652;2,65462
11,655;0,514823
11,658;1,62894
11,661;3,77188
11,664;5,89985
11,667;7,99873
11,67;10,0545
11,673;12,0535
11,676;13,9822
11,679;15,8275
11,682;17,5769
11,685;19,2184
11,688;20,7407
11,691;22,1332
11,694;23,3861
11,697;24,4904
11,7;25,4382
11,703;26,2226
11,706;26,8376
11,709;27,2783
11,712;27,5411
11,715;27,6234
11,718;27,5239
11,721;27,2422
11,724;26,7796
11,727;26,1381
11,73;25,3213
11,733;24,3336
11,736;23,1808
11,739;21,8698
11,742;20,4085
11,745;18,8059
11,748;17,0718
11,751;15,2171
11,754;13,2535
11,757;11,1935
11,76;9,05023
11,763;6,8374
11,766;4,56933
11,769;2,26073
11,772;0,0733411
11,775;2,41761
11,778;4,75663
11,781;7,0843
11,784;9,38518
11,787;11,644
11,79;13,8456
11,793;15,9752
11,796;18,0185
11,799;19,9615
11,802;21,7909
11,805;23,4943
11,808;25,0596
11,811;26,4761
11,814;27,7336
11,817;28,8231
11,82;29,7366
11,823;30,4674
11,826;31,0097
11,829;31,3591
11,832;31,5125
11,835;31,4678
11,838;31,2245
11,841;30,7832
11,844;30,1461
11,847;29,3163
11,85;28,2984
11,853;27,0984
11,856;25,7233
11,859;24,1814
11,862;22,482
11,865;20,6357
11,868;18,654
11,871;16,5494
11,874;14,3351
11,877;12,0252
11,88;9,63469
11,883;7,17883
11,886;4,67355
11,889;2,13518
11,892;0,419692
11,895;2,97428
11,898;5,52105
11,901;8,04316
11,904;10,5238
11,907;12,9466
11,91;15,295
11,913;17,5534
11,916;19,7064
11,919;21,7393
11,922;23,6381
11,925;25,3897
11,928;26,9819
11,931;28,4034
11,934;29,644
11,937;30,6947
11,94;31,5477
11,943;32,1966
11,946;32,6359
11,949;32,862
11,952;32,8722
11,955;32,6657
11,958;32,2426
11,961;31,6049
11,964;30,7557
11,967;29,6996
11,97;28,4428
11,973;26,9925
11,976;25,3575
11,979;23,5476
11,982;21,5741
11,985;19,4491
11,988;17,1861
11,991;14,7993
11,994;12,3039
11,997;9,71594
12;7,05197
