0,003;0
0,006;6,36396e-05
0,009;0,000190792
0,012;0,000380947
0,015;0,000633217
0,018;0,000946336
0,021;0,00131867
0,024;0,00174822
0,027;0,00223264
0,03;0,00276924
0,033;0,00335501
0,036;0,00398663
0,039;0,0046605
0,042;0,00537275
0,045;0,00611924
0,048;0,00689564
0,051;0,00769742
0,054;0,00851986
0,057;0,0093581
0,06;0,0102072
0,063;0,0110621
0,066;0,0119177
0,069;0,0127688
0,072;0,0136103
0,075;0,0144372
0,078;0,0152445
0,081;0,0160271
0,084;0,0167803
0,087;0,0174995
0,09;0,0181803
0,093;0,0188183
0,096;0,0194096
0,099;0,0199504
0,102;0,0204373
0,105;0,0208672
0,108;0,0212373
0,111;0,021545
0,114;0,0217884
0,117;0,0219656
0,12;0,0220754
0,123;0,0221168
0,126;0,0220893
0,129;0,0219929
0,132;0,0218277
0,135;0,0215945
0,138;0,0212945
0,141;0,0209291
0,144;0,0205003
0,147;0,0200105
0,15;0,0194623
0,153;0,0188587
0,156;0,0182033
0,159;0,0174996
0,162;0,0167517
0,165;0,015964
0,168;0,015141
0,171;0,0142875
0,174;0,0134085
0,177;0,0125092
0,18;0,0115948
0,183;0,0106709
0,186;0,00974288
0,189;0,00881634
0,192;0,00789683
0,195;0,0069899
0,198;0,00610105
0,201;0,00523567
0,204;0,00439906
0,207;0,00359635
0,21;0,00283249
0,213;0,00211221
0,216;0,00144002
0,219;0,000820147
0,222;0,000256508
0,225;0,000247284
0,228;0,000687968
0,231;0,00106265
0,234;0,00136881
0,237;0,00160434
0,24;0,00176756
0,243;0,00185717
0,246;0,00187237
0,249;0,00181275
0,252;0,00167838
0,255;0,00146976
0,258;0,00118785
0,261;0,000834039
0,264;0,000410172
0,267;8,14899e-05
0,27;0,000638269
0,273;0,00125709
0,276;0,00193448
0,279;0,00266661
0,282;0,00344931
0,285;0,00427808
0,288;0,00514814
0,291;0,00605443
0,294;0,00699166
0,297;0,00795433
0,3;0,00893676
0,303;0,00993315
0,306;0,0109376
0,309;0,011944
0,312;0,0129464
0,315;0,0139388
0,318;0,0149152
0,321;0,0158697
0,324;0,0167964
0,327;0,0176896
0,33;0,0185439
0,333;0,019354
0,336;0,0201149
0,339;0,0208218
0,342;0,0214702
0,345;0,022056
0,348;0,0225755
0,351;0,0230252
0,354;0,0234022
0,357;0,023704
0,36;0,0239283
0,363;0,0240737
0,366;0,0241388
0,369;0,024123
0,372;0,024026
0,375;0,0238481
0,378;0,0235901
0,381;0,0232531
0,384;0,0228389
0,387;0,0223496
0,39;0,021788
0,393;0,021157
0,396;0,0204601
0,399;0,0197014
0,402;0,0188851
0,405;0,0180158
0,408;0,0170986
0,411;0,0161388
0,414;0,0151419
0,417;0,0141138
0,42;0,0130606
0,423;0,0119885
0,426;0,0109037
0,429;0,00981287
0,432;0,00872241
0,435;0,0076389
0,438;0,00656886
0,441;0,00551877
0,444;0,004495
0,447;0,0035038
0,45;0,00255126
0,453;0,00164324
0,456;0,000785372
0,459;1,70032e-05
0,462;0,000758847
0,465;0,00143546
0,468;0,00204254
0,471;0,00257614
0,474;0,00303279
0,477;0,00340942
0,48;0,00370346
0,483;0,00391282
0,486;0,00403591
0,489;0,00407162
0,492;0,00401941
0,495;0,00387924
0,498;0,00365159
0,501;0,00333748
0,504;0,00293845
0,507;0,00245656
0,51;0,00189436
0,513;0,0012549
0,516;0,000541714
0,519;0,000241213
0,522;0,00108946
0,525;0,00199821
0,528;0,00296224
0,531;0,003976
0,534;0,00503359
0,537;0,00612885
0,54;0,00725536
0,543;0,00840648
0,546;0,00957541
0,549;0,0107552
0,552;0,0119388
0,555;0,0131192
0,558;0,0142892
0,561;0,0154418
0,564;0,01657
0,567;0,0176669
0,57;0,0187258
0,573;0,0197403
0,576;0,020704
0,579;0,021611
0,582;0,0224556
0,585;0,0232325
0,588;0,0239367
0,591;0,0245638
0,594;0,0251096
0,597;0,0255706
0,6;0,0259437
0,603;0,0262262
0,606;0,0264162
0,609;0,026512
0,612;0,0265128
0,615;0,0264181
0,618;0,0262283
0,621;0,0259439
0,624;0,0255663
0,627;0,0250975
0,63;0,0245399
0,633;0,0238965
0,636;0,0231707
0,639;0,0223666
0,642;0,0214888
0,645;0,0205421
0,648;0,0195321
0,651;0,0184645
0,654;0,0173454
0,657;0,0161815
0,66;0,0149794
0,663;0,0137463
0,666;0,0124894
0,669;0,0112162
0,672;0,00993425
0,675;0,00865121
0,678;0,00737476
0,681;0,00611259
0,684;0,00487235
0,687;0,00366154
0,69;0,00248757
0,693;0,00135761
0,696;0,000278624
0,699;0,000742708
0,702;0,00170003
0,705;0,00258734
0,708;0,00339904
0,711;0,00412995
0,714;0,00477536
0,717;0,00533106
0,72;0,00579336
0,723;0,00615911
0,726;0,00642573
0,729;0,00659122
0,732;0,00665419
0,735;0,00661384
0,738;0,00647001
0,741;0,00622314
0,744;0,00587431
0,747;0,0054252
0,75;0,0048781
0,753;0,0042359
0,756;0,00350208
0,759;0,00268068
0,762;0,00177626
0,765;0,000793927
0,768;0,000260737
0,771;0,0013817
0,774;0,00256249
0,777;0,00379627
0,78;0,00507584
0,783;0,00639372
0,786;0,00774215
0,789;0,00911316
0,792;0,0104986
0,795;0,0118903
0,798;0,0132798
0,801;0,0146588
0,804;0,016019
0,807;0,0173522
0,81;0,0186503
0,813;0,0199053
0,816;0,0211095
0,819;0,0222555
0,822;0,0233362
0,825;0,0243448
0,828;0,0252751
0,831;0,0261211
0,834;0,0268773
0,837;0,027539
0,84;0,0281017
0,843;0,0285617
0,846;0,0289158
0,849;0,0291615
0,852;0,0292968
0,855;0,0293205
0,858;0,029232
0,861;0,0290315
0,864;0,0287195
0,867;0,0282977
0,87;0,027768
0,873;0,0271332
0,876;0,0263967
0,879;0,0255626
0,882;0,0246354
0,885;0,0236202
0,888;0,022523
0,891;0,0213498
0,894;0,0201076
0,897;0,0188033
0,9;0,0174446
0,903;0,0160395
0,906;0,0145961
0,909;0,0131231
0,912;0,011629
0,915;0,0101229
0,918;0,00861359
0,921;0,00711023
0,924;0,00562184
0,927;0,0041574
0,93;0,00272579
0,933;0,00133575
0,936;4,23141e-06
0,939;0,00128591
0,942;0,00250135
0,945;0,00364301
0,948;0,00470374
0,951;0,00567685
0,954;0,00655616
0,957;0,007336
0,96;0,0080113
0,963;0,0085776
0,966;0,00903106
0,969;0,00936851
0,972;0,00958746
0,975;0,00968612
0,978;0,00966342
0,981;0,009519
0,984;0,00925326
0,987;0,00886729
0,99;0,00836293
0,993;0,00774275
0,996;0,00700998
0,999;0,00616858
1,002;0,00522317
1,005;0,004179
1,008;0,00304193
1,011;0,00181843
1,014;0,000515481
1,017;0,000859411
1,02;0,00229829
1,023;0,00379277
1,026;0,00533411
1,029;0,00691325
1,032;0,00852087
1,035;0,0101474
1,038;0,0117833
1,041;0,0134186
1,044;0,0150435
1,047;0,0166484
1,05;0,0182234
1,053;0,019759
1,056;0,0212459
1,059;0,0226749
1,062;0,0240371
1,065;0,0253243
1,068;0,0265282
1,071;0,0276415
1,074;0,028657
1,077;0,0295683
1,08;0,0303694
1,083;0,0310552
1,086;0,031621
1,089;0,032063
1,092;0,032378
1,095;0,0325637
1,098;0,0326184
1,101;0,0325412
1,104;0,032332
1,107;0,0319918
1,11;0,0315218
1,113;0,0309244
1,116;0,0302028
1,119;0,0293607
1,122;0,0284027
1,125;0,0273341
1,128;0,0261609
1,131;0,0248896
1,134;0,0235276
1,137;0,0220825
1,14;0,0205629
1,143;0,0189774
1,146;0,0173354
1,149;0,0156464
1,152;0,0139204
1,155;0,0121677
1,158;0,0103985
1,161;0,00862358
1,164;0,00685341
1,167;0,00509868
1,17;0,00336998
1,173;0,00167779
1,176;3,23983e-05
1,179;0,00155613
1,182;0,00307803
1,185;0,00452392
1,188;0,0058848
1,191;0,00715218
1,194;0,00831808
1,197;0,00937509
1,2;0,0103164
1,203;0,011136
1,206;0,0118284
1,209;0,012389
1,212;0,0128138
1,215;0,0130998
1,218;0,0132447
1,221;0,0132471
1,224;0,0131064
1,227;0,0128228
1,23;0,0123975
1,233;0,0118325
1,236;0,0111306
1,239;0,0102955
1,242;0,00933158
1,245;0,00824421
1,248;0,00703939
1,251;0,00572387
1,254;0,0043051
1,257;0,00279119
1,26;0,00119084
1,263;0,000486703
1,266;0,00223167
1,269;0,00403387
1,272;0,00588271
1,275;0,0077673
1,278;0,00967645
1,281;0,0115988
1,284;0,0135229
1,287;0,0154372
1,29;0,0173302
1,293;0,0191904
1,296;0,0210066
1,299;0,0227676
1,302;0,0244627
1,305;0,0260814
1,308;0,0276138
1,311;0,0290502
1,314;0,0303818
1,317;0,0316
1,32;0,0326971
1,323;0,0336661
1,326;0,0345006
1,329;0,035195
1,332;0,0357447
1,335;0,0361458
1,338;0,0363952
1,341;0,036491
1,344;0,0364317
1,347;0,0362173
1,35;0,0358484
1,353;0,0353266
1,356;0,0346543
1,359;0,0338351
1,362;0,0328732
1,365;0,0317739
1,368;0,0305432
1,371;0,0291879
1,374;0,0277157
1,377;0,026135
1,38;0,0244548
1,383;0,0226848
1,386;0,0208352
1,389;0,0189168
1,392;0,016941
1,395;0,0149192
1,398;0,0128634
1,401;0,0107859
1,404;0,00869901
1,407;0,00661521
1,41;0,00454702
1,413;0,00250691
1,416;0,000507249
1,419;0,00143982
1,422;0,0033224
1,425;0,00512893
1,428;0,00684828
1,431;0,00846977
1,434;0,0099833
1,437;0,0113793
1,44;0,012649
1,443;0,0137843
1,446;0,0147777
1,449;0,0156229
1,452;0,016314
1,455;0,0168463
1,458;0,0172161
1,461;0,0174204
1,464;0,0174574
1,467;0,0173261
1,47;0,0170267
1,473;0,0165603
1,476;0,0159291
1,479;0,0151361
1,482;0,0141855
1,485;0,0130823
1,488;0,0118326
1,491;0,0104432
1,494;0,00892202
1,497;0,00727755
1,5;0,0055192
1,503;0,00365706
1,506;0,00170189
1,509;0,000334952
1,512;0,00244157
1,515;0,00460561
1,518;0,0068143
1,521;0,00905459
1,524;0,0113132
1,527;0,0135765
1,53;0,0158311
1,533;0,0180634
1,536;0,0202598
1,539;0,0224071
1,542;0,0244922
1,545;0,0265023
1,548;0,0284251
1,551;0,0302487
1,554;0,0319617
1,557;0,0335535
1,56;0,0350139
1,563;0,0363337
1,566;0,0375044
1,569;0,0385185
1,572;0,0393691
1,575;0,0400505
1,578;0,040558
1,581;0,0408879
1,584;0,0410373
1,587;0,0410048
1,59;0,0407898
1,593;0,0403928
1,596;0,0398155
1,599;0,0390606
1,602;0,038132
1,605;0,0370345
1,608;0,035774
1,611;0,0343576
1,614;0,0327929
1,617;0,0310889
1,62;0,0292551
1,623;0,0273022
1,626;0,0252412
1,629;0,0230842
1,632;0,0208437
1,635;0,0185328
1,638;0,0161651
1,641;0,0137546
1,644;0,0113156
1,647;0,00886253
1,65;0,00641014
1,653;0,00397311
1,656;0,00156614
1,659;0,000796217
1,662;0,00309961
1,665;0,00532997
1,668;0,00747364
1,671;0,0095174
1,674;0,0114486
1,677;0,0132552
1,68;0,0149258
1,683;0,01645
1,686;0,0178178
1,689;0,0190207
1,692;0,0200505
1,695;0,0209006
1,698;0,0215649
1,701;0,022039
1,704;0,022319
1,707;0,0224026
1,71;0,0222885
1,713;0,0219766
1,716;0,0214679
1,719;0,0207647
1,722;0,0198705
1,725;0,0187899
1,728;0,0175285
1,731;0,0160933
1,734;0,0144922
1,737;0,012734
1,74;0,0108288
1,743;0,00878738
1,746;0,0066214
1,749;0,00434338
1,752;0,00196656
1,755;0,000495211
1,758;0,0030275
1,761;0,00561539
1,764;0,00824358
1,767;0,0108965
1,77;0,0135582
1,773;0,0162129
1,776;0,0188446
1,779;0,0214373
1,782;0,0239755
1,785;0,0264436
1,788;0,0288265
1,791;0,0311097
1,794;0,033279
1,797;0,0353209
1,8;0,0372227
1,803;0,0389724
1,806;0,0405589
1,809;0,041972
1,812;0,0432026
1,815;0,0442426
1,818;0,0450849
1,821;0,0457237
1,824;0,0461543
1,827;0,0463734
1,83;0,0463788
1,833;0,0461695
1,836;0,045746
1,839;0,04511
1,842;0,0442645
1,845;0,0432136
1,848;0,0419629
1,851;0,040519
1,854;0,0388898
1,857;0,0370845
1,86;0,0351131
1,863;0,0329867
1,866;0,0307176
1,869;0,0283187
1,872;0,0258039
1,875;0,0231879
1,878;0,020486
1,881;0,0177139
1,884;0,0148882
1,887;0,0120254
1,89;0,0091427
1,893;0,00625723
1,896;0,00338632
1,899;0,00054724
1,902;0,00224284
1,905;0,00496698
1,908;0,00760857
1,911;0,0101514
1,914;0,0125799
1,917;0,014879
1,92;0,0170344
1,923;0,0190325
1,926;0,0208609
1,929;0,0225077
1,932;0,0239624
1,935;0,0252155
1,938;0,0262587
1,941;0,0270849
1,944;0,0276882
1,947;0,0280642
1,95;0,0282097
1,953;0,0281228
1,956;0,0278032
1,959;0,0272519
1,962;0,0264712
1,965;0,025465
1,968;0,0242383
1,971;0,0227976
1,974;0,0211507
1,977;0,0193067
1,98;0,0172758
1,983;0,0150695
1,986;0,0127003
1,989;0,0101819
1,992;0,00752857
1,995;0,00475585
1,998;0,00187987
2,001;0,00108253
2,004;0,00411393
2,007;0,0071964
2,01;0,0103117
2,013;0,0134412
2,016;0,0165662
2,019;0,0196679
2,022;0,0227277
2,025;0,025727
2,028;0,0286476
2,031;0,0314716
2,034;0,0341818
2,037;0,0367613
2,04;0,0391942
2,043;0,0414653
2,046;0,0435603
2,049;0,045466
2,052;0,0471702
2,055;0,0486618
2,058;0,049931
2,061;0,0509694
2,064;0,0517697
2,067;0,0523263
2,07;0,0526348
2,073;0,0526923
2,076;0,0524975
2,079;0,0520507
2,082;0,0513534
2,085;0,0504088
2,088;0,0492216
2,091;0,047798
2,094;0,0461455
2,097;0,0442732
2,1;0,0421914
2,103;0,0399118
2,106;0,0374472
2,109;0,0348117
2,112;0,0320204
2,115;0,0290895
2,118;0,026036
2,121;0,0228777
2,124;0,0196331
2,127;0,0163214
2,13;0,0129621
2,133;0,00957533
2,136;0,00618115
2,139;0,00279994
2,142;0,000547943
2,145;0,0038423
2,148;0,00706313
2,151;0,0101908
2,154;0,0132063
2,157;0,0160909
2,16;0,0188268
2,163;0,0213971
2,166;0,0237857
2,169;0,0259775
2,172;0,0279585
2,175;0,0297161
2,178;0,0312387
2,181;0,0325164
2,184;0,0335405
2,187;0,0343037
2,19;0,0348006
2,193;0,035027
2,196;0,0349805
2,199;0,0346603
2,202;0,0340672
2,205;0,0332037
2,208;0,0320739
2,211;0,0306834
2,214;0,0290397
2,217;0,0271515
2,22;0,0250293
2,223;0,0226847
2,226;0,020131
2,229;0,0173826
2,232;0,0144554
2,235;0,011366
2,238;0,00813244
2,241;0,00477353
2,244;0,00130889
2,247;0,0022411
2,25;0,00585548
2,253;0,00951282
2,256;0,0131914
2,259;0,0168691
2,262;0,020524
2,265;0,024134
2,268;0,0276772
2,271;0,0311323
2,274;0,0344779
2,277;0,0376938
2,28;0,04076
2,283;0,0436575
2,286;0,0463683
2,289;0,0488754
2,292;0,0511629
2,295;0,0532162
2,298;0,055022
2,301;0,0565686
2,304;0,0578456
2,307;0,0588443
2,31;0,0595576
2,313;0,05998
2,316;0,0601078
2,319;0,0599392
2,322;0,0594739
2,325;0,0587135
2,328;0,0576614
2,331;0,0563228
2,334;0,0547046
2,337;0,0528153
2,34;0,0506651
2,343;0,0482661
2,346;0,0456314
2,349;0,0427761
2,352;0,0397164
2,355;0,0364697
2,358;0,0330549
2,361;0,0294917
2,364;0,025801
2,367;0,0220043
2,37;0,0181241
2,373;0,0141832
2,376;0,0102052
2,379;0,00621358
2,382;0,00223239
2,385;0,00171449
2,388;0,00560322
2,391;0,00941025
2,394;0,0131124
2,397;0,0166871
2,4;0,0201122
2,403;0,0233668
2,406;0,0264306
2,409;0,0292844
2,412;0,0319102
2,415;0,0342915
2,418;0,0364129
2,421;0,0382606
2,424;0,0398226
2,427;0,0410882
2,43;0,0420487
2,433;0,0426971
2,436;0,0430283
2,439;0,043039
2,442;0,0427279
2,445;0,0420956
2,448;0,0411444
2,451;0,039879
2,454;0,0383056
2,457;0,0364325
2,46;0,0342696
2,463;0,0318288
2,466;0,0291236
2,469;0,0261692
2,472;0,0229824
2,475;0,0195812
2,478;0,0159854
2,481;0,0122156
2,484;0,00829376
2,487;0,00424286
2,49;8,66573e-05
2,493;0,00415033
2,496;0,008443
2,499;0,0127658
2,502;0,017093
2,505;0,0213985
2,508;0,0256565
2,511;0,0298413
2,514;0,0339274
2,517;0,0378899
2,52;0,0417045
2,523;0,0453479
2,526;0,0487973
2,529;0,0520314
2,532;0,0550299
2,535;0,0577739
2,538;0,0602458
2,541;0,0624297
2,544;0,0643115
2,547;0,0658786
2,55;0,0671203
2,553;0,0680279
2,556;0,0685945
2,559;0,0688156
2,562;0,0686882
2,565;0,0682119
2,568;0,067388
2,571;0,0662201
2,574;0,0647139
2,577;0,062877
2,58;0,0607192
2,583;0,058252
2,586;0,0554891
2,589;0,0524459
2,592;0,0491394
2,595;0,0455885
2,598;0,0418136
2,601;0,0378363
2,604;0,0336796
2,607;0,029368
2,61;0,0249265
2,613;0,0203813
2,616;0,0157593
2,619;0,0110879
2,622;0,00639495
2,625;0,00170847
2,628;0,00294337
2,631;0,00753251
2,634;0,0120312
2,637;0,016412
2,64;0,0206483
2,643;0,0247139
2,646;0,0285839
2,649;0,0322342
2,652;0,0356421
2,655;0,0387862
2,658;0,0416464
2,661;0,0442046
2,664;0,0464441
2,667;0,0483503
2,67;0,0499104
2,673;0,0511136
2,676;0,0519513
2,679;0,052417
2,682;0,0525065
2,685;0,0522176
2,688;0,0515506
2,691;0,050508
2,694;0,0490945
2,697;0,0473172
2,7;0,0451852
2,703;0,04271
2,706;0,0399049
2,709;0,0367856
2,712;0,0333694
2,715;0,0296757
2,718;0,0257256
2,721;0,0215416
2,724;0,017148
2,727;0,0125703
2,73;0,00783529
2,733;0,00297065
2,736;0,00199492
2,739;0,00703202
2,742;0,0121107
2,745;0,0172007
2,748;0,0222715
2,751;0,0272926
2,754;0,0322336
2,757;0,0370647
2,76;0,0417563
2,763;0,0462798
2,766;0,0506073
2,769;0,0547122
2,772;0,0585688
2,775;0,0621531
2,778;0,0654424
2,781;0,0684159
2,784;0,0710545
2,787;0,0733409
2,79;0,07526
2,793;0,0767989
2,796;0,0779468
2,799;0,0786952
2,802;0,0790381
2,805;0,0789718
2,808;0,0784951
2,811;0,0776091
2,814;0,0763175
2,817;0,0746265
2,82;0,0725446
2,823;0,0700828
2,826;0,0672542
2,829;0,0640745
2,832;0,0605612
2,835;0,0567342
2,838;0,0526151
2,841;0,0482274
2,844;0,0435965
2,847;0,0387491
2,85;0,0337135
2,853;0,0285191
2,856;0,0231964
2,859;0,0177769
2,862;0,0122927
2,865;0,00677647
2,868;0,00126113
2,871;0,00422019
2,874;0,00963448
2,877;0,014949
2,88;0,0201314
2,883;0,0251501
2,886;0,0299744
2,889;0,0345744
2,892;0,0389218
2,895;0,0429894
2,898;0,0467517
2,901;0,0501849
2,904;0,0532671
2,907;0,0559784
2,91;0,058301
2,913;0,0602194
2,916;0,0617206
2,919;0,0627938
2,922;0,0634309
2,925;0,0636263
2,928;0,0633771
2,931;0,062683
2,934;0,0615464
2,937;0,0599723
2,94;0,0579685
2,943;0,0555452
2,946;0,0527153
2,949;0,0494941
2,952;0,0458994
2,955;0,0419514
2,958;0,0376722
2,961;0,0330862
2,964;0,0282197
2,967;0,0231007
2,97;0,0177591
2,973;0,0122259
2,976;0,00653357
2,979;0,000715633
2,982;0,00519351
2,985;0,0111588
2,988;0,0171446
2,991;0,0231151
2,994;0,0290345
2,997;0,0348669
3;0,0405772
3,003;0,0461304
3,006;0,0514927
3,009;0,0566312
3,012;0,061514
3,015;0,066111
3,018;0,0703933
3,021;0,074334
3,024;0,0779081
3,027;0,0810927
3,03;0,0838672
3,033;0,0862131
3,036;0,0881148
3,039;0,0895591
3,042;0,0905354
3,045;0,0910361
3,048;0,0910561
3,051;0,0905936
3,054;0,0896493
3,057;0,088227
3,06;0,0863332
3,063;0,0839775
3,066;0,0811722
3,069;0,0779322
3,072;0,0742754
3,075;0,0702219
3,078;0,0657945
3,081;0,0610182
3,084;0,0559204
3,087;0,0505303
3,09;0,0448791
3,093;0,0389997
3,096;0,0329263
3,099;0,0266948
3,102;0,0203418
3,105;0,013905
3,108;0,00742269
3,111;0,000933526
3,114;0,00552356
3,117;0,0119097
3,12;0,0181863
3,123;0,0243152
3,126;0,0302591
3,129;0,0359816
3,132;0,0414475
3,135;0,0466229
3,138;0,0514756
3,141;0,0559752
3,144;0,0600934
3,147;0,0638038
3,15;0,0670826
3,153;0,0699084
3,156;0,0722624
3,159;0,0741285
3,162;0,0754938
3,165;0,0763479
3,168;0,0766837
3,171;0,0764971
3,174;0,0757871
3,177;0,0745559
3,18;0,0728089
3,183;0,0705543
3,186;0,0678038
3,189;0,0645718
3,192;0,0608758
3,195;0,0567361
3,198;0,0521758
3,201;0,0472206
3,204;0,0418986
3,207;0,0362402
3,21;0,0302782
3,213;0,024047
3,216;0,0175829
3,219;0,0109239
3,222;0,00410901
3,225;0,00282141
3,228;0,00982626
3,231;0,0168638
3,234;0,023892
3,237;0,0308685
3,24;0,0377514
3,243;0,044499
3,246;0,0510702
3,249;0,0574249
3,252;0,0635241
3,255;0,0693302
3,258;0,0748071
3,261;0,0799208
3,264;0,0846391
3,267;0,088932
3,27;0,0927722
3,273;0,0961347
3,276;0,0989975
3,279;0,101341
3,282;0,10315
3,285;0,104411
3,288;0,105114
3,291;0,105253
3,294;0,104824
3,297;0,103829
3,3;0,10227
3,303;0,100155
3,306;0,0974943
3,309;0,0943015
3,312;0,0905938
3,315;0,0863914
3,318;0,0817174
3,321;0,076598
3,324;0,0710623
3,327;0,0651416
3,33;0,0588701
3,333;0,0522839
3,336;0,0454213
3,339;0,0383223
3,342;0,0310287
3,345;0,0235833
3,348;0,0160303
3,351;0,00841459
3,354;0,000781532
3,357;0,00682311
3,36;0,0143536
3,363;0,0217644
3,366;0,0290107
3,369;0,0360482
3,372;0,042834
3,375;0,0493262
3,378;0,0554849
3,381;0,0612716
3,384;0,0666502
3,387;0,0715867
3,39;0,0760499
3,393;0,080011
3,396;0,0834442
3,399;0,0863268
3,402;0,0886394
3,405;0,0903657
3,408;0,0914931
3,411;0,0920124
3,414;0,0919181
3,417;0,0912083
3,42;0,0898847
3,423;0,0879529
3,426;0,085422
3,429;0,0823048
3,432;0,0786177
3,435;0,0743805
3,438;0,0696164
3,441;0,0643519
3,444;0,0586166
3,447;0,052443
3,45;0,0458664
3,453;0,0389247
3,456;0,0316581
3,459;0,0241087
3,462;0,0163209
3,465;0,00834039
3,468;0,00021426
3,471;0,0080093
3,474;0,0162813
3,477;0,0245524
3,48;0,0327729
3,483;0,0408933
3,486;0,0488644
3,489;0,0566379
3,492;0,0641663
3,495;0,0714034
3,498;0,0783047
3,501;0,0848274
3,504;0,0909309
3,507;0,0965769
3,51;0,10173
3,513;0,106356
3,516;0,110427
3,519;0,113915
3,522;0,116797
3,525;0,119053
3,528;0,120668
3,531;0,121629
3,534;0,121928
3,537;0,121559
3,54;0,120524
3,543;0,118825
3,546;0,11647
3,549;0,11347
3,552;0,109841
3,555;0,105603
3,558;0,100777
3,561;0,0953909
3,564;0,0894746
3,567;0,0830615
3,57;0,0761879
3,573;0,0688934
3,576;0,06122
3,579;0,0532122
3,582;0,0449167
3,585;0,0363822
3,588;0,0276589
3,591;0,0187984
3,594;0,00985328
3,597;0,00087692
3,6;0,00807697
3,603;0,0169546
3,606;0,0257023
3,609;0,0342672
3,612;0,0425971
3,615;0,0506411
3,618;0,0583498
3,621;0,0656756
3,624;0,0725729
3,627;0,0789989
3,63;0,0849128
3,633;0,0902773
3,636;0,095058
3,639;0,0992238
3,642;0,102747
3,645;0,105605
3,648;0,107776
3,651;0,109246
3,654;0,110003
3,657;0,110039
3,66;0,109352
3,663;0,107942
3,666;0,105815
3,669;0,102981
3,672;0,0994536
3,675;0,0952522
3,678;0,0903989
3,681;0,0849201
3,684;0,0788462
3,687;0,0722113
3,69;0,065053
3,693;0,0574121
3,696;0,0493325
3,699;0,0408609
3,702;0,0320467
3,705;0,0229413
3,708;0,0135982
3,711;0,00407245
3,714;0,00557945
3,717;0,0153001
3,72;0,0250315
3,723;0,0347153
3,726;0,0442931
3,729;0,0537072
3,732;0,0629003
3,735;0,0718164
3,738;0,0804009
3,741;0,088601
3,744;0,0963659
3,747;0,103647
3,75;0,1104
3,753;0,11658
3,756;0,12215
3,759;0,127072
3,762;0,131315
3,765;0,134852
3,768;0,137656
3,771;0,13971
3,774;0,140997
3,777;0,141507
3,78;0,141234
3,783;0,140176
3,786;0,138336
3,789;0,135722
3,792;0,132348
3,795;0,128229
3,798;0,123388
3,801;0,117851
3,804;0,111649
3,807;0,104815
3,81;0,0973892
3,813;0,0894126
3,816;0,0809313
3,819;0,0719941
3,822;0,0626529
3,825;0,052962
3,828;0,0429782
3,831;0,0327603
3,834;0,0223685
3,837;0,0118646
3,84;0,00131116
3,843;0,00922873
3,846;0,0196918
3,849;0,0300149
3,852;0,0401355
3,855;0,0499922
3,858;0,0595248
3,861;0,0686746
3,864;0,0773854
3,867;0,0856031
3,87;0,0932764
3,873;0,100357
3,876;0,1068
3,879;0,112565
3,882;0,117613
3,885;0,121913
3,888;0,125434
3,891;0,128154
3,894;0,130051
3,897;0,131113
3,9;0,131328
3,903;0,130693
3,906;0,129207
3,909;0,126876
3,912;0,123711
3,915;0,119728
3,918;0,114946
3,921;0,109393
3,924;0,103097
3,927;0,0960932
3,93;0,0884216
3,933;0,0801251
3,936;0,071251
3,939;0,0618503
3,942;0,0519772
3,945;0,0416892
3,948;0,0310462
3,951;0,0201107
3,954;0,00894722
3,957;0,00237827
3,96;0,0137984
3,963;0,0252451
3,966;0,0366498
3,969;0,0479438
3,972;0,0590589
3,975;0,0699279
3,978;0,0804843
3,981;0,0906637
3,984;0,100404
3,987;0,109643
3,99;0,118326
3,993;0,126397
3,996;0,133806
3,999;0,140505
4,002;0,146452
4,005;0,151607
4,008;0,155937
4,011;0,159412
4,014;0,162008
4,017;0,163706
4,02;0,164493
4,023;0,164359
4,026;0,163302
4,029;0,161325
4,032;0,158436
4,035;0,154648
4,038;0,14998
4,041;0,144458
4,044;0,138111
4,047;0,130973
4,05;0,123084
4,053;0,114489
4,056;0,105236
4,059;0,0953788
4,062;0,0849732
4,065;0,0740798
4,068;0,062762
4,071;0,051086
4,074;0,0391205
4,077;0,0269359
4,08;0,0146047
4,083;0,00220012
4,086;0,0102036
4,089;0,0225321
4,092;0,0347111
4,095;0,0466669
4,098;0,0583268
4,101;0,0696198
4,104;0,0804766
4,107;0,0908304
4,11;0,100617
4,113;0,109775
4,116;0,118248
4,119;0,125981
4,122;0,132926
4,125;0,139038
4,128;0,144276
4,131;0,148605
4,134;0,151997
4,137;0,154427
4,14;0,155876
4,143;0,156332
4,146;0,155788
4,149;0,154244
4,152;0,151704
4,155;0,148181
4,158;0,143691
4,161;0,138256
4,164;0,131907
4,167;0,124678
4,17;0,116608
4,173;0,107742
4,176;0,0981307
4,179;0,0878285
4,182;0,0768946
4,185;0,0653919
4,188;0,0533871
4,191;0,0409505
4,194;0,0281547
4,197;0,0150752
4,2;0,00178921
4,203;0,0116242
4,206;0,0250852
4,209;0,0385132
4,212;0,0518275
4,215;0,0649476
4,218;0,0777943
4,221;0,0902891
4,224;0,102356
4,227;0,11392
4,23;0,124911
4,233;0,13526
4,236;0,144903
4,239;0,153778
4,242;0,16183
4,245;0,169007
4,248;0,175262
4,251;0,180554
4,254;0,184847
4,257;0,188112
4,26;0,190326
4,263;0,19147
4,266;0,191533
4,269;0,190511
4,272;0,188405
4,275;0,185224
4,278;0,180983
4,281;0,175703
4,284;0,16941
4,287;0,16214
4,29;0,153932
4,293;0,144831
4,296;0,134888
4,299;0,124159
4,302;0,112707
4,305;0,100595
4,308;0,087896
4,311;0,0746821
4,314;0,0610308
4,317;0,0470224
4,32;0,0327394
4,323;0,0182665
4,326;0,00368976
4,329;0,0109038
4,332;0,0254266
4,335;0,0397914
4,338;0,0539112
4,341;0,0677004
4,344;0,0810749
4,347;0,0939528
4,35;0,106255
4,353;0,117905
4,356;0,128831
4,359;0,138963
4,362;0,148239
4,365;0,156599
4,368;0,163989
4,371;0,170361
4,374;0,175673
4,377;0,179888
4,38;0,182977
4,383;0,184917
4,386;0,185692
4,389;0,185292
4,392;0,183715
4,395;0,180966
4,398;0,177056
4,401;0,172005
4,404;0,165838
4,407;0,158587
4,41;0,150292
4,413;0,140999
4,416;0,130759
4,419;0,11963
4,422;0,107675
4,425;0,0949621
4,428;0,0815652
4,431;0,0675616
4,434;0,0530331
4,437;0,0380646
4,44;0,0227441
4,443;0,00716233
4,446;0,00858841
4,449;0,0244143
4,452;0,0402206
4,455;0,0559124
4,458;0,0713952
4,461;0,0865752
4,464;0,10136
4,467;0,11566
4,47;0,129386
4,473;0,142455
4,476;0,154784
4,479;0,166299
4,482;0,176924
4,485;0,186595
4,488;0,195248
4,491;0,202828
4,494;0,209286
4,497;0,214576
4,5;0,218665
4,503;0,221521
4,506;0,223123
4,509;0,223456
4,512;0,222514
4,515;0,220296
4,518;0,216812
4,521;0,212076
4,524;0,206113
4,527;0,198952
4,53;0,190633
4,533;0,181201
4,536;0,170707
4,539;0,15921
4,542;0,146776
4,545;0,133476
4,548;0,119384
4,551;0,104584
4,554;0,0891609
4,557;0,0732046
4,56;0,0568089
4,563;0,0400704
4,566;0,0230881
4,569;0,00596307
4,572;0,0112026
4,575;0,0283061
4,578;0,0452446
4,581;0,0619157
4,584;0,0782183
4,587;0,0940532
4,59;0,109323
4,593;0,123935
4,596;0,137798
4,599;0,150826
4,602;0,162938
4,605;0,174056
4,608;0,184112
4,611;0,193039
4,614;0,20078
4,617;0,207283
4,62;0,212506
4,623;0,21641
4,626;0,218968
4,629;0,220159
4,632;0,21997
4,635;0,218396
4,638;0,215443
4,641;0,211121
4,644;0,205452
4,647;0,198464
4,65;0,190193
4,653;0,180684
4,656;0,16999
4,659;0,158169
4,662;0,145288
4,665;0,131421
4,668;0,116645
4,671;0,101048
4,674;0,0847175
4,677;0,0677501
4,68;0,0502447
4,683;0,0323041
4,686;0,0140343
4,689;0,00445638
4,692;0,0230579
4,695;0,0416592
4,698;0,0601486
4,701;0,0784146
4,704;0,0963469
4,707;0,113836
4,71;0,130777
4,713;0,147064
4,716;0,162597
4,719;0,17728
4,722;0,191022
4,725;0,203737
4,728;0,215344
4,731;0,225769
4,734;0,234944
4,737;0,24281
4,74;0,249315
4,743;0,254413
4,746;0,258068
4,749;0,260254
4,752;0,26095
4,755;0,260147
4,758;0,257844
4,761;0,254048
4,764;0,248776
4,767;0,242055
4,77;0,233917
4,773;0,224407
4,776;0,213576
4,779;0,201485
4,782;0,188199
4,785;0,173795
4,788;0,158354
4,791;0,141965
4,794;0,124722
4,797;0,106725
4,8;0,08808
4,803;0,0688953
4,806;0,0492841
4,809;0,0293625
4,812;0,00924857
4,815;0,0109376
4,818;0,0310753
4,821;0,0510434
4,824;0,0707215
4,827;0,0899904
4,83;0,108733
4,833;0,126834
4,836;0,144183
4,839;0,160673
4,842;0,176201
4,845;0,19067
4,848;0,203989
4,851;0,216075
4,854;0,226848
4,857;0,23624
4,86;0,244188
4,863;0,250639
4,866;0,255549
4,869;0,258881
4,872;0,26061
4,875;0,260718
4,878;0,259199
4,881;0,256055
4,884;0,251299
4,887;0,244951
4,89;0,237046
4,893;0,227622
4,896;0,216732
4,899;0,204434
4,902;0,190796
4,905;0,175896
4,908;0,159817
4,911;0,142651
4,914;0,124497
4,917;0,10546
4,92;0,0856497
4,923;0,0651831
4,926;0,0441798
4,929;0,0227638
4,932;0,0010619
4,935;0,0207968
4,938;0,0426818
4,941;0,0644619
4,944;0,086006
4,947;0,107184
4,95;0,127867
4,953;0,147929
4,956;0,167248
4,959;0,185704
4,962;0,203183
4,965;0,219577
4,968;0,234782
4,971;0,248703
4,974;0,261252
4,977;0,272346
4,98;0,281915
4,983;0,289894
4,986;0,296229
4,989;0,300876
4,992;0,3038
4,995;0,304976
4,998;0,304391
5,001;0,302041
5,004;0,297933
5,007;0,292084
5,01;0,284523
5,013;0,275288
5,016;0,264429
5,019;0,252003
5,022;0,238079
5,025;0,222734
5,028;0,206055
5,031;0,188137
5,034;0,169082
5,037;0,149
5,04;0,128007
5,043;0,106226
5,046;0,0837838
5,049;0,060813
5,052;0,037449
5,055;0,0138305
5,058;0,00990177
5,061;0,033606
5,064;0,0571397
5,067;0,0803611
5,07;0,10313
5,073;0,125307
5,076;0,146757
5,079;0,167349
5,082;0,186956
5,085;0,205455
5,088;0,222732
5,091;0,238679
5,094;0,253193
5,097;0,266183
5,1;0,277564
5,103;0,287261
5,106;0,29521
5,109;0,301356
5,112;0,305655
5,115;0,308073
5,118;0,308589
5,121;0,307192
5,124;0,303882
5,127;0,298673
5,13;0,291586
5,133;0,282659
5,136;0,271935
5,139;0,259474
5,142;0,245343
5,145;0,229619
5,148;0,212391
5,151;0,193756
5,154;0,17382
5,157;0,152698
5,16;0,130512
5,163;0,107391
5,166;0,0834684
5,169;0,0588861
5,172;0,0337885
5,175;0,0083241
5,178;0,0173557
5,181;0,0430977
5,184;0,0687478
5,187;0,0941516
5,19;0,119156
5,193;0,143609
5,196;0,167361
5,199;0,190268
5,202;0,212189
5,205;0,232988
5,208;0,252536
5,211;0,270711
5,214;0,287397
5,217;0,30249
5,22;0,315891
5,223;0,327515
5,226;0,337284
5,229;0,345131
5,232;0,351003
5,235;0,354856
5,238;0,356659
5,241;0,356393
5,244;0,354051
5,247;0,349639
5,25;0,343175
5,253;0,33469
5,256;0,324226
5,259;0,311839
5,262;0,297595
5,265;0,281572
5,268;0,263859
5,271;0,244556
5,274;0,223772
5,277;0,201625
5,28;0,178244
5,283;0,153764
5,286;0,128327
5,289;0,102082
5,292;0,0751824
5,295;0,0477883
5,298;0,0200615
5,301;0,00783298
5,304;0,0357284
5,307;0,0634573
5,31;0,0908528
5,313;0,117749
5,316;0,143983
5,319;0,169394
5,322;0,193827
5,325;0,217131
5,328;0,239162
5,331;0,259782
5,334;0,278862
5,337;0,296282
5,34;0,31193
5,343;0,325706
5,346;0,337519
5,349;0,34729
5,352;0,354953
5,355;0,360454
5,358;0,36375
5,361;0,364813
5,364;0,363627
5,367;0,360192
5,37;0,354518
5,373;0,346631
5,376;0,336568
5,379;0,324383
5,382;0,310138
5,385;0,293913
5,388;0,275795
5,391;0,255886
5,394;0,234299
5,397;0,211156
5,4;0,18659
5,403;0,160742
5,406;0,133763
5,409;0,10581
5,412;0,0770464
5,415;0,0476419
5,418;0,0177702
5,421;0,0123912
5,424;0,0426625
5,427;0,0728625
5,43;0,10281
5,433;0,132324
5,436;0,161225
5,439;0,189339
5,442;0,216493
5,445;0,242519
5,448;0,267259
5,451;0,290558
5,454;0,31227
5,457;0,332259
5,46;0,350398
5,463;0,36657
5,466;0,380672
5,469;0,39261
5,472;0,402303
5,475;0,409685
5,478;0,414702
5,481;0,417315
5,484;0,417498
5,487;0,41524
5,49;0,410545
5,493;0,403432
5,496;0,393934
5,499;0,382097
5,502;0,367985
5,505;0,351671
5,508;0,333246
5,511;0,312811
5,514;0,290482
5,517;0,266384
5,52;0,240654
5,523;0,213442
5,526;0,184904
5,529;0,155206
5,532;0,124521
5,535;0,0930302
5,538;0,0609188
5,541;0,0283772
5,544;0,00440125
5,547;0,0372207
5,55;0,0698846
5,553;0,102196
5,556;0,13396
5,559;0,164984
5,562;0,195078
5,565;0,224058
5,568;0,251747
5,571;0,277972
5,574;0,30257
5,577;0,325388
5,58;0,346281
5,583;0,365116
5,586;0,381773
5,589;0,396141
5,592;0,408127
5,595;0,417648
5,598;0,424638
5,601;0,429044
5,604;0,43083
5,607;0,429975
5,61;0,426472
5,613;0,420333
5,616;0,411584
5,619;0,400267
5,622;0,386439
5,625;0,370174
5,628;0,351559
5,631;0,330696
5,634;0,307702
5,637;0,282707
5,64;0,255851
5,643;0,22729
5,646;0,197186
5,649;0,165716
5,652;0,133062
5,655;0,0994148
5,658;0,0649732
5,661;0,0299404
5,664;0,0054759
5,667;0,0410646
5,67;0,0766129
5,673;0,111907
5,676;0,146735
5,679;0,180886
5,682;0,214151
5,685;0,246328
5,688;0,27722
5,691;0,306635
5,694;0,334392
5,697;0,360317
5,7;0,384248
5,703;0,406032
5,706;0,425531
5,709;0,442619
5,712;0,457183
5,715;0,469125
5,718;0,478364
5,721;0,484834
5,724;0,488484
5,727;0,489282
5,73;0,487211
5,733;0,482271
5,736;0,474482
5,739;0,463879
5,742;0,450513
5,745;0,434455
5,748;0,415789
5,751;0,394618
5,754;0,371058
5,757;0,345241
5,76;0,317312
5,763;0,287432
5,766;0,255772
5,769;0,222513
5,772;0,187851
5,775;0,151986
5,778;0,115129
5,781;0,0774981
5,784;0,0393151
5,787;0,000807078
5,79;0,0377962
5,793;0,0762634
5,796;0,114363
5,799;0,151866
5,802;0,188543
5,805;0,224173
5,808;0,258536
5,811;0,291422
5,814;0,322627
5,817;0,351958
5,82;0,379231
5,823;0,404273
5,826;0,426927
5,829;0,447046
5,832;0,464499
5,835;0,479172
5,838;0,490965
5,841;0,499795
5,844;0,505599
5,847;0,508328
5,85;0,507955
5,853;0,504469
5,856;0,497878
5,859;0,48821
5,862;0,475511
5,865;0,459844
5,868;0,441292
5,871;0,419954
5,874;0,395947
5,877;0,369405
5,88;0,340477
5,883;0,309327
5,886;0,276132
5,889;0,241084
5,892;0,204386
5,895;0,166251
5,898;0,126903
5,901;0,0865716
5,904;0,0454961
5,907;0,0039198
5,91;0,03791
5,913;0,0797433
5,916;0,121329
5,919;0,162417
5,922;0,202758
5,925;0,242108
5,928;0,280226
5,931;0,316879
5,934;0,351841
5,937;0,384895
5,94;0,415836
5,943;0,444469
5,946;0,470614
5,949;0,494103
5,952;0,514785
5,955;0,532525
5,958;0,547204
5,961;0,558722
5,964;0,566998
5,967;0,571968
5,97;0,573591
5,973;0,571841
5,976;0,566718
5,979;0,558237
5,982;0,546436
5,985;0,531374
5,988;0,513126
5,991;0,49179
5,994;0,467482
5,997;0,440336
6;0,410502
6,003;0,37815
6,006;0,343463
6,009;0,30664
6,012;0,267894
6,015;0,227449
6,018;0,185541
6,021;0,142416
6,024;0,0983273
6,027;0,0535362
6,03;0,00830831
6,033;0,0370867
6,036;0,0823771
6,039;0,127291
6,042;0,171557
6,045;0,214907
6,048;0,257077
6,051;0,29781
6,054;0,336855
6,057;0,373972
6,06;0,40893
6,063;0,44151
6,066;0,471508
6,069;0,498734
6,072;0,523012
6,075;0,544185
6,078;0,562115
6,081;0,57668
6,084;0,587779
6,087;0,595333
6,09;0,599281
6,093;0,599585
6,096;0,59623
6,099;0,58922
6,102;0,578583
6,105;0,564369
6,108;0,546648
6,111;0,525512
6,114;0,501075
6,117;0,47347
6,12;0,442851
6,123;0,409388
6,126;0,373271
6,129;0,334707
6,132;0,293917
6,135;0,251136
6,138;0,206613
6,141;0,16061
6,144;0,113394
6,147;0,0652465
6,15;0,0164508
6,153;0,0327024
6,156;0,0819197
6,159;0,130906
6,162;0,179366
6,165;0,227008
6,168;0,273542
6,171;0,318684
6,174;0,362159
6,177;0,403698
6,18;0,443044
6,183;0,479954
6,186;0,514195
6,189;0,545551
6,192;0,573823
6,195;0,598829
6,198;0,620406
6,201;0,63841
6,204;0,652719
6,207;0,663233
6,21;0,669873
6,213;0,672585
6,216;0,671335
6,219;0,666115
6,222;0,656942
6,225;0,643854
6,228;0,626915
6,231;0,606209
6,234;0,581848
6,237;0,553961
6,24;0,522703
6,243;0,488247
6,246;0,450787
6,249;0,410537
6,252;0,367726
6,255;0,322601
6,258;0,275423
6,261;0,226468
6,264;0,176022
6,267;0,124381
6,27;0,0718518
6,273;0,0187446
6,276;0,0346238
6,279;0,0879344
6,282;0,140867
6,285;0,193102
6,288;0,244324
6,291;0,294222
6,294;0,34249
6,297;0,388832
6,3;0,432964
6,303;0,47461
6,306;0,513512
6,309;0,549424
6,312;0,58212
6,315;0,611391
6,318;0,637046
6,321;0,658918
6,324;0,676861
6,327;0,690751
6,33;0,700488
6,333;0,705997
6,336;0,707229
6,339;0,704158
6,342;0,705272
6,345;0,702096
6,348;0,69463
6,351;0,682903
6,354;0,666968
6,357;0,646904
6,36;0,622815
6,363;0,594828
6,366;0,563098
6,369;0,527798
6,372;0,489126
6,375;0,447301
6,378;0,402562
6,381;0,355164
6,384;0,305383
6,387;0,253506
6,39;0,199837
6,393;0,144691
6,396;0,0883923
6,399;0,0312745
6,402;0,026323
6,405;0,0840566
6,408;0,14158
6,411;0,198549
6,414;0,254617
6,417;0,309445
6,42;0,3627
6,423;0,414056
6,426;0,463196
6,429;0,509817
6,432;0,553629
6,435;0,594358
6,438;0,631748
6,441;0,665561
6,444;0,695579
6,447;0,721607
6,45;0,743473
6,453;0,76103
6,456;0,774154
6,459;0,78275
6,462;0,786747
6,465;0,786103
6,468;0,780804
6,471;0,770862
6,474;0,756319
6,477;0,737243
6,48;0,713732
6,483;0,685907
6,486;0,65392
6,489;0,617945
6,492;0,578181
6,495;0,534854
6,498;0,488207
6,501;0,438508
6,504;0,386043
6,507;0,331116
6,51;0,274046
6,513;0,215167
6,516;0,154825
6,519;0,093376
6,522;0,031185
6,525;0,0313783
6,528;0,09394
6,531;0,156125
6,534;0,217558
6,537;0,277867
6,54;0,336687
6,543;0,393659
6,546;0,448433
6,549;0,500672
6,552;0,550052
6,555;0,596265
6,558;0,639023
6,561;0,678053
6,564;0,713108
6,567;0,74396
6,57;0,778894
6,573;0,817716
6,576;0,860209
6,579;0,906132
6,582;0,955223
6,585;1,0072
6,588;1,06177
6,591;1,1186
6,594;1,17737
6,597;1,23773
6,6;1,29933
6,603;1,36181
6,606;1,42478
6,609;1,48788
6,612;1,55072
6,615;1,61294
6,618;1,67414
6,621;1,73397
6,624;1,79205
6,627;1,84804
6,63;1,90159
6,633;1,95236
6,636;2,00004
6,639;2,04433
6,642;2,08496
6,645;2,12166
6,648;2,15419
6,651;2,18236
6,654;2,20597
6,657;2,22485
6,66;2,23889
6,663;2,24796
6,666;2,25201
6,669;2,25099
6,672;2,24487
6,675;2,23369
6,678;2,21747
6,681;2,19632
6,684;2,17032
6,687;2,13961
6,69;2,10437
6,693;2,06478
6,696;2,02106
6,699;1,97347
6,702;1,92227
6,705;1,86775
6,708;1,81022
6,711;1,75003
6,714;1,68752
6,717;1,62305
6,72;1,55701
6,723;1,48979
6,726;1,42178
6,729;1,35338
6,732;1,28502
6,735;1,21709
6,738;1,15002
6,741;1,08419
6,744;1,02002
6,747;0,95789
6,75;0,898188
6,753;0,84128
6,756;0,787519
6,759;0,737239
6,762;0,690756
6,765;0,648364
6,768;0,601848
6,771;0,551472
6,774;0,497522
6,777;0,440308
6,78;0,380159
6,783;0,317425
6,786;0,252471
6,789;0,18568
6,792;0,117443
6,795;0,0481657
6,798;0,0217418
6,801;0,091862
6,804;0,161775
6,807;0,231061
6,81;0,299301
6,813;0,366082
6,816;0,430998
6,819;0,49365
6,822;0,553655
6,825;0,610642
6,828;0,664256
6,831;0,714163
6,834;0,760049
6,837;0,801621
6,84;0,838613
6,843;0,870786
6,846;0,897925
6,849;0,91985
6,852;0,936407
6,855;0,947475
6,858;0,952966
6,861;0,952825
6,864;0,947031
6,867;0,935594
6,87;0,918562
6,873;0,896014
6,876;0,868063
6,879;0,834856
6,882;0,796571
6,885;0,753416
6,888;0,705632
6,891;0,653487
6,894;0,597276
6,897;0,53732
6,9;0,473964
6,903;0,407574
6,906;0,338537
6,909;0,267257
6,912;0,194151
6,915;0,119651
6,918;0,0441997
6,921;0,0317554
6,924;0,10776
6,927;0,183359
6,93;0,258096
6,933;0,33152
6,936;0,403184
6,939;0,472653
6,942;0,5395
6,945;0,603314
6,948;0,663699
6,951;0,720281
6,954;0,772703
6,957;0,82912
6,96;0,88921
6,963;0,952627
6,966;1,019
6,969;1,08795
6,972;1,15907
6,975;1,23194
6,978;1,30613
6,981;1,38121
6,984;1,45672
6,987;1,53221
6,99;1,60723
6,993;1,68133
6,996;1,75406
6,999;1,82498
7,002;1,89366
7,005;1,95966
7,008;2,0226
7,011;2,08207
7,014;2,13772
7,017;2,18917
7,02;2,23613
7,023;2,27827
7,026;2,31534
7,029;2,34708
7,032;2,37329
7,035;2,39378
7,038;2,40842
7,041;2,41709
7,044;2,41971
7,047;2,41624
7,05;2,40668
7,053;2,39107
7,056;2,36947
7,059;2,34199
7,062;2,30877
7,065;2,26998
7,068;2,22585
7,071;2,1766
7,074;2,12251
7,077;2,0639
7,08;2,00109
7,083;1,93444
7,086;1,86435
7,089;1,7912
7,092;1,71544
7,095;1,63751
7,098;1,55786
7,101;1,47697
7,104;1,39531
7,107;1,31337
7,11;1,23165
7,113;1,15064
7,116;1,07082
7,119;0,992672
7,122;0,91668
7,125;0,843306
7,128;0,773001
7,131;0,706198
7,134;0,643312
7,137;0,576251
7,14;0,5054
7,143;0,43117
7,146;0,353993
7,149;0,274319
7,152;0,192617
7,155;0,109369
7,158;0,025068
7,161;0,0597843
7,164;0,144681
7,167;0,229113
7,17;0,312571
7,173;0,394551
7,176;0,474556
7,179;0,552097
7,182;0,626699
7,185;0,697904
7,188;0,765269
7,191;0,828375
7,194;0,886828
7,197;0,940257
7,2;0,988321
7,203;1,03071
7,206;1,06715
7,209;1,0974
7,212;1,12124
7,215;1,13852
7,218;1,1491
7,221;1,15289
7,224;1,14985
7,227;1,13995
7,23;1,12324
7,233;1,09979
7,236;1,0697
7,239;1,03315
7,242;0,990307
7,245;0,941418
7,248;0,886749
7,251;0,826605
7,254;0,761324
7,257;0,691278
7,26;0,616867
7,263;0,538522
7,266;0,456695
7,269;0,371865
7,272;0,284527
7,275;0,195197
7,278;0,104402
7,281;0,012681
7,284;0,0794194
7,287;0,171348
7,29;0,262553
7,293;0,352483
7,296;0,440595
7,299;0,526351
7,302;0,60923
7,305;0,68872
7,308;0,764333
7,311;0,835598
7,314;0,910557
7,317;0,988774
7,32;1,06979
7,323;1,15314
7,326;1,23832
7,329;1,32483
7,332;1,41217
7,335;1,4998
7,338;1,5872
7,341;1,67385
7,344;1,75923
7,347;1,84282
7,35;1,9241
7,353;2,00259
7,356;2,07779
7,359;2,14926
7,362;2,21653
7,365;2,2792
7,368;2,33686
7,371;2,38915
7,374;2,43574
7,377;2,47633
7,38;2,51064
7,383;2,53844
7,386;2,55955
7,389;2,5738
7,392;2,58109
7,395;2,58135
7,398;2,57454
7,401;2,56068
7,404;2,53982
7,407;2,51206
7,41;2,47753
7,413;2,43643
7,416;2,38896
7,419;2,33539
7,422;2,27602
7,425;2,21118
7,428;2,14123
7,431;2,06657
7,434;1,98764
7,437;1,90489
7,44;1,8188
7,443;1,72987
7,446;1,63863
7,449;1,54562
7,452;1,45138
7,455;1,35648
7,458;1,26148
7,461;1,16695
7,464;1,07347
7,467;0,981593
7,47;0,89188
7,473;0,804879
7,476;0,721122
7,479;0,641126
7,482;0,565384
7,485;0,485883
7,488;0,403085
7,491;0,317474
7,494;0,229552
7,497;0,139837
7,5;0,0488606
7,503;0,0428364
7,506;0,134707
7,509;0,2262
7,512;0,316766
7,515;0,405857
7,518;0,492933
7,521;0,577463
7,524;0,65893
7,527;0,736833
7,53;0,81069
7,533;0,880043
7,536;0,944456
7,539;1,00352
7,542;1,05687
7,545;1,10415
7,548;1,14506
7,551;1,17933
7,554;1,20672
7,557;1,22705
7,56;1,24015
7,563;1,24593
7,566;1,24433
7,569;1,23531
7,572;1,21891
7,575;1,1952
7,578;1,16428
7,581;1,12632
7,584;1,08151
7,587;1,0301
7,59;0,972359
7,593;0,908621
7,596;0,83924
7,599;0,76461
7,602;0,685157
7,605;0,601339
7,608;0,513642
7,611;0,422575
7,614;0,328672
7,617;0,232486
7,62;0,134583
7,623;0,035545
7,626;0,064039
7,629;0,163573
7,632;0,262461
7,635;0,360105
7,638;0,455916
7,641;0,549311
7,644;0,63972
7,647;0,726589
7,65;0,809382
7,653;0,896072
7,656;0,986153
7,659;1,0791
7,662;1,17437
7,665;1,27139
7,668;1,36959
7,671;1,46839
7,674;1,5672
7,677;1,66542
7,68;1,76246
7,683;1,85774
7,686;1,95067
7,689;2,0407
7,692;2,12726
7,695;2,20982
7,698;2,28788
7,701;2,36094
7,704;2,42856
7,707;2,49029
7,71;2,54575
7,713;2,59458
7,716;2,63646
7,719;2,67111
7,722;2,69829
7,725;2,71781
7,728;2,72953
7,731;2,73334
7,734;2,72918
7,737;2,71706
7,74;2,697
7,743;2,66911
7,746;2,63351
7,749;2,59039
7,752;2,53997
7,755;2,48254
7,758;2,4184
7,761;2,34792
7,764;2,27148
7,767;2,18954
7,77;2,10255
7,773;2,01102
7,776;1,91548
7,779;1,81649
7,782;1,71462
7,785;1,61048
7,788;1,50469
7,791;1,39786
7,794;1,29064
7,797;1,18367
7,8;1,07759
7,803;0,97304
7,806;0,870657
7,809;0,771063
7,812;0,674865
7,815;0,582655
7,818;0,486517
7,821;0,387011
7,824;0,284722
7,827;0,180252
7,83;0,0742181
7,833;0,0327485
7,836;0,14001
7,839;0,246924
7,842;0,352848
7,845;0,457143
7,848;0,559175
7,851;0,658324
7,854;0,753983
7,857;0,845564
7,86;0,932503
7,863;1,01426
7,866;1,09032
7,869;1,1602
7,872;1,22347
7,875;1,27971
7,878;1,32857
7,881;1,36971
7,884;1,40286
7,887;1,42779
7,89;1,44432
7,893;1,45231
7,896;1,45168
7,899;1,44241
7,902;1,4245
7,905;1,39804
7,908;1,36315
7,911;1,32001
7,914;1,26883
7,917;1,20991
7,92;1,14355
7,923;1,07013
7,926;0,990053
7,929;0,903783
7,932;0,811809
7,935;0,71466
7,938;0,612898
7,941;0,507116
7,944;0,397931
7,947;0,285985
7,95;0,171939
7,953;0,0564693
7,956;0,0597376
7,959;0,175987
7,962;0,291582
7,965;0,405827
7,968;0,51803
7,971;0,627509
7,974;0,733598
7,977;0,835647
7,98;0,941511
7,983;1,05057
7,986;1,16219
7,989;1,27569
7,992;1,39043
7,995;1,50569
7,998;1,62081
8,001;1,73509
8,004;1,84783
8,007;1,95836
8,01;2,066
8,013;2,1701
8,016;2,27002
8,019;2,36513
8,022;2,45486
8,025;2,53864
8,028;2,61595
8,031;2,68629
8,034;2,74921
8,037;2,80431
8,04;2,85123
8,043;2,88966
8,046;2,91931
8,049;2,94
8,052;2,95155
8,055;2,95385
8,058;2,94687
8,061;2,93059
8,064;2,90509
8,067;2,87048
8,07;2,82693
8,073;2,77466
8,076;2,71396
8,079;2,64516
8,082;2,56863
8,085;2,4848
8,088;2,39415
8,091;2,2972
8,094;2,19449
8,097;2,08663
8,1;1,97424
8,103;1,85798
8,106;1,73852
8,109;1,61658
8,112;1,49288
8,115;1,36814
8,118;1,24311
8,121;1,11855
8,124;0,995203
8,127;0,873811
8,13;0,755112
8,133;0,63983
8,136;0,528669
8,139;0,413827
8,142;0,29598
8,145;0,175822
8,148;0,0540642
8,151;0,0685683
8,154;0,191344
8,157;0,313526
8,16;0,434379
8,163;0,553173
8,166;0,669186
8,169;0,781713
8,172;0,890063
8,175;0,993569
8,178;1,09159
8,181;1,18352
8,184;1,26878
8,187;1,34683
8,19;1,41718
8,193;1,47936
8,196;1,53299
8,199;1,57769
8,202;1,61317
8,205;1,63918
8,208;1,65552
8,211;1,66206
8,214;1,65871
8,217;1,64546
8,22;1,62235
8,223;1,58948
8,226;1,547
8,229;1,49513
8,232;1,43415
8,235;1,36438
8,238;1,28621
8,241;1,20008
8,244;1,10646
8,247;1,0059
8,25;0,898957
8,253;0,786259
8,256;0,668457
8,259;0,546236
8,262;0,420313
8,265;0,291428
8,268;0,160342
8,271;0,0278339
8,274;0,105308
8,277;0,238287
8,28;0,370304
8,283;0,500564
8,286;0,628278
8,289;0,75267
8,292;0,872979
8,295;0,996954
8,298;1,12386
8,301;1,25296
8,304;1,38348
8,307;1,51464
8,31;1,64565
8,313;1,77574
8,316;1,90412
8,319;2,03001
8,322;2,15264
8,325;2,27127
8,328;2,38517
8,331;2,49363
8,334;2,59599
8,337;2,6916
8,34;2,77987
8,343;2,86023
8,346;2,93218
8,349;2,99524
8,352;3,049
8,355;3,09311
8,358;3,12725
8,361;3,15119
8,364;3,16474
8,367;3,16778
8,37;3,16025
8,373;3,14214
8,376;3,11353
8,379;3,07455
8,382;3,02538
8,385;2,96629
8,388;2,89759
8,391;2,81965
8,394;2,73289
8,397;2,63782
8,4;2,53496
8,403;2,4249
8,406;2,30828
8,409;2,18575
8,412;2,05805
8,415;1,92591
8,418;1,7901
8,421;1,65144
8,424;1,51073
8,427;1,36882
8,43;1,22654
8,433;1,08476
8,436;0,944331
8,439;0,806092
8,442;0,670885
8,445;0,539533
8,448;0,404355
8,451;0,266146
8,454;0,125725
8,457;0,0160768
8,46;0,158413
8,463;0,300431
8,466;0,441279
8,469;0,580105
8,472;0,716071
8,475;0,848347
8,478;0,976126
8,481;1,09862
8,484;1,21508
8,487;1,32478
8,49;1,42703
8,493;1,52119
8,496;1,60667
8,499;1,68291
8,502;1,74942
8,505;1,80577
8,508;1,85156
8,511;1,8865
8,514;1,91032
8,517;1,92284
8,52;1,92394
8,523;1,91356
8,526;1,89172
8,529;1,8585
8,532;1,81407
8,535;1,75863
8,538;1,69249
8,541;1,61599
8,544;1,52956
8,547;1,43366
8,55;1,32884
8,553;1,2157
8,556;1,09487
8,559;0,967047
8,562;0,832978
8,565;0,693439
8,568;0,549245
8,571;0,401242
8,574;0,250303
8,577;0,0973222
8,58;0,0567907
8,583;0,211116
8,586;0,364728
8,589;0,516702
8,592;0,666121
8,595;0,812076
8,598;0,95368
8,601;1,09855
8,604;1,24583
8,607;1,39464
8,61;1,54411
8,613;1,69333
8,616;1,8414
8,619;1,98745
8,622;2,13057
8,625;2,26991
8,628;2,4046
8,631;2,53383
8,634;2,65679
8,637;2,77273
8,64;2,88091
8,643;2,98066
8,646;3,07136
8,649;3,1524
8,652;3,22328
8,655;3,28352
8,658;3,33273
8,661;3,37055
8,664;3,39673
8,667;3,41105
8,67;3,41339
8,673;3,40367
8,676;3,38192
8,679;3,34821
8,682;3,3027
8,685;3,24561
8,688;3,17724
8,691;3,09795
8,694;3,00819
8,697;2,90843
8,7;2,79925
8,703;2,68125
8,706;2,55512
8,709;2,42158
8,712;2,28139
8,715;2,13538
8,718;1,98439
8,721;1,82931
8,724;1,67106
8,727;1,51057
8,73;1,34879
8,733;1,1867
8,736;1,02526
8,739;0,86545
8,742;0,708225
8,745;0,554543
8,748;0,405342
8,751;0,253047
8,754;0,0985621
8,757;0,0571961
8,76;0,213298
8,763;0,368808
8,766;0,522791
8,769;0,674316
8,772;0,822466
8,775;0,966337
8,778;1,10505
8,781;1,23775
8,784;1,36362
8,787;1,48187
8,79;1,59177
8,793;1,69262
8,796;1,78378
8,799;1,86467
8,802;1,93476
8,805;1,99358
8,808;2,04074
8,811;2,07591
8,814;2,09883
8,817;2,10931
8,82;2,10724
8,823;2,09258
8,826;2,06537
8,829;2,02572
8,832;1,97383
8,835;1,90995
8,838;1,83441
8,841;1,74763
8,844;1,65008
8,847;1,54231
8,85;1,42491
8,853;1,29856
8,856;1,16397
8,859;1,02193
8,862;0,873247
8,865;0,718796
8,868;0,559479
8,871;0,39623
8,874;0,230015
8,877;0,0618189
8,88;0,107357
8,883;0,276503
8,886;0,444602
8,889;0,610642
8,892;0,773619
8,895;0,932543
8,898;1,09493
8,901;1,25982
8,904;1,42623
8,907;1,59316
8,91;1,75963
8,913;1,92463
8,916;2,08717
8,919;2,24625
8,922;2,40091
8,925;2,55021
8,928;2,69323
8,931;2,82907
8,934;2,95691
8,937;3,07595
8,94;3,18542
8,943;3,28464
8,946;3,37297
8,949;3,44984
8,952;3,51474
8,955;3,56723
8,958;3,60695
8,961;3,63361
8,964;3,64699
8,967;3,64697
8,97;3,63349
8,973;3,60657
8,976;3,56633
8,979;3,51296
8,982;3,44671
8,985;3,36794
8,988;3,27706
8,991;3,17459
8,994;3,06108
8,997;2,93716
9;2,80356
9,003;2,66101
9,006;2,51036
9,009;2,35246
9,012;2,18823
9,015;2,01864
9,018;1,84468
9,021;1,66738
9,024;1,48779
9,027;1,30698
9,03;1,12602
9,033;0,946
9,036;0,768008
9,039;0,593118
9,042;0,422391
9,045;0,248384
9,048;0,0721259
9,051;0,105333
9,054;0,282934
9,057;0,459611
9,06;0,6343
9,063;0,805947
9,066;0,973508
9,069;1,13596
9,072;1,29231
9,075;1,4416
9,078;1,5829
9,081;1,71533
9,084;1,83806
9,087;1,95031
9,09;2,05138
9,093;2,14061
9,096;2,21741
9,099;2,28128
9,102;2,33178
9,105;2,36856
9,108;2,39134
9,111;2,39992
9,114;2,3942
9,117;2,37416
9,12;2,33985
9,123;2,29144
9,126;2,22914
9,129;2,15329
9,132;2,06427
9,135;1,96258
9,138;1,84876
9,141;1,72347
9,144;1,58739
9,147;1,44131
9,15;1,28606
9,153;1,12254
9,156;0,951693
9,159;0,774515
9,162;0,592045
9,165;0,405356
9,168;0,215553
9,171;0,02376
9,174;0,168879
9,177;0,361211
9,18;0,552082
9,183;0,74034
9,186;0,924846
9,189;1,11296
9,192;1,30357
9,195;1,49555
9,198;1,68774
9,201;1,879
9,204;2,06816
9,207;2,2541
9,21;2,43568
9,213;2,61179
9,216;2,78136
9,219;2,94334
9,222;3,09673
9,225;3,24057
9,228;3,37397
9,231;3,49608
9,234;3,60612
9,237;3,70338
9,24;3,78724
9,243;3,85713
9,246;3,91258
9,249;3,9532
9,252;3,97868
9,255;3,98882
9,258;3,98348
9,261;3,96264
9,264;3,92637
9,267;3,87481
9,27;3,80822
9,273;3,72694
9,276;3,63139
9,279;3,52209
9,282;3,39964
9,285;3,26473
9,288;3,11811
9,291;2,96062
9,294;2,79316
9,297;2,61669
9,3;2,43223
9,303;2,24086
9,306;2,04371
9,309;1,84193
9,312;1,63671
9,315;1,42927
9,318;1,22084
9,321;1,01268
9,324;0,806034
9,327;0,602145
9,33;0,402249
9,333;0,199076
9,336;0,00616688
9,339;0,212258
9,342;0,417963
9,345;0,622047
9,348;0,823279
9,351;1,02044
9,354;1,21233
9,357;1,39778
9,36;1,57564
9,363;1,74483
9,366;1,90429
9,369;2,05303
9,372;2,1901
9,375;2,31465
9,378;2,42587
9,381;2,52304
9,384;2,60553
9,387;2,67278
9,39;2,72432
9,393;2,75979
9,396;2,7789
9,399;2,78149
9,402;2,76745
9,405;2,73682
9,408;2,68971
9,411;2,62634
9,414;2,54702
9,417;2,45216
9,42;2,34227
9,423;2,21796
9,426;2,0799
9,429;1,92888
9,432;1,76574
9,435;1,59142
9,438;1,40691
9,441;1,21329
9,444;1,01168
9,447;0,803258
9,45;0,589246
9,453;0,370905
9,456;0,149529
9,459;0,0735662
9,462;0,297049
9,465;0,519579
9,468;0,739818
9,471;0,956436
9,474;1,1766
9,477;1,39901
9,48;1,62234
9,483;1,84525
9,486;2,0664
9,489;2,28446
9,492;2,4981
9,495;2,70603
9,498;2,90698
9,501;3,09972
9,504;3,28304
9,507;3,45583
9,51;3,61699
9,513;3,76552
9,516;3,90046
9,519;4,02097
9,522;4,12626
9,525;4,21563
9,528;4,28848
9,531;4,34432
9,534;4,38274
9,537;4,40344
9,54;4,40622
9,543;4,39099
9,546;4,35778
9,549;4,30671
9,552;4,23802
9,555;4,15205
9,558;4,04924
9,561;3,93015
9,564;3,79543
9,567;3,64581
9,57;3,48214
9,573;3,30535
9,576;3,11643
9,579;2,91649
9,582;2,70667
9,585;2,48819
9,588;2,26233
9,591;2,03041
9,594;1,79381
9,597;1,55391
9,6;1,31216
9,603;1,06999
9,606;0,828847
9,609;0,590191
9,612;0,355462
9,615;0,117597
9,618;0,121989
9,621;0,361864
9,624;0,600592
9,627;0,836734
9,63;1,06886
9,633;1,29557
9,636;1,51548
9,639;1,72724
9,642;1,92954
9,645;2,12114
9,648;2,30084
9,651;2,46752
9,654;2,62013
9,657;2,75769
9,66;2,87931
9,663;2,98422
9,666;3,07169
9,669;3,14116
9,672;3,19211
9,675;3,22418
9,678;3,2371
9,681;3,23071
9,684;3,20498
9,687;3,15997
9,69;3,09589
9,693;3,01304
9,696;2,91185
9,699;2,79284
9,702;2,65667
9,705;2,50407
9,708;2,3359
9,711;2,15311
9,714;1,95673
9,717;1,74789
9,72;1,52779
9,723;1,2977
9,726;1,05897
9,729;0,813002
9,732;0,561232
9,735;0,305151
9,738;0,0462784
9,741;0,213844
9,744;0,47366
9,747;0,731609
9,75;0,986138
9,753;1,24419
9,756;1,50423
9,759;1,7647
9,762;2,02406
9,765;2,28072
9,768;2,53315
9,771;2,77982
9,774;3,01921
9,777;3,24986
9,78;3,47036
9,783;3,67935
9,786;3,87551
9,789;4,05763
9,792;4,22455
9,795;4,37521
9,798;4,50865
9,801;4,62399
9,804;4,72047
9,807;4,79743
9,81;4,85434
9,813;4,89077
9,816;4,90643
9,819;4,90113
9,822;4,87482
9,825;4,82759
9,828;4,75961
9,831;4,67124
9,834;4,5629
9,837;4,43517
9,84;4,28874
9,843;4,12442
9,846;3,94311
9,849;3,74584
9,852;3,53373
9,855;3,30799
9,858;3,06992
9,861;2,8209
9,864;2,56238
9,867;2,29587
9,87;2,02295
9,873;1,74522
9,876;1,46432
9,879;1,18194
9,882;0,899757
9,885;0,619469
9,888;0,342766
9,891;0,0628348
9,894;0,218656
9,897;0,500025
9,9;0,779583
9,903;1,05565
9,906;1,32654
9,909;1,59063
9,912;1,84629
9,915;2,09195
9,918;2,32612
9,921;2,54733
9,924;2,7542
9,927;2,94543
9,93;3,11983
9,933;3,27626
9,936;3,41373
9,939;3,53133
9,942;3,62827
9,945;3,7039
9,948;3,75767
9,951;3,78917
9,954;3,79813
9,957;3,7844
9,96;3,74797
9,963;3,68897
9,966;3,60766
9,969;3,50445
9,972;3,37986
9,975;3,23455
9,978;3,06932
9,981;2,88508
9,984;2,68286
9,987;2,46379
9,99;2,22912
9,993;1,98021
9,996;1,71848
9,999;1,44546
10,002;1,16274
10,005;0,871977
10,008;0,57488
10,011;0,273209
10,014;0,0312441
10,017;0,336664
10,02;0,641222
10,023;0,943087
10,026;1,24044
10,029;1,53996
10,032;1,83986
10,035;2,13834
10,038;2,4336
10,041;2,72387
10,044;3,00738
10,047;3,2824
10,05;3,54724
10,053;3,80029
10,056;4,03996
10,059;4,26478
10,062;4,47333
10,065;4,66429
10,068;4,83645
10,071;4,98871
10,074;5,12006
10,077;5,22964
10,08;5,31671
10,083;5,38064
10,086;5,42096
10,089;5,43735
10,092;5,42959
10,095;5,39765
10,098;5,34162
10,101;5,26174
10,104;5,15838
10,107;5,03209
10,11;4,88352
10,113;4,71347
10,116;4,52289
10,119;4,31282
10,122;4,08447
10,125;3,83911
10,128;3,57816
10,131;3,30312
10,134;3,01558
10,137;2,71721
10,14;2,40978
10,143;2,09507
10,146;1,77496
10,149;1,45134
10,152;1,12614
10,155;0,801308
10,158;0,478786
10,161;0,160523
10,164;0,16004
10,167;0,480989
10,17;0,800399
10,173;1,11635
10,176;1,42693
10,179;1,73025
10,182;2,02447
10,185;2,30778
10,188;2,57844
10,191;2,83478
10,194;3,0752
10,197;3,29819
10,2;3,50235
10,203;3,68637
10,206;3,84908
10,209;3,98941
10,212;4,10642
10,215;4,19933
10,218;4,26748
10,221;4,31035
10,224;4,32761
10,227;4,31902
10,23;4,28456
10,233;4,22431
10,236;4,13854
10,239;4,02766
10,242;3,89223
10,245;3,73297
10,248;3,55074
10,251;3,34654
10,254;3,12151
10,257;2,87691
10,26;2,61414
10,263;2,33469
10,266;2,04018
10,269;1,73232
10,272;1,41289
10,275;1,08378
10,278;0,746903
10,281;0,404265
10,284;0,0578948
10,287;0,290145
10,29;0,637772
10,293;0,9829
10,296;1,32345
10,299;1,66584
10,302;2,00802
10,305;2,34795
10,308;2,68357
10,311;3,01286
10,314;3,33381
10,317;3,64446
10,32;3,9429
10,323;4,22731
10,326;4,49591
10,329;4,74703
10,332;4,97909
10,335;5,19063
10,338;5,3803
10,341;5,54686
10,344;5,68923
10,347;5,80645
10,35;5,89773
10,353;5,96241
10,356;5,99999
10,359;6,01015
10,362;5,9927
10,365;5,94765
10,368;5,87516
10,371;5,77555
10,374;5,64931
10,377;5,49709
10,38;5,3197
10,383;5,1181
10,386;4,89341
10,389;4,64688
10,392;4,37991
10,395;4,09401
10,398;3,79083
10,401;3,4721
10,404;3,1397
10,407;2,79554
10,41;2,44166
10,413;2,08014
10,416;1,71311
10,419;1,34275
10,422;0,971279
10,425;0,600915
10,428;0,233886
10,431;0,136078
10,434;0,50677
10,437;0,875967
10,44;1,24145
10,443;1,60101
10,446;1,95246
10,449;2,29367
10,452;2,62255
10,455;2,93707
10,458;3,23528
10,461;3,51535
10,464;3,7755
10,467;4,01411
10,47;4,22965
10,473;4,42074
10,476;4,58613
10,479;4,72473
10,482;4,8356
10,485;4,91796
10,488;4,97121
10,491;4,99491
10,494;4,9888
10,497;4,95279
10,5;4,88698
10,503;4,79166
10,506;4,66727
10,509;4,51444
10,512;4,33397
10,515;4,12684
10,518;3,89419
10,521;3,63731
10,524;3,35763
10,527;3,05676
10,53;2,73641
10,533;2,39842
10,536;2,04475
10,539;1,67746
10,542;1,2987
10,545;0,910697
10,548;0,515742
10,551;0,116177
10,554;0,285621
10,557;0,687248
10,56;1,08629
10,563;1,48036
10,566;1,87553
10,569;2,26946
10,572;2,65977
10,575;3,0441
10,578;3,42012
10,581;3,78555
10,584;4,13815
10,587;4,47576
10,59;4,79628
10,593;5,09772
10,596;5,37821
10,599;5,63597
10,602;5,86937
10,605;6,07691
10,608;6,25724
10,611;6,40917
10,614;6,53167
10,617;6,6239
10,62;6,68517
10,623;6,71499
10,626;6,71307
10,629;6,67929
10,632;6,61371
10,635;6,51661
10,638;6,38845
10,641;6,22986
10,644;6,04168
10,647;5,82492
10,65;5,58077
10,653;5,31057
10,656;5,01586
10,659;4,69829
10,662;4,35968
10,665;4,00198
10,668;3,62726
10,671;3,2377
10,674;2,83558
10,677;2,42326
10,68;2,00316
10,683;1,5778
10,686;1,14968
10,689;0,721378
10,692;0,295454
10,695;0,125525
10,698;0,547497
10,701;0,967937
10,704;1,38431
10,707;1,79411
10,71;2,19485
10,713;2,58409
10,716;2,95944
10,719;3,3186
10,722;3,65935
10,725;3,97957
10,728;4,27726
10,731;4,55053
10,734;4,79767
10,737;5,01706
10,74;5,2073
10,743;5,36712
10,746;5,49543
10,749;5,59136
10,752;5,65418
10,755;5,68339
10,758;5,67868
10,761;5,63994
10,764;5,56727
10,767;5,46097
10,77;5,32155
10,773;5,1497
10,776;4,94633
10,779;4,71253
10,782;4,44959
10,785;4,15895
10,788;3,84227
10,791;3,50133
10,794;3,13808
10,797;2,75462
10,8;2,35315
10,803;1,93603
10,806;1,50568
10,809;1,06464
10,812;0,615514
10,815;0,160962
10,818;0,296311
10,821;0,753572
10,824;1,20808
10,827;1,66557
10,83;2,12333
10,833;2,57859
10,836;3,02863
10,839;3,47072
10,842;3,90217
10,845;4,32036
10,848;4,72272
10,851;5,10677
10,854;5,47015
10,857;5,81057
10,86;6,12592
10,863;6,41419
10,866;6,67356
10,869;6,90234
10,872;7,09904
10,875;7,26236
10,878;7,39118
10,881;7,48459
10,884;7,54188
10,887;7,56258
10,89;7,5464
10,893;7,49331
10,896;7,40346
10,899;7,27725
10,902;7,1153
10,905;6,91843
10,908;6,68768
10,911;6,42431
10,914;6,12976
10,917;5,80567
10,92;5,45388
10,923;5,07637
10,926;4,67532
10,929;4,25303
10,932;3,81196
10,935;3,35468
10,938;2,88386
10,941;2,40227
10,944;1,91277
10,947;1,41825
10,95;0,921665
10,953;0,425987
10,956;0,0658084
10,959;0,559239
10,962;1,05135
10,965;1,53919
10,968;2,01981
10,971;2,49029
10,974;2,94778
10,977;3,38947
10,98;3,81266
10,983;4,21473
10,986;4,59318
10,989;4,94565
10,992;5,26992
10,995;5,56393
10,998;5,8258
11,001;6,05383
11,004;6,2465
11,007;6,40253
11,01;6,52084
11,013;6,60055
11,016;6,64105
11,019;6,64193
11,022;6,60302
11,025;6,5244
11,028;6,40638
11,031;6,24952
11,034;6,05459
11,037;5,82262
11,04;5,55485
11,043;5,25275
11,046;4,91798
11,049;4,55244
11,052;4,15817
11,055;3,73745
11,058;3,29268
11,061;2,82644
11,064;2,34144
11,067;1,84051
11,07;1,3266
11,073;0,802745
11,076;0,272036
11,079;0,262363
11,082;0,797263
11,085;1,32945
11,088;1,86422
11,091;2,39836
11,094;2,92867
11,097;3,45195
11,1;3,96503
11,103;4,4648
11,106;4,9482
11,109;5,41226
11,112;5,85413
11,115;6,27106
11,118;6,66046
11,121;7,01987
11,124;7,34703
11,127;7,63983
11,13;7,89638
11,133;8,11501
11,136;8,29424
11,139;8,43284
11,142;8,52982
11,145;8,58444
11,148;8,59618
11,151;8,56482
11,154;8,49037
11,157;8,37309
11,16;8,21353
11,163;8,01248
11,166;7,77096
11,169;7,49028
11,172;7,17195
11,175;6,81774
11,178;6,42963
11,181;6,00981
11,184;5,56067
11,187;5,0848
11,19;4,58493
11,193;4,06397
11,196;3,52497
11,199;2,97109
11,202;2,40558
11,205;1,83181
11,208;1,25316
11,211;0,673108
11,214;0,0951157
11,217;0,485823
11,22;1,06623
11,223;1,64263
11,226;2,21154
11,229;2,76953
11,232;3,31319
11,235;3,83921
11,238;4,34436
11,241;4,82553
11,244;5,27974
11,247;5,70414
11,25;6,09609
11,253;6,45309
11,256;6,77286
11,259;7,05334
11,262;7,29268
11,265;7,48929
11,268;7,64181
11,271;7,74916
11,274;7,8105
11,277;7,82529
11,28;7,79325
11,283;7,71439
11,286;7,58898
11,289;7,41761
11,292;7,20111
11,295;6,9406
11,298;6,63747
11,301;6,29336
11,304;5,91018
11,307;5,49007
11,31;5,03541
11,313;4,54877
11,316;4,03296
11,319;3,49096
11,322;2,9259
11,325;2,34109
11,328;1,73996
11,331;1,12605
11,334;0,502991
11,337;0,125515
11,34;0,755719
11,343;1,38385
11,346;2,0146
11,349;2,64422
11,352;3,26891
11,355;3,8849
11,358;4,48848
11,361;5,07595
11,364;5,64375
11,367;6,18837
11,37;6,70646
11,373;7,19481
11,376;7,65037
11,379;8,07026
11,382;8,45184
11,385;8,79265
11,388;9,0905
11,391;9,34341
11,394;9,54969
11,397;9,70793
11,4;9,81697
11,403;9,87597
11,406;9,88436
11,409;9,84191
11,412;9,74866
11,415;9,60496
11,418;9,41149
11,421;9,16919
11,424;8,87932
11,427;8,54345
11,43;8,16339
11,433;7,74125
11,436;7,2794
11,439;6,78045
11,442;6,24724
11,445;5,68283
11,448;5,09049
11,451;4,47366
11,454;3,83595
11,457;3,18108
11,46;2,51294
11,463;1,83546
11,466;1,15269
11,469;0,468688
11,472;0,21244
11,475;0,895081
11,478;1,57515
11,481;2,24854
11,484;2,91121
11,487;3,55912
11,49;4,18833
11,493;4,79499
11,496;5,37537
11,499;5,92589
11,502;6,44312
11,505;6,92381
11,508;7,36496
11,511;7,76374
11,514;8,1176
11,517;8,42423
11,52;8,6816
11,523;8,88798
11,526;9,04192
11,529;9,14229
11,532;9,18827
11,535;9,17937
11,538;9,11542
11,541;8,99659
11,544;8,82336
11,547;8,59656
11,55;8,31735
11,553;7,98717
11,556;7,60781
11,559;7,18136
11,562;6,71017
11,565;6,1969
11,568;5,64446
11,571;5,05601
11,574;4,43493
11,577;3,78482
11,58;3,10947
11,583;2,41282
11,586;1,69897
11,589;0,972132
11,592;0,236621
11,595;0,503189
11,598;1,24287
11,601;1,978
11,604;2,71262
11,607;3,44232
11,61;4,16271
11,613;4,86942
11,616;5,55817
11,619;6,22475
11,622;6,86506
11,625;7,47517
11,628;8,05129
11,631;8,58983
11,634;9,0874
11,637;9,54086
11,64;9,94731
11,643;10,3041
11,646;10,609
11,649;10,8598
11,652;11,0549
11,655;11,1929
11,658;11,2726
11,661;11,2935
11,664;11,2552
11,667;11,1575
11,67;11,001
11,673;10,7862
11,676;10,5143
11,679;10,1866
11,682;9,80497
11,685;9,37137
11,688;8,88822
11,691;8,35823
11,694;7,78439
11,697;7,16998
11,7;6,51851
11,703;5,83374
11,706;5,11965
11,709;4,38041
11,712;3,62036
11,715;2,84396
11,718;2,05581
11,721;1,2606
11,724;0,463069
11,727;0,332012
11,73;1,12834
11,733;1,92116
11,736;2,70568
11,739;3,47716
11,742;4,23094
11,745;4,9624
11,748;5,66709
11,751;6,34065
11,754;6,97893
11,757;7,57794
11,76;8,13396
11,763;8,64345
11,766;9,10319
11,769;9,51021
11,772;9,86186
11,775;10,1558
11,778;10,3901
11,781;10,563
11,784;10,6733
11,787;10,72
11,79;10,7027
11,793;10,6212
11,796;10,4757
11,799;10,2668
11,802;9,99549
11,805;9,66322
11,808;9,27171
11,811;8,82307
11,814;8,31976
11,817;7,76459
11,82;7,16066
11,823;6,51142
11,826;5,82058
11,829;5,09212
11,832;4,33025
11,835;3,53942
11,838;2,72425
11,841;1,88954
11,844;1,04022
11,847;0,181318
11,85;0,68204
11,853;1,5447
11,856;2,40147
11,859;3,25568
11,862;4,1022
11,865;4,93592
11,868;5,75177
11,871;6,5448
11,874;7,31015
11,877;8,04313
11,88;8,7392
11,883;9,39404
11,886;10,0036
11,889;10,5639
11,892;11,0716
11,895;11,5232
11,898;11,916
11,901;12,2472
11,904;12,5147
11,907;12,7166
11,91;12,8515
11,913;12,9182
11,916;12,916
11,919;12,8448
11,922;12,7047
11,925;12,4962
11,928;12,2203
11,931;11,8784
11,934;11,4723
11,937;11,0041
11,94;10,4765
11,943;9,89229
11,946;9,25484
11,949;8,56774
11,952;7,8349
11,955;7,06054
11,958;6,24915
11,961;5,40543
11,964;4,53433
11,967;3,64096
11,97;2,7306
11,973;1,80863
11,976;0,88054
11,979;0,0481217
11,982;0,971788
11,985;1,89338
11,988;2,80736
11,991;3,70822
11,994;4,5905
11,997;5,44883
12;6,27796
12,003;7,0728
