0,004;0
0,008;0,000113137
0,012;0,00033911
0,016;0,000675686
0,02;0,00111871
0,024;0,00166217
0,028;0,00229821
0,032;0,00301733
0,036;0,00380845
0,04;0,0046591
0,044;0,00555562
0,048;0,00648337
0,052;0,00742697
0,056;0,00837054
0,06;0,00929798
0,064;0,0101932
0,068;0,0110405
0,072;0,0118247
0,076;0,0125316
0,08;0,0131479
0,084;0,0136618
0,088;0,0140631
0,092;0,0143433
0,096;0,0144958
0,1;0,0145163
0,104;0,0144025
0,108;0,0141544
0,112;0,0137743
0,116;0,0132668
0,12;0,0126386
0,124;0,0118989
0,128;0,0110586
0,132;0,0101306
0,136;0,00912944
0,14;0,00807121
0,144;0,00697313
0,148;0,00585337
0,152;0,00473072
0,156;0,00362431
0,16;0,00255325
0,164;0,00153633
0,168;0,000591676
0,172;0,000263539
0,176;0,00101343
0,18;0,00164369
0,184;0,00214184
0,188;0,00249747
0,192;0,00270246
0,196;0,00275114
0,2;0,00264043
0,204;0,00236993
0,208;0,00194195
0,212;0,00136153
0,216;0,000636373
0,22;0,000223223
0,224;0,00120452
0,228;0,00229254
0,232;0,00347023
0,236;0,00471879
0,24;0,00601793
0,244;0,00734621
0,248;0,00868138
0,252;0,0100008
0,256;0,0112816
0,26;0,0125015
0,264;0,0136387
0,268;0,0146726
0,272;0,0155842
0,276;0,0163561
0,28;0,0169731
0,284;0,0174224
0,288;0,017694
0,292;0,0177806
0,296;0,0176782
0,3;0,0173858
0,304;0,0169055
0,308;0,016243
0,312;0,0154068
0,316;0,0144088
0,32;0,0132636
0,324;0,0119888
0,328;0,0106041
0,332;0,00913159
0,336;0,00759519
0,34;0,00602019
0,344;0,00443289
0,348;0,00286023
0,352;0,00132924
0,356;0,000133351
0,36;0,00150159
0,364;0,00275076
0,368;0,00385784
0,372;0,00480188
0,376;0,00556443
0,38;0,00612985
0,384;0,00648567
0,388;0,00662278
0,392;0,0065357
0,396;0,00622268
0,4;0,00568583
0,404;0,00493106
0,408;0,00396813
0,412;0,00281048
0,416;0,00147506
0,42;1,79111e-05
0,424;0,00164521
0,428;0,003381
0,432;0,00519722
0,436;0,00706403
0,44;0,0089503
0,444;0,0108241
0,448;0,0126533
0,452;0,0144061
0,456;0,0160513
0,46;0,0175594
0,464;0,0189027
0,468;0,0200559
0,472;0,0209966
0,476;0,0217055
0,48;0,0221674
0,484;0,0223708
0,488;0,0223084
0,492;0,0219775
0,496;0,0213799
0,5;0,020522
0,504;0,0194146
0,508;0,018073
0,512;0,0165169
0,516;0,0147695
0,52;0,0128581
0,524;0,0108128
0,528;0,00866674
0,532;0,00645494
0,536;0,00421428
0,54;0,00198255
0,544;0,000202002
0,548;0,00230143
0,552;0,00427868
0,556;0,00609824
0,56;0,00772678
0,564;0,00913378
0,568;0,010292
0,572;0,0111781
0,576;0,0117731
0,58;0,0120626
0,584;0,0120372
0,588;0,0116929
0,592;0,011031
0,596;0,0100581
0,6;0,00878639
0,604;0,0072333
0,608;0,00542125
0,612;0,00337746
0,616;0,00113345
0,62;0,00127535
0,624;0,00381021
0,628;0,00642967
0,632;0,00909027
0,636;0,0117472
0,64;0,014355
0,644;0,0168685
0,648;0,0192435
0,652;0,0214373
0,656;0,0234101
0,66;0,0251248
0,664;0,0265486
0,668;0,0276529
0,672;0,0284143
0,676;0,0288149
0,68;0,0288426
0,684;0,0284916
0,688;0,0277625
0,692;0,0266621
0,696;0,025204
0,7;0,0234079
0,704;0,0212996
0,708;0,0189106
0,712;0,0162775
0,716;0,0134419
0,72;0,0104491
0,724;0,00734808
0,728;0,00419012
0,732;0,00102831
0,736;0,00208344
0,74;0,00509131
0,744;0,00794246
0,748;0,010586
0,752;0,0129738
0,756;0,0150614
0,76;0,0168089
0,764;0,0181815
0,768;0,0191505
0,772;0,0196934
0,776;0,019795
0,78;0,019447
0,784;0,018649
0,788;0,0174081
0,792;0,015739
0,796;0,0136642
0,8;0,0112132
0,804;0,00842236
0,808;0,00533447
0,812;0,00199793
0,816;0,00153389
0,82;0,00520353
0,824;0,00895034
0,828;0,0127115
0,832;0,016423
0,836;0,0200208
0,84;0,0234419
0,844;0,0266252
0,848;0,0295132
0,852;0,0320522
0,856;0,0341939
0,86;0,0358959
0,864;0,037123
0,868;0,0378473
0,872;0,0380493
0,876;0,037718
0,88;0,0368512
0,884;0,0354563
0,888;0,0335492
0,892;0,0311552
0,896;0,0283082
0,9;0,0250502
0,904;0,021431
0,908;0,0175069
0,912;0,0133407
0,916;0,00900002
0,92;0,00455632
0,924;8,40184e-05
0,928;0,00434098
0,932;0,00864248
0,936;0,0127453
0,94;0,0165765
0,944;0,0200669
0,948;0,0231519
0,952;0,0257731
0,956;0,027879
0,96;0,0294263
0,964;0,0303805
0,968;0,0307169
0,972;0,0304207
0,976;0,0294879
0,98;0,0279253
0,984;0,0257505
0,988;0,0229917
0,992;0,0196877
0,996;0,015887
1;0,0116473
1,004;0,00703458
1,008;0,00212227
1,012;0,00301015
1,016;0,00827823
1,02;0,013594
1,024;0,0188675
1,028;0,0240081
1,032;0,028926
1,036;0,0335343
1,04;0,0377497
1,044;0,0414947
1,048;0,0446986
1,052;0,0472989
1,056;0,0492426
1,06;0,050487
1,064;0,0510008
1,068;0,0507647
1,072;0,049772
1,076;0,0480286
1,08;0,0455537
1,084;0,0423787
1,088;0,0385479
1,092;0,0341172
1,096;0,0291536
1,1;0,0237341
1,104;0,0179446
1,108;0,0118786
1,112;0,00563571
1,116;0,000680146
1,12;0,00696221
1,124;0,0131028
1,128;0,018995
1,132;0,0245348
1,136;0,0296224
1,14;0,0341647
1,144;0,0380761
1,148;0,0412809
1,152;0,0437142
1,156;0,0453233
1,16;0,0460689
1,164;0,0459259
1,168;0,0448839
1,172;0,0429477
1,176;0,0401376
1,18;0,0364888
1,184;0,0320516
1,188;0,0268904
1,192;0,0210827
1,196;0,0147185
1,2;0,00789833
1,204;0,000731995
1,208;0,00666317
1,212;0,0141642
1,216;0,0216447
1,22;0,0289767
1,224;0,0360328
1,228;0,0426887
1,232;0,048825
1,236;0,0543296
1,24;0,0590993
1,244;0,0630422
1,248;0,0660792
1,252;0,0681452
1,256;0,0691911
1,26;0,0691844
1,264;0,0681099
1,268;0,0659707
1,272;0,0627879
1,276;0,0586009
1,28;0,0534666
1,284;0,047459
1,288;0,040668
1,292;0,0331983
1,296;0,0251677
1,3;0,0167049
1,304;0,0079484
1,308;0,000956755
1,312;0,00986067
1,316;0,0186114
1,32;0,0270573
1,324;0,03505
1,328;0,0424464
1,332;0,0491118
1,336;0,0549218
1,34;0,0597651
1,344;0,0635449
1,348;0,0661816
1,352;0,0676136
1,356;0,0677991
1,36;0,0667171
1,364;0,0643677
1,368;0,0607727
1,372;0,0559757
1,376;0,0500412
1,38;0,043054
1,384;0,0351183
1,388;0,0263559
1,392;0,0169043
1,396;0,00691494
1,4;0,00344939
1,404;0,0140172
1,408;0,0246112
1,412;0,0350508
1,416;0,0451556
1,42;0,0547485
1,424;0,0636582
1,428;0,071723
1,432;0,0787929
1,436;0,0847331
1,44;0,0894258
1,444;0,0927731
1,448;0,0946983
1,452;0,0951482
1,456;0,0940939
1,46;0,0915317
1,464;0,0874835
1,468;0,0819972
1,472;0,0751456
1,476;0,0670259
1,48;0,0577586
1,484;0,0474852
1,488;0,0363666
1,492;0,0245804
1,496;0,012318
1,5;0,000217964
1,504;0,0128176
1,508;0,0252668
1,512;0,0373509
1,516;0,0488585
1,52;0,0595847
1,524;0,0693354
1,528;0,07793
1,532;0,0852052
1,536;0,0910179
1,54;0,0952478
1,544;0,0977998
1,548;0,0986064
1,552;0,0976286
1,556;0,0948574
1,56;0,0903142
1,564;0,0840511
1,568;0,0761502
1,572;0,0667228
1,576;0,0559077
1,58;0,0438696
1,584;0,0307963
1,588;0,0168961
1,592;0,00239413
1,596;0,0124706
1,6;0,0274497
1,604;0,0422892
1,608;0,0567338
1,612;0,0705312
1,616;0,0834368
1,62;0,0952173
1,624;0,105656
1,628;0,114554
1,632;0,121739
1,636;0,127062
1,64;0,130407
1,644;0,131688
1,648;0,130853
1,652;0,127885
1,656;0,122806
1,66;0,11567
1,664;0,106571
1,668;0,0956352
1,672;0,0830228
1,676;0,068925
1,68;0,053561
1,684;0,0371748
1,688;0,0200313
1,692;0,00241225
1,696;0,0153886
1,7;0,03307
1,704;0,0503284
1,708;0,0668633
1,712;0,0823821
1,716;0,0966052
1,72;0,109271
1,724;0,120142
1,728;0,129005
1,732;0,135681
1,736;0,140025
1,74;0,141928
1,744;0,141323
1,748;0,138185
1,752;0,132529
1,756;0,124418
1,76;0,113953
1,764;0,101279
1,768;0,0865816
1,772;0,0700815
1,776;0,0520345
1,78;0,0327265
1,784;0,0124688
1,788;0,00840661
1,792;0,0295523
1,796;0,0506112
1,8;0,0712227
1,804;0,0910287
1,808;0,109679
1,812;0,12684
1,816;0,142196
1,82;0,15546
1,824;0,166374
1,828;0,17472
1,832;0,180316
1,836;0,183029
1,84;0,182771
1,844;0,179503
1,848;0,173237
1,852;0,164038
1,856;0,15202
1,86;0,137347
1,864;0,120232
1,868;0,100932
1,872;0,0797443
1,876;0,0570039
1,88;0,0330763
1,884;0,00835273
1,888;0,0167562
1,892;0,0418277
1,896;0,0664332
1,9;0,090146
1,904;0,112549
1,908;0,13324
1,912;0,151842
1,916;0,168008
1,92;0,181425
1,924;0,191827
1,928;0,198991
1,932;0,20275
1,936;0,202989
1,94;0,199654
1,944;0,19275
1,948;0,182344
1,952;0,168563
1,956;0,151594
1,96;0,13168
1,964;0,109119
1,968;0,0842577
1,972;0,0574871
1,976;0,0292368
1,98;3,24206e-05
1,984;0,0298357
1,988;0,0596721
1,992;0,0890329
1,996;0,11741
2;0,144305
2,004;0,169238
2,008;0,191755
2,012;0,211436
2,016;0,227906
2,02;0,240836
2,024;0,249955
2,028;0,255053
2,032;0,255984
2,036;0,252673
2,04;0,245116
2,044;0,233379
2,048;0,217604
2,052;0,198
2,056;0,174848
2,06;0,148492
2,064;0,119336
2,068;0,0878358
2,072;0,0544962
2,076;0,0198596
2,08;0,0155016
2,084;0,0509943
2,088;0,0860146
2,092;0,119958
2,096;0,15223
2,1;0,182255
2,104;0,209489
2,108;0,233427
2,112;0,253613
2,116;0,269648
2,12;0,281198
2,124;0,288003
2,128;0,289877
2,132;0,286718
2,136;0,278507
2,14;0,265311
2,144;0,247285
2,148;0,224665
2,152;0,197772
2,156;0,167003
2,16;0,132828
2,164;0,0957809
2,168;0,0564524
2,172;0,0154809
2,176;0,0264579
2,18;0,0686621
2,184;0,110415
2,188;0,150999
2,192;0,189703
2,196;0,225839
2,2;0,258755
2,204;0,287842
2,208;0,312548
2,212;0,33239
2,216;0,346957
2,22;0,355925
2,224;0,359062
2,228;0,356229
2,232;0,347388
2,236;0,332605
2,24;0,312045
2,244;0,285977
2,248;0,254766
2,252;0,218871
2,256;0,178837
2,26;0,135287
2,264;0,0889137
2,268;0,0404688
2,272;0,00925129
2,276;0,0594163
2,28;0,109177
2,284;0,157677
2,288;0,204071
2,292;0,247538
2,296;0,287293
2,3;0,322604
2,304;0,352805
2,308;0,377306
2,312;0,395607
2,316;0,407308
2,32;0,412112
2,324;0,409839
2,328;0,400425
2,332;0,383929
2,336;0,360529
2,34;0,330527
2,344;0,294338
2,348;0,252492
2,352;0,205621
2,356;0,154453
2,36;0,0997982
2,364;0,0425403
2,368;0,0163811
2,372;0,0759847
2,376;0,135263
2,38;0,193199
2,384;0,248786
2,388;0,30104
2,392;0,349022
2,396;0,391852
2,4;0,428723
2,404;0,458922
2,408;0,481837
2,412;0,496971
2,416;0,503955
2,42;0,502552
2,424;0,492665
2,428;0,47434
2,432;0,44777
2,436;0,413287
2,44;0,371368
2,444;0,322621
2,448;0,267779
2,452;0,207689
2,456;0,143304
2,46;0,0756582
2,464;0,00586043
2,468;0,0649293
2,472;0,135517
2,476;0,204695
2,48;0,271263
2,484;0,334047
2,488;0,391921
2,492;0,443826
2,496;0,48879
2,5;0,525948
2,504;0,55455
2,508;0,573988
2,512;0,583796
2,516;0,583668
2,52;0,573465
2,524;0,553214
2,528;0,523117
2,532;0,483545
2,536;0,435038
2,54;0,378295
2,544;0,314165
2,548;0,243637
2,552;0,167822
2,556;0,0879384
2,56;0,00529022
2,564;0,0787516
2,568;0,162773
2,572;0,245339
2,576;0,32502
2,58;0,400415
2,584;0,470174
2,588;0,533027
2,592;0,587802
2,596;0,633446
2,6;0,66905
2,604;0,693861
2,608;0,707301
2,612;0,708977
2,616;0,698689
2,62;0,676443
2,624;0,642444
2,628;0,597105
2,632;0,541035
2,636;0,475038
2,64;0,400096
2,644;0,317359
2,648;0,228128
2,652;0,133832
2,656;0,0360073
2,66;0,0637277
2,664;0,163698
2,668;0,262201
2,672;0,357535
2,676;0,448026
2,68;0,532061
2,684;0,608112
2,688;0,674767
2,692;0,730752
2,696;0,77496
2,7;0,8306
2,704;0,896889
2,708;0,972848
2,712;1,05732
2,716;1,14899
2,72;1,24639
2,724;1,34794
2,728;1,45198
2,732;1,55675
2,736;1,66049
2,74;1,7614
2,744;1,85773
2,748;1,94777
2,752;2,02988
2,756;2,10255
2,76;2,16441
2,764;2,21425
2,768;2,25103
2,772;2,27395
2,776;2,28241
2,78;2,27607
2,784;2,25481
2,788;2,21878
2,792;2,1684
2,796;2,1043
2,8;2,02739
2,804;1,93879
2,808;1,83985
2,812;1,73211
2,816;1,61728
2,82;1,49722
2,824;1,3739
2,828;1,24937
2,832;1,12576
2,836;1,00517
2,84;0,889718
2,844;0,78144
2,848;0,682288
2,852;0,594087
2,856;0,494363
2,86;0,384653
2,864;0,266686
2,868;0,142355
2,872;0,013691
2,876;0,117172
2,88;0,248034
2,884;0,376659
2,888;0,500822
2,892;0,618338
2,896;0,727107
2,9;0,825146
2,904;0,910628
2,908;0,981912
2,912;1,03758
2,916;1,07645
2,92;1,09762
2,924;1,10048
2,928;1,08471
2,932;1,05032
2,936;0,997618
2,94;0,927244
2,944;0,840145
2,948;0,737567
2,952;0,621036
2,956;0,492342
2,96;0,353505
2,964;0,206748
2,968;0,0544634
2,972;0,100831
2,976;0,256527
2,98;0,409975
2,984;0,558522
2,988;0,699562
2,992;0,830582
2,996;0,9492
3;1,07735
3,004;1,21298
3,008;1,35388
3,012;1,49773
3,016;1,64212
3,02;1,78458
3,024;1,92265
3,028;2,05393
3,032;2,17606
3,036;2,28684
3,04;2,38421
3,044;2,46631
3,048;2,53152
3,052;2,57849
3,056;2,60616
3,06;2,61377
3,064;2,6009
3,068;2,56748
3,072;2,51378
3,076;2,44043
3,08;2,3484
3,084;2,23899
3,088;2,11381
3,092;1,97477
3,096;1,82406
3,1;1,66406
3,104;1,49739
3,108;1,32678
3,112;1,15509
3,116;0,985242
3,12;0,820155
3,124;0,662716
3,128;0,515722
3,132;0,357697
3,136;0,191179
3,14;0,0188869
3,144;0,156322
3,148;0,331499
3,152;0,503654
3,156;0,669805
3,16;0,827031
3,164;0,972519
3,168;1,10362
3,172;1,21788
3,176;1,31312
3,18;1,38743
3,184;1,43925
3,188;1,46736
3,192;1,47095
3,196;1,4496
3,2;1,40331
3,204;1,33252
3,208;1,23809
3,212;1,12127
3,216;0,983752
3,22;0,827576
3,224;0,655141
3,228;0,469154
3,232;0,272596
3,236;0,0686675
3,24;0,139256
3,244;0,347684
3,248;0,553066
3,252;0,751854
3,256;0,940559
3,26;1,13995
3,264;1,34678
3,268;1,55763
3,272;1,76896
3,276;1,97716
3,28;2,17863
3,284;2,36985
3,288;2,5474
3,292;2,70805
3,296;2,84883
3,3;2,96703
3,304;3,06032
3,308;3,12674
3,312;3,16479
3,316;3,17339
3,32;3,15198
3,324;3,10048
3,328;3,01936
3,332;2,90956
3,336;2,77254
3,34;2,61026
3,344;2,42511
3,348;2,21994
3,352;1,99794
3,356;1,76267
3,36;1,51795
3,364;1,26783
3,368;1,01649
3,372;0,768202
3,376;0,527253
3,38;0,297859
3,384;0,0599644
3,388;0,182492
3,392;0,425438
3,396;0,664736
3,4;0,896247
3,404;1,11591
3,408;1,3198
3,412;1,50422
3,416;1,66574
3,42;1,80126
3,424;1,90811
3,428;1,98405
3,432;2,02733
3,436;2,03674
3,44;2,01165
3,444;1,95197
3,448;1,85824
3,452;1,73156
3,456;1,57361
3,46;1,38664
3,464;1,17343
3,468;0,937238
3,472;0,68176
3,476;0,411082
3,48;0,129603
3,484;0,158028
3,488;0,446991
3,492;0,732373
3,496;1,00925
3,5;1,29692
3,504;1,59061
3,508;1,88541
3,512;2,1763
3,516;2,45826
3,52;2,72635
3,524;2,9758
3,528;3,20207
3,532;3,40097
3,536;3,56872
3,54;3,702
3,544;3,79804
3,548;3,85466
3,552;3,87034
3,556;3,84421
3,56;3,77613
3,564;3,66663
3,568;3,51701
3,572;3,32923
3,576;3,10595
3,58;2,85047
3,584;2,56669
3,588;2,25904
3,592;1,93242
3,596;1,59215
3,6;1,24382
3,604;0,89328
3,608;0,546464
3,612;0,209351
3,616;0,136303
3,62;0,484721
3,624;0,829997
3,628;1,16619
3,632;1,48744
3,636;1,78804
3,64;2,06257
3,644;2,30596
3,648;2,51361
3,652;2,68147
3,656;2,8061
3,66;2,88474
3,664;2,91539
3,668;2,89685
3,672;2,82871
3,676;2,71142
3,68;2,54629
3,684;2,33543
3,688;2,08179
3,692;1,78909
3,696;1,46175
3,7;1,10486
3,704;0,724083
3,708;0,325584
3,712;0,0840981
3,716;0,498131
3,72;0,909511
3,724;1,31118
3,728;1,72028
3,732;2,12993
3,736;2,53315
3,74;2,92297
3,744;3,29254
3,748;3,63527
3,752;3,94491
3,756;4,2157
3,76;4,44247
3,764;4,62071
3,768;4,74667
3,772;4,81747
3,776;4,83109
3,78;4,78647
3,784;4,68355
3,788;4,52324
3,792;4,30744
3,796;4,03905
3,8;3,72188
3,804;3,36064
3,808;2,96088
3,812;2,52884
3,816;2,07145
3,82;1,59614
3,824;1,11077
3,828;0,623476
3,832;0,142547
3,836;0,347853
3,84;0,839492
3,844;1,324
3,848;1,79299
3,852;2,23826
3,856;2,65185
3,86;3,02625
3,864;3,3545
3,868;3,63035
3,872;3,84832
3,876;4,00387
3,88;4,09344
3,884;4,11455
3,888;4,06586
3,892;3,94718
3,896;3,75955
3,9;3,50516
3,904;3,1874
3,908;2,81078
3,912;2,38088
3,916;1,90427
3,92;1,38841
3,924;0,841541
3,928;0,272546
3,932;0,309181
3,936;0,893896
3,94;1,47166
3,944;2,05665
3,948;2,63899
3,952;3,2087
3,956;3,75587
3,96;4,27084
3,964;4,74437
3,968;5,16776
3,972;5,53308
3,976;5,83325
3,98;6,06221
3,984;6,21503
3,988;6,288
3,992;6,27873
3,996;6,1862
4;6,01077
4,004;5,75426
4,008;5,41987
4,012;5,01219
4,016;4,53712
4,02;4,0018
4,024;3,4145
4,028;2,78448
4,032;2,1219
4,036;1,43758
4,04;0,7429
4,044;0,0495584
4,048;0,630591
4,052;1,30989
4,056;1,97672
4,06;2,61953
4,064;3,22701
4,068;3,78827
4,072;4,29308
4,076;4,732
4,08;5,09659
4,084;5,37956
4,088;5,57492
4,092;5,67805
4,096;5,68587
4,1;5,59689
4,104;5,41121
4,108;5,13062
4,112;4,75854
4,116;4,30001
4,12;3,7616
4,124;3,15135
4,128;2,47864
4,132;1,75405
4,136;0,989215
4,14;0,196592
4,144;0,610687
4,148;1,41906
4,152;2,21473
4,156;3,00809
4,16;3,78556
4,164;4,53364
4,168;5,23914
4,172;5,88941
4,176;6,47255
4,18;6,97765
4,184;7,39496
4,188;7,71609
4,192;7,93418
4,196;8,04403
4,2;8,04219
4,204;7,9271
4,208;7,69909
4,212;7,36041
4,216;6,91527
4,22;6,36971
4,224;5,73162
4,228;5,01053
4,232;4,21758
4,236;3,36525
4,24;2,46723
4,244;1,5382
4,248;0,59356
4,252;0,35079
4,256;1,30286
4,26;2,24653
4,264;3,16555
4,268;4,04389
4,272;4,86598
4,276;5,61698
4,28;6,28304
4,284;6,85157
4,288;7,31147
4,292;7,65333
4,296;7,8696
4,3;7,95479
4,304;7,90556
4,308;7,72081
4,312;7,40175
4,316;6,95188
4,32;6,377
4,324;5,68513
4,328;4,88637
4,332;3,99284
4,336;3,0184
4,34;1,97854
4,344;0,890041
4,348;0,229206
4,352;1,36054
4,356;2,48484
4,36;3,60694
4,364;4,70767
4,368;5,76792
4,372;6,76903
4,376;7,69304
4,38;8,5231
4,384;9,24366
4,388;9,84087
4,392;10,3028
4,396;10,6195
4,4;10,7835
4,404;10,7899
4,408;10,6363
4,412;10,323
4,416;9,85298
4,42;9,23207
4,424;8,46868
4,428;7,57379
4,432;6,56077
4,436;5,44522
4,44;4,2447
4,444;2,97847
4,448;1,6672
4,452;0,332613
4,456;1,00285
4,46;2,34053
4,464;3,65765
4,468;4,93142
4,472;6,13949
4,476;7,26028
4,48;8,27342
4,484;9,16006
4,488;9,90325
4,492;10,4882
4,496;10,9028
4,5;11,1373
4,504;11,1853
4,508;11,0431
4,512;10,7106
4,516;10,1905
4,52;9,48924
4,524;8,616
4,528;7,58325
4,532;6,40632
4,536;5,10322
4,54;3,69437
4,544;2,2023
4,548;0,651272
4,552;0,933094
4,556;2,52424
4,56;4,11924
4,564;5,69092
4,568;7,21214
4,572;8,6562
4,576;9,99734
4,58;11,2112
4,584;12,2752
4,588;13,1691
4,592;13,8751
4,596;14,3785
4,6;14,6678
4,604;14,7349
4,608;14,5756
4,612;14,1892
4,616;13,5791
4,62;12,7525
4,624;11,7204
4,628;10,4974
4,632;9,10168
4,636;7,55454
4,64;5,88021
4,644;4,10544
4,648;2,25907
4,652;0,371581
4,656;1,52541
4,66;3,42379
4,664;5,29119
4,668;7,09529
4,672;8,8044
4,676;10,388
4,68;11,8172
4,684;13,0654
4,688;14,1087
4,692;14,9263
4,696;15,5011
4,7;15,8198
4,704;15,8731
4,708;15,6565
4,712;15,1696
4,716;14,4169
4,72;13,4075
4,724;12,1548
4,728;10,6767
4,732;8,99529
4,736;7,13623
4,74;5,12872
4,744;3,00489
4,748;0,7993
4,752;1,45158
4,756;3,70998
4,76;5,96161
4,764;8,16794
4,768;10,2907
4,772;12,2924
4,776;14,1371
4,78;15,7912
4,784;17,2236
4,788;18,4067
4,792;19,3167
4,796;19,9342
4,8;20,2443
4,804;20,2375
4,808;19,9092
4,812;19,2604
4,816;18,2976
4,82;17,0327
4,824;15,4828
4,828;13,6705
4,832;11,6227
4,836;9,37118
4,84;6,95128
4,844;4,40192
4,848;1,76474
4,852;0,916502
4,856;3,59669
4,86;6,25421
4,864;8,84336
4,868;11,319
4,872;13,6372
4,876;15,7562
4,88;17,6369
4,884;19,2437
4,888;20,5454
4,892;21,5154
4,896;22,1322
4,9;22,3802
4,904;22,2501
4,908;21,7384
4,912;20,8484
4,916;19,59
4,92;17,9792
4,924;16,0384
4,928;13,7961
4,932;11,2862
4,936;8,54766
4,94;5,62389
4,944;2,56215
4,948;0,587286
4,952;3,77194
4,956;6,93797
4,96;10,0552
4,964;13,0697
4,968;15,9286
4,972;18,5809
4,976;20,9783
4,98;23,0761
4,984;24,8344
4,988;26,2182
4,992;27,1984
4,996;27,7526
5;27,8652
5,004;27,5279
5,008;26,7399
5,012;25,5082
5,016;23,8475
5,02;21,7798
5,024;19,3348
5,028;16,5485
5,032;13,4637
5,036;10,1288
5,04;6,59698
5,044;2,92573
5,048;0,824284
5,052;4,59021
5,056;8,33214
5,06;11,9859
5,064;15,4878
5,068;18,7759
5,072;21,791
5,076;24,4778
5,08;26,7856
5,084;28,6696
5,088;30,0915
5,092;31,0205
5,096;31,4336
5,1;31,3163
5,104;30,6629
5,108;29,4769
5,112;27,7709
5,116;25,5664
5,12;22,894
5,124;19,7925
5,128;16,3087
5,132;12,4965
5,136;8,41618
5,14;4,13362
5,144;0,281048
5,148;4,75437
5,152;9,21086
5,156;13,5983
5,16;17,841
5,164;21,8642
5,168;25,5962
5,172;28,9692
5,176;31,9204
5,18;34,3933
5,184;36,3388
5,188;37,7162
5,192;38,4938
5,196;38,6496
5,2;38,1721
5,204;37,0603
5,208;35,324
5,212;32,9838
5,216;30,071
5,22;26,6271
5,224;22,7032
5,228;18,3594
5,232;13,6636
5,236;8,69114
5,24;3,52273
5,244;1,75621
5,248;7,05717
5,252;12,3141
5,256;17,4368
5,26;22,3357
5,264;26,924
5,268;31,1191
5,272;34,8436
5,276;38,0271
5,28;40,6076
5,284;42,5324
5,288;43,7591
5,292;44,2567
5,296;44,0064
5,3;43,0014
5,304;41,2483
5,308;38,766
5,312;35,5865
5,316;31,754
5,32;27,3244
5,324;22,3649
5,328;16,9524
5,332;11,1727
5,336;5,1192
5,34;1,10871
5,344;7,40726
5,348;13,6941
5,352;19,8618
5,356;25,8034
5,36;31,4141
5,364;36,5936
5,368;41,2471
5,372;45,2877
5,376;48,6376
5,38;51,2297
5,384;53,0088
5,388;53,9329
5,392;53,9738
5,396;53,1182
5,4;51,3678
5,404;48,7395
5,408;45,2655
5,412;40,993
5,416;35,9834
5,42;30,3116
5,424;24,0648
5,428;17,3414
5,432;10,2492
5,436;2,90395
5,44;4,57258
5,444;12,0547
5,448;19,439
5,452;26,5979
5,456;33,4061
5,46;39,7423
5,464;45,4916
5,468;50,5475
5,472;54,8135
5,476;58,2056
5,48;60,6534
5,484;62,1013
5,488;62,5103
5,492;61,8585
5,496;60,1417
5,5;57,3738
5,504;53,5871
5,508;48,8313
5,512;43,1738
5,516;36,6982
5,52;29,503
5,524;21,7009
5,528;13,4161
5,532;4,78324
5,536;4,05549
5,54;12,9522
5,544;21,7799
5,548;30,3871
5,552;38,6237
5,556;46,3437
5,56;53,408
5,564;59,6865
5,568;65,0608
5,572;69,4262
5,576;72,6935
5,58;74,7913
5,584;75,6669
5,588;75,2877
5,592;73,6422
5,596;70,7402
5,6;66,6131
5,604;61,3138
5,608;54,9157
5,612;47,5123
5,616;39,2155
5,62;30,1539
5,624;20,4712
5,628;10,3237
5,632;0,12201
5,636;10,6921
5,64;21,232
5,644;31,5614
5,648;41,5011
5,652;50,8757
5,656;59,5171
5,66;67,2674
5,664;73,9813
5,668;79,5294
5,672;83,8002
5,676;86,7024
5,68;88,1668
5,684;88,1477
5,688;86,624
5,692;83,6002
5,696;79,1061
5,7;73,1973
5,704;65,9544
5,708;57,4816
5,712;47,9059
5,716;37,3749
5,72;26,0544
5,724;14,1264
5,728;1,78567
5,732;10,7632
5,736;23,3089
5,74;35,6615
5,744;47,6074
5,748;58,9368
5,752;69,4475
5,756;78,9484
5,76;87,2627
5,764;94,2315
5,768;99,7164
5,772;103,603
5,776;105,801
5,78;106,248
5,784;104,914
5,788;101,793
5,792;96,9142
5,796;90,3352
5,8;82,1438
5,804;72,4565
5,808;61,4171
5,812;49,1946
5,816;35,9806
5,82;21,9862
5,824;7,43906
5,828;7,42047
5,832;22,3433
5,836;37,0998
5,84;51,4358
5,844;65,1005
5,848;77,851
5,852;89,4566
5,856;99,7026
5,86;108,395
5,864;115,362
5,868;120,461
5,872;123,578
5,876;124,631
5,88;123,572
5,884;120,389
5,888;115,105
5,892;107,781
5,896;98,5123
5,9;87,4288
5,904;74,6938
5,908;60,5008
5,912;45,0709
5,916;28,6497
5,92;11,5033
5,924;6,08632
5,928;23,8252
5,932;41,437
5,936;58,6191
5,94;75,0723
5,944;90,5052
5,948;104,64
5,952;117,216
5,956;127,997
5,96;136,773
5,964;143,364
5,968;147,628
5,972;149,458
5,976;148,788
5,98;145,592
5,984;139,89
5,988;131,742
5,992;121,253
5,996;108,567
6;93,8698
6,004;77,3827
6,008;59,3616
6,012;40,0919
6,016;19,8845
6,02;0,929211
6,024;22,0028
6,028;43,0044
6,032;63,5746
6,036;83,3561
6,04;102
6,044;119,172
6,048;134,557
6,052;147,867
6,056;158,846
6,06;167,272
6,064;172,964
6,068;175,787
6,072;175,65
6,076;172,514
6,08;166,388
6,084;157,335
6,088;145,466
6,092;130,944
6,096;113,978
6,1;94,8225
6,104;73,7731
6,108;51,1615
6,112;27,3514
6,116;2,73166
6,12;22,2891
6,124;47,2896
6,128;71,8671
6,132;95,596
6,136;118,059
6,14;138,855
6,144;157,604
6,148;173,958
6,152;187,602
6,156;198,265
6,16;205,722
6,164;209,799
6,168;210,379
6,172;207,4
6,176;200,863
6,18;190,828
6,184;177,415
6,188;160,806
6,192;141,236
6,196;118,999
6,2;94,4345
6,204;67,9286
6,208;39,9058
6,212;10,8224
6,216;18,8405
6,22;48,585
6,224;77,9287
6,228;106,365
6,232;133,396
6,236;158,539
6,24;181,339
6,244;201,373
6,248;218,258
6,252;231,662
6,256;241,305
6,26;246,968
6,264;248,499
6,268;245,81
6,272;238,888
6,276;227,79
6,28;212,643
6,284;193,65
6,288;171,079
6,292;145,263
6,296;116,596
6,3;85,5261
6,304;52,5496
6,308;18,2015
6,312;16,9518
6,316;52,3218
6,32;87,3322
6,324;121,38
6,328;153,871
6,332;184,228
6,336;211,902
6,34;236,381
6,344;257,203
6,348;273,96
6,352;286,306
6,356;293,967
6,36;296,746
6,364;294,525
6,368;287,269
6,372;275,029
6,376;257,944
6,38;236,234
6,384;210,205
6,388;180,236
6,392;146,785
6,396;110,37
6,4;71,5715
6,404;31,0168
6,408;10,6272
6,412;52,6655
6,416;94,4104
6,42;135,145
6,424;174,16
6,428;210,765
6,432;244,3
6,436;274,149
6,44;299,748
6,444;320,601
6,448;336,282
6,452;346,451
6,456;350,853
6,46;349,33
6,464;341,824
6,468;328,376
6,472;309,13
6,476;284,332
6,48;254,324
6,484;219,543
6,488;180,515
6,492;137,844
6,496;92,2062
6,5;44,3377
6,504;4,97668
6,508;54,9161
6,512;104,662
6,516;153,361
6,52;200,168
6,524;244,258
6,528;284,837
6,532;321,164
6,536;352,557
6,54;378,408
6,544;398,198
6,548;411,501
6,552;417,997
6,556;417,476
6,56;409,847
6,564;395,137
6,568;373,496
6,572;345,193
6,576;310,615
6,58;270,262
6,584;224,74
6,588;174,75
6,592;121,082
6,596;64,5992
6,6;6,22435
6,604;53,0733
6,608;112,295
6,612;170,453
6,616;226,54
6,62;279,568
6,624;328,589
6,628;372,707
6,632;411,101
6,636;443,031
6,64;467,86
6,644;485,061
6,648;494,233
6,652;495,101
6,656;487,532
6,66;471,534
6,664;447,259
6,668;415
6,672;375,195
6,676;328,413
6,68;275,352
6,684;216,828
6,688;153,762
6,692;87,1624
6,696;18,1168
6,7;52,2322
6,704;122,703
6,708;192,118
6,712;259,278
6,716;323,004
6,72;382,159
6,724;435,668
6,728;482,536
6,732;521,867
6,736;552,883
6,74;574,933
6,744;587,512
6,748;590,27
6,752;583,018
6,756;565,735
6,76;538,572
6,764;501,85
6,768;456,059
6,772;401,849
6,776;340,024
6,78;271,529
6,784;197,439
6,788;118,935
6,792;37,296
6,796;46,1316
6,8;129,949
6,804;212,756
6,808;293,125
6,812;369,648
6,816;440,964
6,82;505,782
6,824;562,902
6,828;611,237
6,832;649,836
6,836;677,901
6,84;694,801
6,844;700,086
6,848;693,499
6,852;674,982
6,856;644,678
6,86;602,936
6,864;550,303
6,868;487,52
6,872;415,513
6,876;335,377
6,88;248,364
6,884;155,86
6,888;59,3629
6,892;39,5363
6,896;139,185
6,9;237,917
6,904;334,034
6,908;425,859
6,912;511,762
6,916;590,191
6,92;659,702
6,924;718,979
6,928;766,863
6,932;802,372
6,936;824,723
6,94;833,345
6,944;827,892
6,948;808,256
6,952;774,566
6,956;727,197
6,96;666,758
6,964;594,094
6,968;510,268
6,972;416,55
6,976;314,398
6,98;205,433
6,984;91,4173
6,988;25,7767
6,992;144,194
6,996;261,856
7;376,744
7,004;486,856
7,008;590,245
7,012;685,049
7,016;769,527
7,02;842,089
7,024;901,324
7,028;946,029
7,032;975,232
7,036;988,213
7,04;984,515
7,044;963,961
7,048;926,66
7,052;873,006
7,056;803,681
7,06;719,642
7,064;622,111
7,068;512,558
7,072;392,68
7,076;264,374
7,08;129,709
7,084;9,10963
7,088;149,771
7,092;289,926
7,096;427,175
7,1;559,135
7,104;683,475
7,108;797,966
7,112;900,511
7,116;989,188
7,12;1.062,28
7,124;1.118,33
7,128;1.156,11
7,132;1.174,74
7,136;1.173,61
7,14;1.152,45
7,144;1.111,35
7,148;1.050,71
7,152;971,292
7,156;874,177
7,16;760,767
7,164;632,765
7,168;492,145
7,172;341,124
7,176;182,131
7,18;17,7644
7,184;149,249
7,188;316,095
7,192;479,95
7,196;637,974
7,2;787,384
7,204;925,509
7,208;1.049,83
7,212;1.158,02
7,216;1.248
7,22;1.317,99
7,224;1.366,48
7,228;1.392,36
7,232;1.394,84
7,236;1.373,56
7,24;1.328,52
7,244;1.260,17
7,248;1.169,32
7,252;1.057,21
7,256;925,439
7,26;775,979
7,264;611,123
7,268;433,464
7,272;245,849
7,276;51,336
7,28;146,854
7,284;345,391
7,288;540,916
7,292;730,05
7,296;909,471
7,3;1.075,98
7,304;1.226,54
7,308;1.358,37
7,312;1.468,93
7,316;1.556,05
7,32;1.617,88
7,324;1.653,01
7,328;1.660,47
7,332;1.639,71
7,336;1.590,7
7,34;1.513,86
7,344;1.410,1
7,348;1.280,8
7,352;1.127,81
7,356;953,385
7,36;760,205
7,364;551,294
7,368;329,989
7,372;99,8895
7,376;135,204
7,38;371,351
7,384;604,562
7,388;830,812
7,392;1.046,14
7,396;1.246,72
7,4;1.428,91
7,404;1.589,33
7,408;1.724,94
7,412;1.833,06
7,416;1.911,46
7,42;1.958,36
7,424;1.972,52
7,428;1.953,22
7,432;1.900,3
7,436;1.814,19
7,44;1.695,88
7,444;1.546,92
7,448;1.369,41
7,452;1.165,98
7,456;939,72
7,46;694,164
7,464;433,224
7,468;161,133
7,472;117,626
7,476;398,391
7,48;676,424
7,484;946,94
7,488;1.205,22
7,492;1.446,66
7,496;1.666,92
7,5;1.861,93
7,504;2.027,99
7,508;2.161,86
7,512;2.260,78
7,516;2.322,57
7,52;2.345,63
7,524;2.329,02
7,528;2.272,44
7,532;2.176,29
7,536;2.041,64
7,54;1.870,22
7,544;1.664,45
7,548;1.427,33
7,552;1.162,45
7,556;873,953
7,56;566,407
7,564;244,789
7,568;85,6144
7,572;419,29
7,576;750,615
7,58;1.073,9
7,584;1.383,51
7,588;1.673,97
7,592;1.940,05
7,596;2.176,84
7,6;2.379,89
7,604;2.545,25
7,608;2.669,56
7,612;2.750,09
7,616;2.784,85
7,62;2.772,58
7,624;2.712,81
7,628;2.605,89
7,632;2.452,95
7,636;2.255,94
7,64;2.017,6
7,644;1.741,39
7,648;1.431,49
7,652;1.092,69
7,656;730,367
7,66;350,359
7,664;41,1
7,668;437,495
7,672;832,155
7,676;1.218,32
7,68;1.589,28
7,684;1.938,48
7,688;2.259,64
7,692;2.546,9
7,696;2.794,84
7,7;2.998,69
7,704;3.154,31
7,708;3.258,36
7,712;3.308,33
7,716;3.302,58
7,72;3.240,41
7,724;3.122,06
7,728;2.948,75
7,732;2.722,64
7,736;2.446,84
7,74;2.125,32
7,744;1.762,93
7,748;1.365,26
7,752;938,583
7,756;489,769
7,76;26,1567
7,764;444,554
7,768;914,431
7,772;1.375,47
7,776;1.819,67
7,78;2.239,21
7,784;2.626,58
7,788;2.974,7
7,792;3.277,07
7,796;3.527,86
7,8;3.722,05
7,804;3.855,52
7,808;3.925,1
7,812;3.928,71
7,816;3.865,31
7,82;3.735,03
7,824;3.539,13
7,828;3.280,01
7,832;2.961,18
7,836;2.587,23
7,84;2.163,73
7,844;1.697,2
7,848;1.194,99
7,852;665,16
7,856;116,344
7,86;442,36
7,864;1.001,56
7,868;1.551,74
7,872;2.083,39
7,876;2.587,16
7,88;3.054,05
7,884;3.475,57
7,888;3.843,87
7,892;4.151,89
7,896;4.393,51
7,9;4.563,66
7,904;4.658,39
7,908;4.675
7,912;4.612,09
7,916;4.469,59
7,92;4.248,78
7,924;3.952,3
7,928;3.584,12
7,932;3.149,5
7,936;2.654,89
7,94;2.107,87
7,944;1.517,02
7,948;891,802
7,952;242,382
7,956;420,503
7,96;1.085,73
7,964;1.742,01
7,968;2.378,01
7,972;2.982,58
7,976;3.544,96
7,98;4.054,93
7,984;4.503,05
7,988;4.880,76
7,992;5.180,62
7,996;5.396,37
8;5.523,14
8,004;5.557,47
8,008;5.497,45
8,012;5.342,74
8,016;5.094,62
8,02;4.755,98
8,024;4.331,29
8,028;3.826,57
8,032;3.249,27
8,036;2.608,21
8,04;1.913,4
8,044;1.175,93
8,048;407,769
8,052;378,409
8,056;1.169,45
8,06;1.951,95
8,064;2.712,42
8,068;3.437,58
8,072;4.114,54
8,076;4.731,05
8,08;5.275,72
8,084;5.738,21
8,088;6.109,46
8,092;6.381,81
8,096;6.549,18
8,1;6.607,22
8,104;6.553,36
8,108;6.386,9
8,112;6.109,07
8,116;5.722,99
8,12;5.233,71
8,124;4.648,09
8,128;3.974,72
8,132;3.223,86
8,136;2.407,18
8,14;1.537,68
8,144;629,445
8,148;302,589
8,152;1.242,86
8,156;2.175,45
8,16;3.084,35
8,164;3.953,69
8,168;4.768,08
8,172;5.512,82
8,176;6.174,2
8,18;6.739,73
8,184;7.198,38
8,188;7.540,78
8,192;7.759,42
8,196;7.848,77
8,2;7.805,46
8,204;7.628,32
8,208;7.318,43
8,212;6.879,18
8,216;6.316,2
8,22;5.637,32
8,224;4.852,45
8,228;3.973,47
8,232;3.014,01
8,236;1.989,3
8,24;915,879
8,244;188,628
8,248;1.305,82
8,252;2.416,84
8,256;3.502,63
8,26;4.544,31
8,264;5.523,45
8,268;6.422,45
8,272;7.224,81
8,276;7.915,44
8,28;8.480,95
8,284;8.909,89
8,288;9.192,97
8,292;9.323,25
8,296;9.296,32
8,3;9.110,37
8,304;8.766,28
8,308;8.267,64
8,312;7.620,75
8,316;6.834,51
8,32;5.920,33
8,324;4.891,96
8,328;3.765,33
8,332;2.558,23
8,336;1.290,11
8,34;18,2593
8,344;1.345,14
8,348;2.668,16
8,352;3.964,7
8,356;5.212,25
8,36;6.388,81
8,364;7.473,27
8,368;8.445,81
8,372;9.288,21
8,376;9.984,22
8,38;10.519,9
8,384;10.883,7
8,388;11.067
8,392;11.064
8,396;10.872,2
8,4;10.492,1
8,404;9.927,45
8,408;9.185,24
8,412;8.275,57
8,416;7.211,57
8,42;6.009,17
8,424;4.686,9
8,428;3.265,6
8,432;1.768,1
8,436;218,86
8,44;1.356,42
8,444;2.931,24
8,448;4.478,74
8,452;5.972,1
8,456;7.385,07
8,46;8.692,37
8,464;9.870,17
8,468;10.896,5
8,472;11.751,7
8,476;12.418,6
8,48;12.883,3
8,484;13.134,7
8,488;13.165,7
8,492;12.972,4
8,496;12.555
8,5;11.917,3
8,504;11.067
8,508;10.015,7
8,512;8.778,33
8,516;7.373,34
8,52;5.822,3
8,524;4.149,59
8,528;2.381,99
8,532;548,304
8,536;1.321,12
8,54;3.194,89
8,544;5.041,11
8,548;6.827,89
8,552;8.523,86
8,556;10.098,8
8,56;11.524
8,564;12.773,1
8,568;13.822,2
8,572;14.650,5
8,576;15.240,7
8,58;15.579,3
8,584;15.656,9
8,588;15.468,3
8,592;15.013,1
8,596;14.295,1
8,6;13.322,8
8,604;12.109,1
8,608;10.671,2
8,612;9.030,59
8,616;7.212,18
8,62;5.244,49
8,624;3.158,97
8,628;989,503
8,632;1.228,09
8,636;3.456,66
8,64;5.658,35
8,644;7.795,2
8,648;9.829,81
8,652;11.726
8,656;13.449,3
8,66;14.968
8,664;16.253,1
8,668;17.279,4
8,672;18.025,6
8,676;18.474,9
8,68;18.615,3
8,684;18.440,2
8,688;17.947,8
8,692;17.142
8,696;16.032,1
8,7;14.632,7
8,704;12.963,3
8,708;11.048,7
8,712;8.918,05
8,716;6.604,5
8,72;4.144,94
8,724;1.579,24
8,728;1.050,33
8,732;3.699,81
8,736;6.324,31
8,74;8.878,66
8,744;11.318,3
8,748;13.599,8
8,752;15.682,2
8,756;17.526,8
8,76;19.098,9
8,764;20.367,7
8,768;21.307,2
8,772;21.896,5
8,776;22.120,6
8,78;21.970,5
8,784;21.443,1
8,788;20.542,3
8,792;19.277,9
8,796;17.666,2
8,8;15.729,9
8,804;13.497,2
8,808;11.002
8,812;8.283,13
8,816;5.383,73
8,82;2.350,69
8,824;766,14
8,828;3.914,78
8,832;7.041,97
8,836;10.094
8,84;13.017,8
8,844;15.761,5
8,848;18.275,8
8,852;20.514,4
8,856;22.435,1
8,86;24.000,6
8,864;25.179,1
8,868;25.944,8
8,872;26.278,8
8,876;26.169,2
8,88;25.611,4
8,884;24.608,4
8,888;23.171,1
8,892;21.317,6
8,896;19.073,7
8,9;16.471,9
8,904;13.551,6
8,908;10.357,9
8,912;6.941,56
8,916;3.357,55
8,92;335,359
8,924;4.075,69
8,928;7.800,33
8,932;11.445,5
8,936;14.947,8
8,94;18.245,4
8,944;21.279,1
8,948;23.993,4
8,952;26.337,2
8,956;28.265,3
8,96;29.738,8
8,964;30.726
8,968;31.202,9
8,972;31.154,2
8,976;30.573,2
8,98;29.461,9
8,984;27.831,9
8,988;25.703,4
8,992;23.105,5
8,996;20.075,9
9;16.660,1
9,004;12.910,7
9,008;8.887,03
9,012;4.653,72
9,016;280,032
9,02;4.161,42
9,024;8.595,81
9,028;12.947,4
9,032;17.140,7
9,036;21.101,8
9,04;24.759,9
9,044;28.048,1
9,048;30.905
9,052;33.275,6
9,056;35.112,5
9,06;36.376,6
9,064;37.038,1
9,068;37.077
9,072;36.483,8
9,076;35.259,3
9,08;33.415,5
9,084;30.974,9
9,088;27.970,5
9,092;24.445,5
9,096;20.452,6
9,1;16.053,1
9,104;11.316,4
9,108;6.318,28
9,112;1.140,43
9,116;4.131,43
9,12;9.408,67
9,124;14.601,3
9,128;19.619,6
9,132;24.375,2
9,136;28.783,4
9,14;32.763,7
9,144;36.242,3
9,148;39.152,3
9,152;41.436,1
9,156;43.045,6
9,16;43.943,7
9,164;44.104,6
9,168;43.515,2
9,172;42.174,7
9,176;40.095
9,18;37.301,2
9,184;33.830,4
9,188;29.732,4
9,192;25.067,9
9,196;19.908,3
9,2;14.334,8
9,204;8.436,3
9,208;2.308,9
9,212;3.946,13
9,216;10.223,9
9,22;16.417,6
9,224;22.420,3
9,228;28.126,8
9,232;33.435,6
9,236;38.250,1
9,24;42.481,2
9,244;46.048,2
9,248;48.880,8
9,252;50.919,9
9,256;52.119,3
9,26;52.446,6
9,264;51.883,5
9,268;50.426,9
9,272;48.088,6
9,276;44.896,1
9,28;40.891,3
9,284;36.131
9,288;30.685,6
9,292;24.638
9,296;18.083
9,3;11.124,9
9,304;3.876,79
9,308;3.541,82
9,312;11.006,8
9,316;18.391,4
9,32;25.568,5
9,324;32.412,6
9,328;38.802
9,332;44.621,2
9,336;49.762,7
9,34;54.128,9
9,344;57.634,3
9,348;60.206,4
9,352;61.788,1
9,356;62.338,1
9,36;61.832
9,364;60.263,4
9,368;57.643,7
9,372;54.002,6
9,376;49.387,3
9,38;43.862,7
9,384;37.509,9
9,388;30.425,6
9,392;22.719,9
9,396;14.515,5
9,4;5.945,24
9,404;2.849,9
9,408;11.723
9,412;20.523,9
9,416;29.101,3
9,42;37.305,5
9,424;44.991,2
9,428;52.019,8
9,432;58.261,8
9,436;63.599,3
9,44;67.928,4
9,444;71.160,4
9,448;73.224,6
9,452;74.068,8
9,456;73.661,1
9,46;71.990,4
9,464;69.067
9,468;64.922,8
9,472;59.611
9,476;53.205,3
9,48;45.799,3
9,484;37.505,1
9,488;28.451,4
9,492;18.781,8
9,496;8.652,41
9,5;1.770,49
9,504;12.313,2
9,508;22.797,6
9,512;33.044
9,516;42.873,9
9,52;52.113,6
9,524;60.597
9,528;68.168,4
9,532;74.685,4
9,536;80.021,6
9,54;84.068,9
9,544;86.739,7
9,548;87.968,7
9,552;87.714
9,556;85.958,7
9,56;82.711
9,564;78.005
9,568;71.899,9
9,572;64.479,9
9,576;55.852,5
9,58;46.147,7
9,584;35.515,5
9,588;24.124,1
9,592;12.157
9,596;189,989
9,6;12.711,5
9,604;25.196,4
9,608;37.431,1
9,612;49.203,2
9,616;60.305
9,62;70.537,6
9,624;79.713,7
9,628;87.661,5
9,632;94.227,7
9,636;99.280,3
9,64;102.711
9,644;104.439
9,648;104.409
9,652;102.596
9,656;99.007,1
9,66;93.676,3
9,664;86.670
9,668;78.083,7
9,672;68.041,2
9,676;56.692,8
9,68;44.213,5
9,684;30.800
9,688;16.667,6
9,692;2.047,3
9,696;12.818,4
9,7;27.679,5
9,704;42.282,1
9,708;56.373,4
9,712;69.705,5
9,716;82.039,9
9,72;93.151,8
9,724;102.834
9,728;110.900
9,732;117.190
9,736;121.571
9,74;123.940
9,744;124.227
9,748;122.399
9,752;118.455
9,756;112.433
9,76;104.406
9,764;94.480,5
9,768;82.800,1
9,772;69.538,3
9,776;54.898,7
9,78;39.111,4
9,784;22.429,3
9,788;5.124,1
9,792;12.517,7
9,796;30.199,9
9,8;47.621,4
9,804;64.481
9,808;80.482,9
9,812;95.341,7
9,816;108.787
9,82;120.570
9,824;130.465
9,828;138.275
9,832;143.838
9,836;147.027
9,84;147.752
9,844;145.966
9,848;141.663
9,852;134.880
9,856;125.698
9,86;114.238
9,864;100.664
9,868;85.176,4
9,872;68.012
9,876;49.439,7
9,88;29.756,3
9,884;9.281,55
9,888;11.646,4
9,892;32.676,9
9,896;53.452,6
9,9;73.615,1
9,904;92.811,7
9,908;110.701
9,912;126.958
9,916;141.283
9,92;153.402
9,924;163.079
9,928;170.111
9,932;174.341
9,936;175.657
9,94;173.994
9,944;169.337
9,948;161.724
9,952;151.240
9,956;138.025
9,96;122.264
9,964;104.189
9,968;84.075,1
9,972;62.237,2
9,976;39.022,6
9,98;14.807,7
9,984;10.008,6
9,988;35.011,4
9,992;59.776,7
9,996;83.878,5
10;106.896
10,004;128.420
10,008;148.063
10,012;165.462
10,016;180.287
10,02;192.249
10,024;201.102
10,028;206.651
10,032;208.753
10,036;207.322
10,04;202.332
10,044;193.818
10,048;181.873
10,052;166.652
10,056;148.367
10,06;127.288
10,064;103.732
10,068;78.066,9
10,072;50.699,8
10,076;22.073,4
10,08;7.341,85
10,084;37.055,4
10,088;66.564,4
10,092;95.362,3
10,096;122.947
10,1;148.831
10,104;172.548
10,108;193.661
10,112;211.774
10,116;226.533
10,12;237.638
10,124;244.847
10,128;247.982
10,132;246.929
10,136;241.647
10,14;232.165
10,144;218.584
10,148;201.077
10,152;179.886
10,156;155.320
10,16;127.749
10,164;97.601,4
10,168;65.353,6
10,172;31.526,1
10,176;3.326,5
10,18;38.624,3
10,184;73.771,1
10,188;108.165
10,192;141.208
10,196;172.318
10,2;200.934
10,204;226.533
10,208;248.634
10,212;266.811
10,216;280.696
10,22;289.990
10,224;294.469
10,228;293.986
10,232;288.480
10,236;277.971
10,24;262.566
10,244;242.459
10,248;217.924
10,252;189.316
10,256;157.066
10,26;121.670
10,264;83.688,9
10,268;43.732,2
10,272;2.453,73
10,276;39.461
10,28;81.305,8
10,284;122.366
10,288;161.928
10,292;199.297
10,296;233.802
10,3;264.815
10,304;291.754
10,308;314.102
10,312;331.411
10,316;343.313
10,32;349.527
10,324;349.866
10,328;344.239
10,332;332.655
10,336;315.227
10,34;292.169
10,344;263.792
10,348;230.504
10,352;192.803
10,356;151.269
10,36;106.555
10,364;59.378,6
10,368;10.509,4
10,372;39.242,9
10,376;89.041,9
10,38;138.038
10,384;185.384
10,388;230.249
10,392;271.829
10,396;309.369
10,4;342.170
10,404;369.604
10,408;391.124
10,412;406.280
10,416;414.719
10,42;416.203
10,424;410.605
10,428;397.918
10,432;378.258
10,436;351.859
10,44;319.074
10,444;280.373
10,448;236.328
10,452;187.617
10,456;135.002
10,46;79.324,9
10,464;21.492,6
10,468;37.539,2
10,472;96.780,5
10,476;155.223
10,48;211.858
10,484;265.693
10,488;315.768
10,492;361.176
10,496;401.073
10,5;434.700
10,504;461.392
10,508;480.595
10,512;491.871
10,516;494.915
10,52;489.557
10,524;475.766
10,528;453.657
10,532;423.488
10,536;385.656
10,54;340.697
10,544;289.277
10,548;232.179
10,552;170.297
10,556;104.617
10,56;36.205,3
10,564;33.809,1
10,568;104.255
10,572;173.935
10,576;241.651
10,58;306.217
10,584;366.488
10,588;421.371
10,592;469.854
10,596;511.015
10,6;544.048
10,604;568.272
10,608;583.146
10,612;588.282
10,616;583.452
10,62;568.595
10,624;543.820
10,628;509.407
10,632;465.804
10,636;413.624
10,64;353.633
10,644;286.744
10,648;213.997
10,652;136.550
10,656;55.658,3
10,66;27.348,5
10,664;111.084
10,668;194.129
10,672;275.057
10,676;352.457
10,68;424.955
10,684;491.245
10,688;550.105
10,692;600.425
10,696;641.222
10,7;671.663
10,704;691.079
10,708;698.980
10,712;695.066
10,716;679.233
10,72;651.580
10,724;612.409
10,728;562.221
10,732;501.716
10,736;431.776
10,74;353.461
10,744;267.985
10,748;176.705
10,752;81.095
10,756;17.276
10,76;116.769
10,764;215.701
10,768;312.377
10,772;405.114
10,776;492.273
10,78;572.285
10,784;643.682
10,788;705.122
10,792;755.412
10,796;793.535
10,8;818.663
10,804;830.182
10,808;827.697
10,812;811.051
10,816;780.324
10,82;735.836
10,824;678.150
10,828;608.059
10,832;526.582
10,836;434.944
10,84;334.563
10,844;227.027
10,848;114.068
10,852;2.463,81
10,856;120.632
10,86;238.443
10,864;353.881
10,868;464.942
10,872;569.667
10,876;666.178
10,88;752.709
10,884;827.640
10,888;889.525
10,892;937.120
10,896;969.407
10,9;985.614
10,904;985.233
10,908;968.032
10,912;934.063
10,916;883.663
10,92;817.456
10,924;736.344
10,928;641.497
10,932;534.337
10,936;416.514
10,94;289.885
10,944;156.486
10,948;18.495,7
10,952;121.798
10,956;262.033
10,96;399.815
10,964;532.758
10,968;658.523
10,972;774.860
10,976;879.648
10,98;970.933
10,984;1,04696e+06
10,988;1,10622e+06
10,992;1,14745e+06
10,996;1,16968e+06
11;1,17228e+06
11,004;1,15491e+06
11,008;1,11758e+06
11,012;1,06063e+06
11,016;984.768
11,02;891.004
11,024;780.683
11,028;655.450
11,032;517.227
11,036;368.186
11,04;210.716
11,044;47.381,7
11,048;119.113
11,052;285.973
11,056;450.354
11,06;609.417
11,064;760.370
11,068;900.519
11,072;1,02732e+06
11,076;1,13841e+06
11,08;1,23167e+06
11,084;1,30526e+06
11,088;1,35762e+06
11,092;1,38758e+06
11,096;1,39428e+06
11,1;1,37728e+06
11,104;1,33653e+06
11,108;1,27239e+06
11,112;1,18561e+06
11,116;1,07734e+06
11,12;949.126
11,124;802.868
11,128;640.802
11,132;465.465
11,136;279.660
11,14;86.406,5
11,144;111.105
11,148;309.564
11,152;505.597
11,156;695.825
11,16;876.917
11,164;1,04565e+06
11,168;1,19897e+06
11,172;1,33403e+06
11,176;1,44827e+06
11,18;1,53944e+06
11,184;1,60565e+06
11,188;1,64541e+06
11,192;1,65765e+06
11,196;1,64179e+06
11,2;1,59768e+06
11,204;1,52566e+06
11,208;1,42657e+06
11,212;1,30171e+06
11,216;1,15283e+06
11,22;982.132
11,224;792.215
11,228;586.044
11,232;366.902
11,236;138.342
11,24;95.870
11,244;331.818
11,248;565.501
11,252;792.898
11,256;1,01004e+06
11,26;1,21307e+06
11,264;1,39831e+06
11,268;1,56237e+06
11,272;1,70212e+06
11,276;1,81483e+06
11,28;1,89819e+06
11,284;1,95036e+06
11,288;1,96999e+06
11,292;1,95628e+06
11,296;1,90899e+06
11,3;1,82844e+06
11,304;1,71552e+06
11,308;1,5717e+06
11,312;1,39899e+06
11,316;1,19991e+06
11,32;977.482
11,324;735.173
11,328;476.827
11,332;206.622
11,336;70.999
11,34;351.406
11,344;629.854
11,348;901.563
11,352;1,1618e+06
11,356;1,40595e+06
11,36;1,62962e+06
11,364;1,82871e+06
11,368;1,99945e+06
11,372;2,13852e+06
11,376;2,2431e+06
11,38;2,31091e+06
11,384;2,34025e+06
11,388;2,33007e+06
11,392;2,27998e+06
11,396;2,19026e+06
11,4;2,06186e+06
11,404;1,89643e+06
11,408;1,69625e+06
11,412;1,46423e+06
11,416;1,20389e+06
11,42;919.251
11,424;614.825
11,428;295.522
11,432;33.423
11,436;366.534
11,44;698.186
11,444;1,0227e+06
11,448;1,33443e+06
11,452;1,62788e+06
11,456;1,89776e+06
11,46;2,13915e+06
11,464;2,34751e+06
11,468;2,5188e+06
11,472;2,64957e+06
11,476;2,737e+06
11,48;2,77898e+06
11,484;2,77414e+06
11,488;2,72188e+06
11,492;2,62242e+06
11,496;2,47677e+06
11,5;2,28675e+06
11,504;2,05497e+06
11,508;1,78478e+06
11,512;1,48023e+06
11,516;1,14604e+06
11,52;787.482
11,524;410.317
11,528;20.718
11,532;374.845
11,536;769.706
11,54;1,15712e+06
11,544;1,53036e+06
11,548;1,88286e+06
11,552;2,2083e+06
11,556;2,50074e+06
11,56;2,75471e+06
11,564;2,96532e+06
11,568;3,12836e+06
11,572;3,24035e+06
11,576;3,29866e+06
11,58;3,30151e+06
11,584;3,24805e+06
11,588;3,13839e+06
11,592;2,97359e+06
11,596;2,75567e+06
11,6;2,48758e+06
11,604;2,17318e+06
11,608;1,81715e+06
11,612;1,42499e+06
11,616;1,00286e+06
11,62;557.540
11,624;96.289,6
11,628;373.246
11,632;843.174
11,636;1,30548e+06
11,64;1,75216e+06
11,644;2,17537e+06
11,648;2,56755e+06
11,652;2,92155e+06
11,656;3,23079e+06
11,66;3,48935e+06
11,664;3,69208e+06
11,668;3,83471e+06
11,672;3,91396e+06
11,676;3,92754e+06
11,68;3,8743e+06
11,684;3,75416e+06
11,688;3,56822e+06
11,692;3,31871e+06
11,696;3,00897e+06
11,7;2,64341e+06
11,704;2,22748e+06
11,708;1,76753e+06
11,712;1,2708e+06
11,716;745.233
11,72;199.375
11,724;357.746
11,728;916.784
11,732;1,46823e+06
11,736;2,00255e+06
11,74;2,51039e+06
11,744;2,9827e+06
11,748;3,41091e+06
11,752;3,78707e+06
11,756;4,10402e+06
11,76;4,35549e+06
11,764;4,53624e+06
11,768;4,64218e+06
11,772;4,67042e+06
11,776;4,61935e+06
11,78;4,48872e+06
11,784;4,27959e+06
11,788;3,99442e+06
11,792;3,63697e+06
11,796;3,2123e+06
11,8;2,72669e+06
11,804;2,18755e+06
11,808;1,60332e+06
11,812;983.305
11,816;337.584
11,82;323.197
11,824;987.977
11,828;1,64547e+06
11,832;2,28434e+06
11,836;2,89343e+06
11,84;3,46191e+06
11,844;3,9795e+06
11,848;4,43662e+06
11,852;4,8246e+06
11,856;5,13583e+06
11,86;5,36389e+06
11,864;5,50369e+06
11,868;5,55158e+06
11,872;5,5054e+06
11,876;5,36461e+06
11,88;5,13023e+06
11,884;4,80492e+06
11,888;4,39292e+06
11,892;3,90001e+06
11,896;3,33345e+06
11,9;2,70184e+06
11,904;2,01502e+06
11,908;1,28392e+06
11,912;520.381
11,916;263.033
11,92;1,05324e+06
11,924;1,83685e+06
11,928;2,6004e+06
11,932;3,33056e+06
11,936;4,01439e+06
11,94;4,63956e+06
11,944;5,19455e+06
11,948;5,66887e+06
11,952;6,05328e+06
11,956;6,33992e+06
11,96;6,52248e+06
11,964;6,59635e+06
11,968;6,55871e+06
11,972;6,40859e+06
11,976;6,14694e+06
11,98;5,77661e+06
11,984;5,30236e+06
11,988;4,73079e+06
