0,004;0
0,008;0,000113137
0,012;0,00033911
0,016;0,000676048
0,02;0,00112052
0,024;0,00166757
0,028;0,00231077
0,032;0,00304226
0,036;0,00385289
0,04;0,00473231
0,044;0,0056691
0,048;0,00665091
0,052;0,00766462
0,056;0,00869654
0,06;0,00973257
0,064;0,0107584
0,068;0,0117596
0,072;0,0127222
0,076;0,0136322
0,08;0,0144765
0,084;0,0152427
0,088;0,0159193
0,092;0,0164958
0,096;0,0169631
0,1;0,0173136
0,104;0,0175411
0,108;0,0176411
0,112;0,0176106
0,116;0,0174488
0,12;0,0171563
0,124;0,0167358
0,128;0,0161917
0,132;0,01553
0,136;0,0147588
0,14;0,0138874
0,144;0,0129268
0,148;0,0118893
0,152;0,0107885
0,156;0,00963886
0,16;0,00845585
0,164;0,00725547
0,168;0,00605417
0,172;0,0048686
0,176;0,00371539
0,18;0,00261087
0,184;0,00157091
0,188;0,000610664
0,192;0,000255671
0,196;0,00101503
0,2;0,00165567
0,204;0,0021674
0,208;0,00254167
0,212;0,00277174
0,216;0,00285283
0,22;0,00278212
0,224;0,00255891
0,228;0,00218457
0,232;0,00166262
0,236;0,000998621
0,24;0,000200205
0,244;0,000723067
0,248;0,00175979
0,252;0,00289686
0,256;0,00411963
0,26;0,00541211
0,264;0,00675715
0,268;0,0081367
0,272;0,009532
0,276;0,0109239
0,28;0,012293
0,284;0,0136202
0,288;0,0148865
0,292;0,0160736
0,296;0,0171644
0,3;0,0181424
0,304;0,018993
0,308;0,0197029
0,312;0,0202606
0,316;0,0206568
0,32;0,0208841
0,324;0,0209375
0,328;0,0208143
0,332;0,0205143
0,336;0,0200395
0,34;0,0193947
0,344;0,0185869
0,348;0,0176254
0,352;0,0165219
0,356;0,01529
0,36;0,0139455
0,364;0,0125057
0,368;0,0109895
0,372;0,009417
0,376;0,00780948
0,38;0,00618881
0,384;0,0045773
0,388;0,00299741
0,392;0,00147139
0,396;2,10201e-05
0,4;0,00133275
0,404;0,00257006
0,408;0,00367246
0,412;0,00462314
0,416;0,00540723
0,42;0,00601198
0,424;0,006427
0,428;0,0066444
0,432;0,00665898
0,436;0,00646824
0,44;0,00607253
0,444;0,00547505
0,448;0,00468182
0,452;0,00370164
0,456;0,00254603
0,46;0,00122902
0,464;0,000232908
0,468;0,00182112
0,472;0,00351501
0,476;0,00529226
0,48;0,00712917
0,484;0,00900093
0,488;0,010882
0,492;0,0127463
0,496;0,014568
0,5;0,0163211
0,504;0,0179807
0,508;0,0195227
0,512;0,0209244
0,516;0,0221648
0,52;0,0232249
0,524;0,0240879
0,528;0,0247397
0,532;0,0251688
0,536;0,025367
0,54;0,0253287
0,544;0,0250519
0,548;0,0245377
0,552;0,0237907
0,556;0,0228185
0,56;0,0216322
0,564;0,0202458
0,568;0,0186762
0,572;0,0169432
0,576;0,015069
0,58;0,013078
0,584;0,0109965
0,588;0,00885226
0,592;0,00667444
0,596;0,00449281
0,6;0,00233759
0,604;0,000238946
0,608;0,00177338
0,612;0,00367051
0,616;0,00542485
0,62;0,00701049
0,624;0,00840353
0,628;0,00958251
0,632;0,0105287
0,636;0,0112263
0,64;0,0116629
0,644;0,0118296
0,648;0,011721
0,652;0,0113354
0,656;0,0106753
0,66;0,00974653
0,664;0,00855911
0,668;0,00712656
0,672;0,00546602
0,676;0,00359794
0,68;0,00154591
0,684;0,000663674
0,688;0,00300194
0,692;0,00543791
0,696;0,00793889
0,7;0,0104709
0,704;0,0129993
0,708;0,0154888
0,712;0,0179046
0,716;0,0202123
0,72;0,0223787
0,724;0,0243722
0,728;0,0261632
0,732;0,0277246
0,736;0,0290321
0,74;0,0300649
0,744;0,0308055
0,748;0,0312403
0,752;0,03136
0,756;0,0311592
0,76;0,0306373
0,764;0,0297978
0,768;0,0286489
0,772;0,027203
0,776;0,0254768
0,78;0,0234911
0,784;0,0212706
0,788;0,0188434
0,792;0,0162409
0,796;0,0134971
0,8;0,0106486
0,804;0,00773364
0,808;0,00479195
0,812;0,001864
0,816;0,00100945
0,82;0,00378795
0,824;0,00643191
0,828;0,00890315
0,832;0,0111655
0,836;0,0131852
0,84;0,0149315
0,844;0,0163772
0,848;0,0174989
0,852;0,0182774
0,856;0,018698
0,86;0,0187508
0,864;0,0184312
0,868;0,0177392
0,872;0,0166803
0,876;0,0152652
0,88;0,0135094
0,884;0,0114335
0,888;0,0090626
0,892;0,00642638
0,896;0,00355837
0,9;0,000495772
0,904;0,00272114
0,908;0,00604949
0,912;0,00944437
0,916;0,0128594
0,92;0,0162476
0,924;0,0195615
0,928;0,0227544
0,932;0,0257807
0,936;0,0285966
0,94;0,0311606
0,944;0,0334343
0,948;0,035383
0,952;0,036976
0,956;0,0381873
0,96;0,0389958
0,964;0,0393857
0,968;0,0393469
0,972;0,0388753
0,976;0,0379724
0,98;0,036646
0,984;0,0349097
0,988;0,0327831
0,992;0,0302911
0,996;0,0274644
1;0,0243383
1,004;0,0209528
1,008;0,017352
1,012;0,0135834
1,016;0,00969739
1,02;0,0057465
1,024;0,00178481
1,028;0,00213286
1,032;0,00595169
1,036;0,00961763
1,04;0,0130781
1,044;0,0162829
1,048;0,0191846
1,052;0,0217397
1,056;0,0239088
1,06;0,0256575
1,064;0,0269569
1,068;0,0277839
1,072;0,0281217
1,076;0,0279602
1,08;0,0272961
1,084;0,0261329
1,088;0,0244812
1,092;0,0223583
1,096;0,0197885
1,1;0,0168024
1,104;0,0134367
1,108;0,00973385
1,112;0,00574141
1,116;0,00151151
1,12;0,00289987
1,124;0,00743358
1,128;0,0120281
1,132;0,0166205
1,136;0,0211469
1,14;0,025544
1,144;0,0297492
1,148;0,0337021
1,152;0,0373451
1,156;0,0406242
1,16;0,0434899
1,164;0,0458977
1,168;0,0478091
1,172;0,0491922
1,176;0,0500217
1,18;0,0502801
1,184;0,0499572
1,188;0,0490512
1,192;0,0475679
1,196;0,0455216
1,2;0,0429343
1,204;0,0398357
1,208;0,0362632
1,212;0,032261
1,216;0,0278797
1,22;0,0231759
1,224;0,0182112
1,228;0,0130515
1,232;0,00776617
1,236;0,00242708
1,24;0,00289233
1,244;0,00811807
1,248;0,0131766
1,252;0,017996
1,256;0,0225067
1,26;0,0266426
1,264;0,0303423
1,268;0,0335495
1,272;0,0362144
1,276;0,0382937
1,28;0,0397522
1,284;0,0405627
1,288;0,0407066
1,292;0,0401745
1,296;0,0389663
1,3;0,037091
1,304;0,0345673
1,308;0,0314229
1,312;0,0276943
1,316;0,0234269
1,32;0,0186736
1,324;0,0134951
1,328;0,00795824
1,332;0,00213591
1,336;0,00389439
1,34;0,0100514
1,344;0,016251
1,348;0,022408
1,352;0,0284362
1,356;0,0342509
1,36;0,0397688
1,364;0,0449102
1,368;0,0495996
1,372;0,0537669
1,376;0,0573484
1,38;0,0602879
1,384;0,0625375
1,388;0,0640582
1,392;0,0648208
1,396;0,0648063
1,4;0,0640061
1,404;0,0624225
1,408;0,0600687
1,412;0,0569688
1,416;0,0531572
1,42;0,0486791
1,424;0,0435889
1,428;0,0379503
1,432;0,0318356
1,436;0,025324
1,44;0,0185015
1,444;0,0114591
1,448;0,00429213
1,452;0,00290152
1,456;0,0100224
1,46;0,0169708
1,464;0,0236487
1,468;0,0299602
1,472;0,0358139
1,476;0,0411234
1,48;0,0458089
1,484;0,0497986
1,488;0,0530293
1,492;0,0554477
1,496;0,0570112
1,5;0,0576885
1,504;0,0574602
1,508;0,0563196
1,512;0,054272
1,516;0,0513358
1,52;0,0475417
1,524;0,0429327
1,528;0,0375637
1,532;0,0315005
1,536;0,0248194
1,54;0,0176063
1,544;0,009955
1,548;0,00196688
1,552;0,00625112
1,556;0,0145876
1,56;0,0229283
1,564;0,0311577
1,568;0,0391603
1,572;0,0468226
1,576;0,0540346
1,58;0,0606912
1,584;0,066694
1,588;0,0719523
1,592;0,0763849
1,596;0,079921
1,6;0,0825017
1,604;0,0840804
1,608;0,084624
1,612;0,0841134
1,616;0,0825438
1,62;0,0799251
1,624;0,076282
1,628;0,0716534
1,632;0,0660926
1,636;0,0596661
1,64;0,0524534
1,644;0,0445456
1,648;0,0360448
1,652;0,0270621
1,656;0,0177166
1,66;0,00813398
1,664;0,00155566
1,668;0,0112191
1,672;0,0207221
1,676;0,029931
1,68;0,0387149
1,684;0,0469472
1,688;0,0545075
1,692;0,0612836
1,696;0,0671726
1,7;0,0720829
1,704;0,0759356
1,708;0,0786653
1,712;0,0802216
1,716;0,0805698
1,72;0,0796916
1,724;0,0775853
1,728;0,0742664
1,732;0,0697674
1,736;0,0641374
1,74;0,0574419
1,744;0,0497617
1,748;0,0411923
1,752;0,0318426
1,756;0,0218335
1,76;0,0112964
1,764;0,000371523
1,768;0,010794
1,772;0,0220481
1,776;0,0332356
1,78;0,0442006
1,784;0,0547887
1,788;0,0648488
1,792;0,0742355
1,796;0,082811
1,8;0,0904474
1,804;0,0970283
1,808;0,102451
1,812;0,106626
1,816;0,109483
1,82;0,110967
1,824;0,111041
1,828;0,10969
1,832;0,106916
1,836;0,102742
1,84;0,097209
1,844;0,0903794
1,848;0,0823332
1,852;0,0731682
1,856;0,0629992
1,86;0,0519559
1,864;0,0401815
1,868;0,0278312
1,872;0,0150698
1,876;0,00206962
1,88;0,0109917
1,884;0,0239338
1,888;0,0365758
1,892;0,048739
1,896;0,0602495
1,9;0,0709403
1,904;0,0806541
1,908;0,089245
1,912;0,0965816
1,916;0,102548
1,92;0,107046
1,924;0,109997
1,928;0,111342
1,932;0,111046
1,936;0,109093
1,94;0,105492
1,944;0,100275
1,948;0,0934964
1,952;0,0852319
1,956;0,0755799
1,96;0,0646585
1,964;0,0526051
1,968;0,0395741
1,972;0,0257353
1,976;0,0112715
1,98;0,00362376
1,984;0,0187487
1,988;0,0338962
1,992;0,0488565
1,996;0,06342
2;0,0773804
2,004;0,0905372
2,008;0,102699
2,012;0,113686
2,016;0,123333
2,02;0,131491
2,024;0,13803
2,028;0,142841
2,032;0,145839
2,036;0,146961
2,04;0,146171
2,044;0,143458
2,048;0,138839
2,052;0,132356
2,056;0,124078
2,06;0,1141
2,064;0,102541
2,068;0,089544
2,072;0,0752729
2,076;0,0599113
2,08;0,04366
2,084;0,0267344
2,088;0,00936164
2,092;0,00822235
2,096;0,0257761
2,1;0,0430559
2,104;0,0598191
2,108;0,0758274
2,112;0,0908504
2,116;0,104669
2,12;0,117077
2,124;0,127888
2,128;0,136934
2,132;0,144068
2,136;0,149172
2,14;0,152151
2,144;0,152941
2,148;0,151506
2,152;0,14784
2,156;0,141971
2,16;0,133954
2,164;0,123876
2,168;0,111855
2,172;0,0980343
2,176;0,0825868
2,18;0,0657079
2,184;0,0476157
2,188;0,0285474
2,192;0,00875655
2,196;0,0114905
2,2;0,0319181
2,204;0,0522451
2,208;0,0721883
2,212;0,0914671
2,216;0,109807
2,22;0,126942
2,224;0,142622
2,228;0,156613
2,232;0,168703
2,236;0,178701
2,24;0,186447
2,244;0,191807
2,248;0,194681
2,252;0,195
2,256;0,192732
2,26;0,187879
2,264;0,18048
2,268;0,170609
2,272;0,158374
2,276;0,143919
2,28;0,12742
2,284;0,109082
2,288;0,0891394
2,292;0,0678504
2,296;0,0454953
2,3;0,0223722
2,304;0,00120711
2,308;0,0249206
2,312;0,0484409
2,316;0,0714399
2,32;0,0935926
2,324;0,114583
2,328;0,134106
2,332;0,151874
2,336;0,167623
2,34;0,181111
2,344;0,192125
2,348;0,200485
2,352;0,206046
2,356;0,208699
2,36;0,208374
2,364;0,205043
2,368;0,198718
2,372;0,189454
2,376;0,177346
2,38;0,16253
2,384;0,145181
2,388;0,125511
2,392;0,103768
2,396;0,080229
2,4;0,0552007
2,404;0,0290135
2,408;0,00201758
2,412;0,0254218
2,416;0,0529292
2,42;0,0801238
2,424;0,106625
2,428;0,132058
2,432;0,156057
2,436;0,178275
2,44;0,198382
2,444;0,216077
2,448;0,231087
2,452;0,243173
2,456;0,252137
2,46;0,257817
2,464;0,260099
2,468;0,258913
2,472;0,254237
2,476;0,246096
2,48;0,234564
2,484;0,219764
2,488;0,201864
2,492;0,181077
2,496;0,15766
2,5;0,131907
2,504;0,10415
2,508;0,074751
2,512;0,0440992
2,516;0,0126058
2,52;0,019302
2,524;0,0511864
2,528;0,0826049
2,532;0,113117
2,536;0,142289
2,54;0,169701
2,544;0,194954
2,548;0,217674
2,552;0,237516
2,556;0,254174
2,56;0,267381
2,564;0,276915
2,568;0,282602
2,572;0,284322
2,576;0,282005
2,58;0,275638
2,584;0,265265
2,588;0,250984
2,592;0,23295
2,596;0,21137
2,6;0,186505
2,604;0,158662
2,608;0,128193
2,612;0,0954928
2,616;0,060989
2,62;0,0251398
2,624;0,0115727
2,628;0,0486489
2,632;0,085579
2,636;0,121849
2,64;0,156949
2,644;0,190379
2,648;0,221656
2,652;0,250323
2,656;0,275954
2,66;0,298157
2,664;0,316589
2,668;0,330949
2,672;0,340995
2,676;0,346538
2,68;0,347451
2,684;0,343669
2,688;0,335192
2,692;0,322085
2,696;0,304479
2,7;0,282566
2,704;0,256603
2,708;0,226904
2,712;0,193839
2,716;0,15783
2,72;0,119341
2,724;0,0788793
2,728;0,0369839
2,732;0,00578038
2,736;0,0488303
2,74;0,0915722
2,744;0,13341
2,748;0,173753
2,752;0,212025
2,756;0,247673
2,76;0,280173
2,764;0,309038
2,768;0,333828
2,772;0,354154
2,776;0,369683
2,78;0,380147
2,784;0,385344
2,788;0,385142
2,792;0,379484
2,796;0,368387
2,8;0,351945
2,804;0,330325
2,808;0,303769
2,812;0,27259
2,816;0,237169
2,82;0,19795
2,824;0,155433
2,828;0,110172
2,832;0,0627627
2,836;0,0138391
2,84;0,0359375
2,844;0,0858864
2,848;0,135317
2,852;0,183538
2,856;0,229867
2,86;0,27364
2,864;0,314223
2,868;0,351016
2,872;0,383466
2,876;0,411076
2,88;0,433408
2,884;0,450094
2,888;0,460838
2,892;0,465425
2,896;0,463723
2,9;0,455684
2,904;0,44135
2,908;0,420849
2,912;0,394395
2,916;0,362289
2,92;0,324913
2,924;0,282726
2,928;0,236259
2,932;0,186109
2,936;0,132929
2,94;0,0774242
2,944;0,0203368
2,948;0,0375588
2,952;0,095469
2,956;0,152591
2,96;0,208123
2,964;0,261278
2,968;0,311293
2,972;0,357438
2,976;0,39903
2,98;0,435441
2,984;0,46611
2,988;0,490545
2,992;0,508338
2,996;0,519169
3;0,522808
3,004;0,519126
3,008;0,508091
3,012;0,489773
3,016;0,464346
3,02;0,432082
3,024;0,393351
3,028;0,34862
3,032;0,29844
3,036;0,243446
3,04;0,184348
3,044;0,121918
3,048;0,0569857
3,052;0,00957748
3,056;0,0768665
3,06;0,143956
3,064;0,209915
3,068;0,273814
3,072;0,334745
3,076;0,39183
3,08;0,444234
3,084;0,491178
3,088;0,53195
3,092;0,565916
3,096;0,592527
3,1;0,611334
3,104;0,621987
3,108;0,624247
3,112;0,61799
3,116;0,603207
3,12;0,580006
3,124;0,548616
3,128;0,50938
3,132;0,462755
3,136;0,409303
3,14;0,349691
3,144;0,284674
3,148;0,215095
3,152;0,141868
3,156;0,065966
3,16;0,0115875
3,164;0,0897359
3,168;0,167402
3,172;0,243504
3,176;0,316968
3,18;0,386746
3,184;0,45183
3,188;0,511265
3,192;0,564162
3,196;0,609716
3,2;0,647212
3,204;0,67604
3,208;0,695704
3,212;0,705827
3,216;0,706163
3,22;0,696598
3,224;0,677153
3,228;0,647987
3,232;0,609397
3,236;0,56181
3,24;0,505787
3,244;0,442009
3,248;0,371275
3,252;0,294488
3,256;0,212643
3,26;0,12682
3,264;0,0381647
3,268;0,0521264
3,272;0,142819
3,276;0,23266
3,28;0,320394
3,284;0,404782
3,288;0,484614
3,292;0,558734
3,296;0,626049
3,3;0,685551
3,304;0,736325
3,308;0,777571
3,312;0,808609
3,316;0,828896
3,32;0,838029
3,324;0,835757
3,328;0,821983
3,332;0,79677
3,336;0,760339
3,34;0,71307
3,344;0,655497
3,348;0,588302
3,352;0,512311
3,356;0,428477
3,36;0,337876
3,364;0,241688
3,368;0,141185
3,372;0,0377108
3,376;0,0673316
3,38;0,172504
3,384;0,276349
3,388;0,377411
3,392;0,474259
3,396;0,565503
3,4;0,649813
3,404;0,725944
3,408;0,792748
3,412;0,868804
3,416;0,953162
3,42;1,04475
3,424;1,14236
3,428;1,24473
3,432;1,35049
3,436;1,45819
3,44;1,56638
3,444;1,67356
3,448;1,77823
3,452;1,87892
3,456;1,97417
3,46;2,06261
3,464;2,14294
3,468;2,21395
3,472;2,27455
3,476;2,32378
3,48;2,36085
3,484;2,38509
3,488;2,39602
3,492;2,39335
3,496;2,37696
3,5;2,34692
3,504;2,3035
3,508;2,24714
3,512;2,1785
3,516;2,09837
3,52;2,00775
3,524;1,90776
3,528;1,7997
3,532;1,68498
3,536;1,5651
3,54;1,44167
3,544;1,31636
3,548;1,1909
3,552;1,06701
3,556;0,946437
3,56;0,830887
3,564;0,722018
3,568;0,621416
3,572;0,530567
3,576;0,431231
3,58;0,324689
3,584;0,212338
3,588;0,0956712
3,592;0,023742
3,596;0,144276
3,6;0,264273
3,604;0,382063
3,608;0,495987
3,612;0,604422
3,616;0,705804
3,62;0,798647
3,624;0,881568
3,628;0,953307
3,632;1,01274
3,636;1,05892
3,64;1,09103
3,644;1,1085
3,648;1,1109
3,652;1,09803
3,656;1,06991
3,66;1,02675
3,664;0,968983
3,668;0,897245
3,672;0,812376
3,676;0,715403
3,68;0,607538
3,684;0,490153
3,688;0,36477
3,692;0,233037
3,696;0,0967111
3,7;0,04237
3,704;0,182308
3,708;0,321172
3,712;0,457025
3,716;0,587949
3,72;0,712073
3,724;0,8276
3,728;0,952442
3,732;1,08497
3,736;1,22344
3,74;1,36599
3,744;1,51069
3,748;1,65557
3,752;1,7986
3,756;1,93779
3,76;2,07117
3,764;2,19682
3,768;2,31291
3,772;2,41773
3,776;2,50969
3,78;2,58738
3,784;2,64956
3,788;2,69519
3,792;2,72346
3,796;2,73377
3,8;2,72579
3,804;2,69942
3,808;2,65482
3,812;2,5924
3,816;2,51283
3,82;2,41703
3,824;2,30613
3,828;2,18151
3,832;2,04475
3,836;1,89759
3,84;1,74197
3,844;1,57995
3,848;1,4137
3,852;1,24548
3,856;1,07761
3,86;0,91241
3,864;0,752206
3,868;0,599274
3,872;0,455817
3,876;0,30432
3,88;0,146792
3,884;0,0146479
3,888;0,177806
3,892;0,34044
3,896;0,500287
3,9;0,6551
3,904;0,802677
3,908;0,940889
3,912;1,06771
3,916;1,18127
3,92;1,27983
3,924;1,36186
3,928;1,42603
3,932;1,47127
3,936;1,49672
3,94;1,50181
3,944;1,48625
3,948;1,45002
3,952;1,39339
3,956;1,31692
3,96;1,22145
3,964;1,10808
3,968;0,978183
3,972;0,833384
3,976;0,675521
3,98;0,506636
3,984;0,328947
3,988;0,14482
3,992;0,0432651
3,996;0,232743
4;0,421003
4,004;0,60542
4,008;0,783395
4,012;0,952386
4,016;1,12956
4,02;1,31255
4,024;1,49889
4,028;1,68603
4,032;1,87139
4,036;2,05236
4,04;2,2264
4,044;2,39102
4,048;2,54382
4,052;2,68255
4,056;2,80514
4,06;2,9097
4,064;2,99458
4,068;3,05838
4,072;3,09999
4,076;3,11857
4,08;3,11362
4,084;3,08493
4,088;3,03264
4,092;2,9572
4,096;2,85942
4,1;2,74038
4,104;2,60151
4,108;2,44451
4,112;2,27135
4,116;2,08425
4,12;1,88565
4,124;1,67817
4,128;1,4646
4,132;1,24783
4,136;1,03082
4,14;0,816581
4,144;0,60812
4,148;0,408388
4,152;0,200644
4,156;0,0123229
4,16;0,227617
4,164;0,442279
4,168;0,653326
4,172;0,85779
4,176;1,05276
4,18;1,23543
4,184;1,40313
4,188;1,55337
4,192;1,68386
4,196;1,79257
4,2;1,87776
4,204;1,93797
4,208;1,97211
4,212;1,97939
4,216;1,95941
4,22;1,91216
4,224;1,83798
4,228;1,73759
4,232;1,61209
4,236;1,46295
4,24;1,29196
4,244;1,10126
4,248;0,893265
4,252;0,670666
4,256;0,436387
4,26;0,193546
4,264;0,0545852
4,268;0,304626
4,272;0,553129
4,276;0,796633
4,28;1,0317
4,284;1,2746
4,288;1,52204
4,292;1,77064
4,296;2,01697
4,3;2,25759
4,304;2,48909
4,308;2,70817
4,312;2,91165
4,316;3,09653
4,32;3,26003
4,324;3,39966
4,328;3,51321
4,332;3,59882
4,336;3,65497
4,34;3,68057
4,344;3,67491
4,348;3,63774
4,352;3,56919
4,356;3,46989
4,36;3,34085
4,364;3,18354
4,368;2,99982
4,372;2,79195
4,376;2,56252
4,38;2,31449
4,384;2,05109
4,388;1,77579
4,392;1,49228
4,396;1,2044
4,4;0,916091
4,404;0,631347
4,408;0,354158
4,412;0,0688393
4,416;0,220742
4,42;0,510619
4,424;0,796776
4,428;1,0752
4,432;1,34195
4,436;1,59319
4,44;1,82526
4,444;2,03474
4,448;2,21846
4,452;2,37359
4,456;2,49766
4,46;2,58859
4,464;2,64476
4,468;2,665
4,472;2,64863
4,476;2,59545
4,48;2,50581
4,484;2,38052
4,488;2,22094
4,492;2,02888
4,496;1,80666
4,5;1,557
4,504;1,28307
4,508;0,988396
4,512;0,676828
4,516;0,352497
4,52;0,0197596
4,524;0,316866
4,528;0,652754
4,532;0,98324
4,536;1,30368
4,54;1,62913
4,544;1,95513
4,548;2,27716
4,552;2,59073
4,556;2,89138
4,56;3,1748
4,564;3,43687
4,568;3,67371
4,572;3,88176
4,576;4,05781
4,58;4,19906
4,584;4,30316
4,588;4,36826
4,592;4,39301
4,596;4,37662
4,6;4,31885
4,604;4,22004
4,608;4,08111
4,612;3,90353
4,616;3,68932
4,62;3,44106
4,624;3,1618
4,628;2,85506
4,632;2,52479
4,636;2,17532
4,64;1,81126
4,644;1,4375
4,648;1,05912
4,652;0,681319
4,656;0,309333
4,66;0,0712222
4,664;0,455165
4,668;0,83721
4,672;1,21204
4,676;1,57437
4,68;1,91904
4,684;2,24107
4,688;2,53575
4,692;2,79868
4,696;3,02586
4,7;3,21374
4,704;3,35927
4,708;3,45996
4,712;3,51392
4,716;3,51986
4,72;3,47718
4,724;3,38592
4,728;3,24679
4,732;3,0612
4,736;2,83119
4,74;2,55946
4,744;2,24931
4,748;1,90461
4,752;1,52975
4,756;1,1296
4,76;0,709408
4,764;0,274788
4,768;0,168396
4,772;0,614096
4,776;1,05616
4,78;1,48841
4,784;1,92437
4,788;2,35802
4,792;2,78333
4,796;3,1943
4,8;3,58508
4,804;3,95001
4,808;4,28376
4,812;4,58135
4,816;4,83823
4,82;5,0504
4,824;5,21441
4,828;5,32745
4,832;5,38738
4,836;5,39277
4,84;5,34294
4,844;5,23796
4,848;5,07867
4,852;4,86667
4,856;4,6043
4,86;4,29465
4,864;3,94148
4,868;3,54919
4,872;3,12279
4,876;2,66781
4,88;2,19023
4,884;1,69644
4,888;1,19308
4,892;0,687047
4,896;0,185311
4,9;0,324726
4,904;0,836086
4,908;1,34169
4,912;1,83447
4,916;2,30744
4,92;2,75383
4,924;3,16714
4,928;3,54128
4,932;3,87061
4,936;4,15008
4,94;4,37524
4,944;4,54236
4,948;4,64848
4,952;4,69145
4,956;4,66995
4,96;4,58357
4,964;4,43278
4,968;4,21894
4,972;3,94432
4,976;3,61204
4,98;3,22607
4,984;2,79115
4,988;2,31277
4,992;1,79707
4,996;1,25079
5;0,681167
5,004;0,095828
5,008;0,497283
5,012;1,09003
5,016;1,67418
5,02;2,26116
5,024;2,84286
5,028;3,41115
5,032;3,95799
5,036;4,47558
5,04;4,9564
5,044;5,39337
5,048;5,77995
5,052;6,1102
5,056;6,37893
5,06;6,5817
5,064;6,71498
5,068;6,77613
5,072;6,7635
5,076;6,67645
5,08;6,51533
5,084;6,28156
5,088;5,97756
5,092;5,60677
5,096;5,17358
5,1;4,68329
5,104;4,14207
5,108;3,55684
5,112;2,93524
5,116;2,28547
5,12;1,61622
5,124;0,93657
5,128;0,255815
5,132;0,416614
5,136;1,09091
5,14;1,75774
5,144;2,40779
5,148;3,03183
5,152;3,62094
5,156;4,16655
5,16;4,66061
5,164;5,09569
5,168;5,46509
5,172;5,76296
5,176;5,98436
5,18;6,12538
5,184;6,18315
5,188;6,15594
5,192;6,04318
5,196;5,84547
5,2;5,5646
5,204;5,20353
5,208;4,76638
5,212;4,25835
5,216;3,6857
5,22;3,05563
5,224;2,37625
5,228;1,65643
5,232;0,905687
5,236;0,13409
5,24;0,647895
5,244;1,42954
5,248;2,20001
5,252;2,96809
5,256;3,72312
5,26;4,45447
5,264;5,15174
5,268;5,80488
5,272;6,40434
5,276;6,94121
5,28;7,40733
5,284;7,79546
5,288;8,09933
5,292;8,31379
5,296;8,43487
5,3;8,45984
5,304;8,38727
5,308;8,21709
5,312;7,95055
5,316;7,59028
5,32;7,14022
5,324;6,6056
5,328;5,9929
5,332;5,30973
5,336;4,56477
5,34;3,76768
5,344;2,9289
5,348;2,05962
5,352;1,17154
5,356;0,27676
5,36;0,61238
5,364;1,5031
5,368;2,38306
5,372;3,23995
5,376;4,06163
5,38;4,83629
5,384;5,55269
5,388;6,20022
5,392;6,76914
5,396;7,25068
5,4;7,63718
5,404;7,92223
5,408;8,10072
5,412;8,169
5,416;8,12488
5,42;7,96771
5,424;7,69841
5,428;7,31946
5,432;6,83488
5,436;6,2502
5,44;5,57242
5,444;4,8099
5,448;3,97225
5,452;3,07024
5,456;2,11568
5,46;1,1212
5,464;0,100145
5,468;0,933619
5,472;1,9659
5,476;3,00198
5,48;4,02754
5,484;5,02823
5,488;5,9899
5,492;6,89878
5,496;7,74167
5,5;8,50615
5,504;9,18074
5,508;9,75507
5,512;10,2201
5,516;10,568
5,52;10,7929
5,524;10,8901
5,528;10,8568
5,532;10,6922
5,536;10,3969
5,54;9,97363
5,544;9,42683
5,548;8,76269
5,552;7,9891
5,556;7,11556
5,56;6,15306
5,564;5,11396
5,568;4,0118
5,572;2,86117
5,576;1,67747
5,58;0,47675
5,584;0,724531
5,588;1,92933
5,592;3,12099
5,596;4,28282
5,6;5,3984
5,604;6,45172
5,608;7,42749
5,612;8,31131
5,616;9,08989
5,62;9,75126
5,624;10,2849
5,628;10,6821
5,632;10,9356
5,636;11,0405
5,64;10,9936
5,644;10,7938
5,648;10,4423
5,652;9,94208
5,656;9,29853
5,66;8,51894
5,664;7,61261
5,668;6,59068
5,672;5,46603
5,676;4,25309
5,68;2,96771
5,684;1,6269
5,688;0,248617
5,692;1,14843
5,696;2,54509
5,7;3,9416
5,704;5,31859
5,708;6,65675
5,712;7,93708
5,716;9,14119
5,72;10,2515
5,724;11,2516
5,728;12,1264
5,732;12,8624
5,736;13,4477
5,74;13,8726
5,744;14,1294
5,748;14,2126
5,752;14,1192
5,756;13,8484
5,76;13,4021
5,764;12,7844
5,768;12,002
5,772;11,064
5,776;9,9815
5,78;8,76797
5,784;7,43877
5,788;6,01102
5,792;4,50344
5,796;2,93601
5,8;1,32981
5,804;0,293313
5,808;1,91105
5,812;3,52053
5,816;5,09932
5,82;6,6252
5,824;8,07642
5,828;9,43201
5,832;10,6721
5,836;11,7782
5,84;12,7335
5,844;13,523
5,848;14,134
5,852;14,5559
5,856;14,7808
5,86;14,8034
5,864;14,6211
5,868;14,2341
5,872;13,6455
5,876;12,8613
5,88;11,89
5,884;10,743
5,888;9,43438
5,892;7,98037
5,896;6,39953
5,9;4,71236
5,904;2,94106
5,908;1,10925
5,912;0,758344
5,916;2,63623
5,92;4,51808
5,924;6,37786
5,928;8,18953
5,932;9,92742
5,936;11,5666
5,94;13,0833
5,944;14,455
5,948;15,6611
5,952;16,6831
5,956;17,5047
5,96;18,1123
5,964;18,4949
5,968;18,645
5,972;18,5576
5,976;18,2315
5,98;17,6683
5,984;16,8734
5,988;15,8551
5,992;14,625
5,996;13,1978
6;11,5911
6,004;9,82525
6,008;7,92284
6,012;5,90875
6,016;3,80966
6,02;1,65374
6,024;0,529764
6,028;2,71088
6,032;4,87895
6,036;7,00375
6,04;9,05535
6,044;11,0045
6,048;12,8229
6,052;14,4841
6,056;15,9631
6,06;17,2374
6,064;18,2871
6,068;19,0951
6,072;19,6475
6,076;19,9337
6,08;19,9468
6,084;19,6836
6,088;19,1446
6,092;18,3342
6,096;17,2606
6,1;15,9358
6,104;14,3752
6,108;12,598
6,112;10,6262
6,116;8,48517
6,12;6,20259
6,124;3,80855
6,128;1,33499
6,132;1,18467
6,136;3,716
6,14;6,24366
6,144;8,73255
6,148;11,1477
6,152;13,4548
6,156;15,6207
6,16;17,6138
6,164;19,4044
6,168;20,9655
6,172;22,2729
6,176;23,3055
6,18;24,046
6,184;24,4809
6,188;24,6007
6,192;24,4002
6,196;23,8786
6,2;23,0396
6,204;21,8911
6,208;20,4458
6,212;18,7202
6,216;16,7352
6,22;14,5154
6,224;12,089
6,228;9,48726
6,232;6,74432
6,236;3,89664
6,24;0,982527
6,244;1,95835
6,248;4,88551
6,252;7,77783
6,256;10,5948
6,26;13,2965
6,264;15,8442
6,268;18,2009
6,272;20,3317
6,276;22,2045
6,28;23,7905
6,284;25,0645
6,288;26,0053
6,292;26,5961
6,296;26,8249
6,3;26,6844
6,304;26,1724
6,308;25,2919
6,312;24,0509
6,316;22,4626
6,32;20,5451
6,324;18,3214
6,328;15,8189
6,332;13,069
6,336;10,1073
6,34;6,97234
6,344;3,70571
6,348;0,351221
6,352;3,0456
6,356;6,43811
6,36;9,79884
6,364;13,0808
6,368;16,2377
6,372;19,2243
6,376;21,9972
6,38;24,5156
6,384;26,7418
6,388;28,6416
6,392;30,1851
6,396;31,3467
6,4;32,1062
6,404;32,4485
6,408;32,3641
6,412;31,8495
6,416;30,907
6,42;29,5449
6,424;27,7773
6,428;25,6243
6,432;23,1113
6,436;20,2692
6,44;17,1337
6,444;13,7449
6,448;10,1472
6,452;6,38787
6,456;2,5174
6,46;1,41183
6,464;5,34599
6,468;9,2502
6,472;13,07
6,476;16,7514
6,48;20,2419
6,484;23,4909
6,488;26,4507
6,492;29,0769
6,496;31,3295
6,5;33,173
6,504;34,5773
6,508;35,5179
6,512;35,9766
6,516;35,9418
6,52;35,4082
6,524;34,3778
6,528;32,8593
6,532;30,8682
6,536;28,4269
6,54;25,5642
6,544;22,315
6,548;18,7202
6,552;14,8256
6,556;10,6819
6,56;6,34375
6,564;1,8692
6,568;2,68127
6,572;7,24542
6,576;11,7797
6,58;16,2209
6,584;20,5065
6,588;24,5751
6,592;28,3681
6,596;31,8297
6,6;34,9082
6,604;37,5565
6,608;39,7333
6,612;41,403
6,616;42,5367
6,62;43,1128
6,624;43,117
6,628;42,5429
6,632;41,3919
6,636;39,6736
6,64;37,4053
6,644;34,6125
6,648;31,3279
6,652;27,5916
6,656;23,4504
6,66;18,9571
6,664;14,1701
6,668;9,1525
6,672;3,97128
6,676;1,30354
6,68;6,59986
6,684;11,8641
6,688;17,0229
6,692;22,0035
6,696;26,7349
6,7;31,1487
6,704;35,1802
6,708;38,769
6,712;41,8606
6,716;44,4064
6,72;46,3651
6,724;47,7029
6,728;48,3943
6,732;48,4225
6,736;47,7797
6,74;46,4673
6,744;44,4959
6,748;41,8856
6,752;38,6653
6,756;34,8729
6,76;30,5545
6,764;25,7642
6,768;20,5632
6,772;15,0188
6,776;9,2042
6,78;3,19696
6,784;2,92179
6,788;9,06844
6,792;15,1777
6,796;21,1644
6,8;26,9441
6,804;32,4345
6,808;37,5561
6,812;42,2338
6,816;46,3977
6,82;49,9844
6,824;52,9376
6,828;55,2094
6,832;56,7605
6,836;57,5614
6,84;57,5925
6,844;56,845
6,848;55,3202
6,852;53,0308
6,856;49,9999
6,86;46,2612
6,864;41,8587
6,868;36,8459
6,872;31,2855
6,876;25,2485
6,88;18,8133
6,884;12,0646
6,888;5,09258
6,892;2,00868
6,896;9,14213
6,9;16,2288
6,904;23,1699
6,908;29,8676
6,912;36,2263
6,916;42,1539
6,92;47,5635
6,924;52,3743
6,928;56,5128
6,932;59,9141
6,936;62,5228
6,94;64,2939
6,944;65,1934
6,948;65,199
6,952;64,3008
6,956;62,5009
6,96;59,8143
6,964;56,2684
6,968;51,9025
6,972;46,7682
6,976;40,9279
6,98;34,4549
6,984;27,4316
6,988;19,9495
6,992;12,107
6,996;4,00887
7;4,2354
7,004;12,5132
7,008;20,7296
7,012;28,7701
7,016;36,5213
7,02;43,8723
7,024;50,7168
7,028;56,9541
7,032;62,4911
7,036;67,243
7,04;71,1352
7,044;74,1041
7,048;76,0981
7,052;77,0788
7,056;77,0211
7,06;75,9143
7,064;73,7618
7,068;70,582
7,072;66,4072
7,076;61,2844
7,08;55,2739
7,084;48,449
7,088;40,8955
7,092;32,7097
7,096;23,9982
7,1;14,8758
7,104;5,46449
7,108;4,10851
7,112;13,7123
7,116;23,2336
7,12;32,5394
7,124;41,4984
7,128;49,9824
7,132;57,8684
7,136;65,0405
7,14;71,3911
7,144;76,8229
7,148;81,2505
7,152;84,601
7,156;86,8161
7,16;87,8523
7,164;87,6819
7,168;86,2939
7,172;83,6938
7,176;79,9042
7,18;74,9643
7,184;68,9296
7,188;61,8717
7,192;53,8768
7,196;45,0454
7,2;35,4906
7,204;25,3368
7,208;14,718
7,212;3,77631
7,216;7,34018
7,22;18,4793
7,224;29,5064
7,228;40,2673
7,232;50,61
7,236;60,3861
7,24;69,4539
7,244;77,6796
7,248;84,9398
7,252;91,123
7,256;96,1314
7,26;99,8823
7,264;102,31
7,268;103,365
7,272;103,019
7,276;101,259
7,28;98,0951
7,284;93,5551
7,288;87,6864
7,292;80,5556
7,296;72,2473
7,3;62,8637
7,304;52,5227
7,308;41,3571
7,312;29,5125
7,316;17,1455
7,32;4,42171
7,324;8,48641
7,328;21,4019
7,332;34,1654
7,336;46,5982
7,34;58,5242
7,344;69,7724
7,348;80,1791
7,352;89,5907
7,356;97,8655
7,36;104,876
7,364;110,511
7,368;114,677
7,372;117,299
7,376;118,324
7,38;117,72
7,384;115,477
7,388;111,608
7,392;106,148
7,396;99,1544
7,4;90,7082
7,404;80,9096
7,408;69,8795
7,412;57,757
7,416;44,6978
7,42;30,8728
7,424;16,4649
7,428;1,66741
7,432;13,3188
7,436;28,2881
7,44;43,0522
7,444;57,4042
7,448;71,1404
7,452;84,0636
7,456;95,9852
7,46;106,729
7,464;116,132
7,468;124,05
7,472;130,356
7,476;134,945
7,48;137,733
7,484;138,662
7,488;137,698
7,492;134,834
7,496;130,087
7,5;123,502
7,504;115,151
7,508;105,129
7,512;93,5565
7,516;80,5765
7,52;66,3533
7,524;51,0702
7,528;34,9272
7,532;18,1386
7,536;0,929999
7,54;16,4648
7,544;33,8066
7,548;50,8739
7,552;67,4271
7,556;83,2307
7,56;98,0574
7,564;111,691
7,568;123,928
7,572;134,583
7,576;143,493
7,58;150,512
7,584;155,523
7,588;158,433
7,592;159,179
7,596;157,727
7,6;154,071
7,604;148,238
7,608;140,284
7,612;130,296
7,616;118,389
7,62;104,707
7,624;89,4208
7,628;72,7231
7,632;54,8301
7,636;35,9764
7,64;16,4128
7,644;3,5973
7,648;23,7816
7,652;43,8816
7,656;63,6178
7,66;82,7124
7,664;100,893
7,668;117,898
7,672;133,479
7,676;147,402
7,68;159,456
7,684;169,455
7,688;177,234
7,692;182,663
7,696;185,639
7,7;186,094
7,704;183,993
7,708;179,336
7,712;172,16
7,716;162,536
7,72;150,57
7,724;136,401
7,728;120,202
7,732;102,174
7,736;82,5464
7,74;61,5742
7,744;39,5327
7,748;16,7156
7,752;6,56927
7,756;30,0044
7,76;53,286
7,764;76,0896
7,768;98,0935
7,772;118,984
7,776;138,458
7,78;156,231
7,784;172,037
7,788;185,634
7,792;196,809
7,796;205,381
7,8;211,2
7,804;214,157
7,808;214,177
7,812;211,227
7,816;205,316
7,82;196,491
7,824;184,843
7,828;170,501
7,832;153,635
7,836;134,449
7,84;113,184
7,844;90,1122
7,848;65,5321
7,852;39,7681
7,856;13,1642
7,86;13,9201
7,864;41,1146
7,868;68,063
7,872;94,389
7,876;119,72
7,88;143,695
7,884;165,965
7,888;186,202
7,892;204,104
7,896;219,396
7,9;231,835
7,904;241,219
7,908;247,383
7,912;250,205
7,916;249,608
7,92;245,563
7,924;238,087
7,928;227,245
7,932;213,151
7,936;195,962
7,94;175,883
7,944;153,159
7,948;128,077
7,952;100,957
7,956;72,1533
7,96;42,0458
7,964;11,0375
7,968;20,4516
7,972;51,9903
7,976;83,1614
7,98;113,529
7,984;142,662
7,988;170,143
7,992;195,573
7,996;218,576
8;238,805
8,004;255,95
8,008;269,738
8,012;279,94
8,016;286,375
8,02;288,911
8,024;287,469
8,028;282,024
8,032;272,609
8,036;259,307
8,04;242,261
8,044;221,665
8,048;197,765
8,052;170,854
8,056;141,273
8,06;109,402
8,064;75,6575
8,068;40,4857
8,072;4,35865
8,076;32,2334
8,08;68,7881
8,084;104,818
8,088;139,817
8,092;173,289
8,096;204,753
8,1;233,749
8,104;259,848
8,108;282,656
8,112;301,819
8,116;317,031
8,12;328,036
8,124;334,636
8,128;336,689
8,132;334,116
8,136;326,9
8,14;315,09
8,144;298,797
8,148;278,199
8,152;253,532
8,156;225,092
8,16;193,232
8,164;158,355
8,168;120,911
8,172;81,3905
8,176;40,3184
8,18;1,75333
8,184;44,2524
8,188;86,614
8,192;128,249
8,196;168,572
8,2;207,01
8,204;243,007
8,208;276,038
8,212;305,611
8,216;331,278
8,22;352,639
8,224;369,349
8,228;381,125
8,232;387,748
8,236;389,068
8,24;385,008
8,244;375,564
8,248;360,807
8,252;340,881
8,256;316,005
8,26;286,469
8,264;252,63
8,268;214,909
8,272;173,785
8,276;129,791
8,28;83,5046
8,284;35,542
8,288;13,4505
8,292;62,8051
8,296;111,861
8,3;159,935
8,304;206,349
8,308;250,441
8,312;291,573
8,316;329,142
8,32;362,588
8,324;391,4
8,328;415,127
8,332;433,382
8,336;445,852
8,34;452,298
8,344;452,565
8,348;446,578
8,352;434,351
8,356;415,984
8,36;391,662
8,364;361,656
8,368;326,319
8,372;286,08
8,376;241,444
8,38;192,978
8,384;141,314
8,388;87,1308
8,392;31,1521
8,396;25,866
8,4;83,1445
8,404;139,912
8,408;195,375
8,412;248,75
8,416;299,274
8,42;346,214
8,424;388,878
8,428;426,629
8,432;458,886
8,436;485,141
8,44;504,964
8,444;518,006
8,448;524,012
8,452;522,818
8,456;514,362
8,46;498,678
8,464;475,904
8,468;446,276
8,472;410,128
8,476;367,888
8,48;320,073
8,484;267,285
8,488;210,199
8,492;149,559
8,496;86,1667
8,5;20,8693
8,504;45,4487
8,508;111,879
8,512;177,522
8,516;241,457
8,52;302,78
8,524;360,611
8,528;414,109
8,532;462,482
8,536;505,004
8,54;541,019
8,544;569,955
8,548;591,331
8,552;604,766
8,556;609,985
8,56;606,824
8,564;595,232
8,568;575,275
8,572;547,138
8,576;511,118
8,58;467,626
8,584;417,183
8,588;360,409
8,592;298,021
8,596;230,821
8,6;159,687
8,604;85,5623
8,608;9,43994
8,612;67,6464
8,616;144,639
8,62;220,487
8,624;294,129
8,628;364,516
8,632;430,637
8,636;491,528
8,64;546,284
8,644;594,079
8,648;634,172
8,652;665,919
8,656;688,789
8,66;702,363
8,664;706,35
8,668;700,587
8,672;685,045
8,676;659,83
8,68;625,183
8,684;581,478
8,688;529,221
8,692;469,04
8,696;401,682
8,7;327,999
8,704;248,943
8,708;165,549
8,712;78,9259
8,716;9,76169
8,72;99,3071
8,724;188,498
8,728;276,093
8,732;360,861
8,736;441,593
8,74;517,126
8,744;586,353
8,748;648,245
8,752;701,86
8,756;746,362
8,76;781,033
8,764;805,282
8,768;818,655
8,772;820,845
8,776;811,697
8,78;791,211
8,784;759,543
8,788;717,007
8,792;664,072
8,796;601,355
8,8;529,617
8,804;449,75
8,808;362,772
8,812;269,809
8,816;172,083
8,82;70,8957
8,824;32,3886
8,828;136,361
8,832;239,607
8,836;340,687
8,84;438,175
8,844;530,68
8,848;616,861
8,852;695,454
8,856;765,284
8,86;825,284
8,864;874,512
8,868;912,165
8,872;937,591
8,876;950,301
8,88;949,976
8,884;936,474
8,888;909,836
8,892;870,282
8,896;818,218
8,9;754,225
8,904;679,057
8,908;593,631
8,912;499,016
8,916;396,423
8,92;287,183
8,924;172,737
8,928;54,6148
8,932;65,5878
8,936;186,227
8,94;305,655
8,944;422,201
8,948;534,218
8,952;640,1
8,956;738,313
8,96;827,406
8,964;906,044
8,968;973,018
8,972;1.027,27
8,976;1.067,9
8,98;1.094,2
8,984;1.105,64
8,988;1.101,9
8,992;1.082,86
8,996;1.048,6
9;999,442
9,004;935,892
9,008;858,673
9,012;768,702
9,016;667,083
9,02;555,095
9,024;434,175
9,028;305,899
9,032;171,965
9,036;34,1657
9,04;105,631
9,044;245,51
9,048;383,551
9,052;517,819
9,056;646,411
9,06;767,48
9,064;879,263
9,068;980,105
9,072;1.068,49
9,076;1.143,04
9,08;1.202,58
9,084;1.246,11
9,088;1.272,85
9,092;1.282,24
9,096;1.273,95
9,1;1.247,91
9,104;1.204,27
9,108;1.143,44
9,112;1.066,07
9,116;973,056
9,12;865,507
9,124;744,752
9,128;612,316
9,132;469,907
9,136;319,388
9,14;162,753
9,144;2,10753
9,148;160,366
9,152;322,436
9,156;481,869
9,16;636,426
9,164;783,908
9,168;922,191
9,172;1.049,25
9,176;1.163,21
9,18;1.262,33
9,184;1.345,08
9,188;1.410,12
9,192;1.456,36
9,196;1.482,94
9,2;1.489,27
9,204;1.475,04
9,208;1.440,22
9,212;1.385,06
9,216;1.310,09
9,22;1.216,14
9,224;1.104,28
9,228;975,888
9,232;832,54
9,236;676,061
9,24;508,475
9,244;331,98
9,248;148,925
9,252;38,2263
9,256;226,924
9,26;414,589
9,264;598,606
9,268;776,384
9,272;945,387
9,276;1.103,17
9,28;1.247,43
9,284;1.376,01
9,288;1.486,94
9,292;1.578,5
9,296;1.649,19
9,3;1.697,81
9,304;1.723,43
9,308;1.725,44
9,312;1.703,55
9,316;1.657,78
9,32;1.588,52
9,324;1.496,46
9,328;1.382,61
9,332;1.248,31
9,336;1.095,2
9,34;925,194
9,344;740,45
9,348;543,37
9,352;336,547
9,356;122,742
9,36;95,1598
9,364;314,182
9,368;531,321
9,372;743,543
9,376;947,852
9,38;1.141,32
9,384;1.321,16
9,388;1.484,7
9,392;1.629,51
9,396;1.753,37
9,4;1.854,32
9,404;1.930,7
9,408;1.981,19
9,412;2.004,79
9,416;2.000,87
9,42;1.969,19
9,424;1.909,86
9,428;1.823,41
9,432;1.710,72
9,436;1.573,06
9,44;1.412,07
9,444;1.229,72
9,448;1.028,29
9,452;810,371
9,456;578,789
9,46;336,607
9,464;87,0648
9,468;166,46
9,472;420,497
9,476;671,548
9,48;916,099
9,484;1.150,69
9,488;1.371,94
9,492;1.576,66
9,496;1.761,8
9,5;1.924,58
9,504;2.062,5
9,508;2.173,37
9,512;2.255,34
9,516;2.306,96
9,52;2.327,16
9,524;2.315,32
9,528;2.271,24
9,532;2.195,17
9,536;2.087,81
9,54;1.950,3
9,544;1.784,21
9,548;1.591,51
9,552;1.374,58
9,556;1.136,17
9,56;879,33
9,564;607,42
9,568;324,043
9,572;32,9978
9,576;261,764
9,58;556,197
9,584;846,235
9,588;1.127,81
9,592;1.396,91
9,596;1.649,68
9,6;1.882,42
9,604;2.091,69
9,608;2.274,32
9,612;2.427,47
9,616;2.548,7
9,62;2.635,96
9,624;2.687,66
9,628;2.702,7
9,632;2.680,45
9,636;2.620,8
9,64;2.524,16
9,644;2.391,45
9,648;2.224,11
9,652;2.024,08
9,656;1.793,77
9,66;1.536,01
9,664;1.254,09
9,668;951,648
9,672;632,637
9,676;301,3
9,68;37,9061
9,684;380,366
9,688;721,388
9,692;1.056,23
9,696;1.380,17
9,7;1.688,6
9,704;1.977,07
9,708;2.241,36
9,712;2.477,52
9,716;2.681,98
9,72;2.851,54
9,724;2.983,45
9,728;3.075,47
9,732;3.125,88
9,736;3.133,51
9,74;3.097,76
9,744;3.018,67
9,748;2.896,83
9,752;2.733,45
9,756;2.530,34
9,76;2.289,87
9,764;2.014,95
9,768;1.709,02
9,772;1.375,96
9,776;1.020,09
9,78;646,083
9,784;258,933
9,788;136,143
9,792;533,756
9,796;928,441
9,8;1.314,69
9,804;1.687,06
9,808;2.040,22
9,812;2.369,06
9,816;2.668,76
9,82;2.934,83
9,824;3.163,2
9,828;3.350,28
9,832;3.493,02
9,836;3.588,94
9,84;3.636,19
9,844;3.633,57
9,848;3.580,55
9,852;3.477,31
9,856;3.324,71
9,86;3.124,32
9,864;2.878,38
9,868;2.589,79
9,872;2.262,08
9,876;1.899,35
9,88;1.506,24
9,884;1.087,85
9,888;649,721
9,892;197,691
9,896;262,123
9,9;723,434
9,904;1.179,88
9,908;1.625,08
9,912;2.052,72
9,916;2.456,7
9,92;2.831,13
9,924;3.170,5
9,928;3.469,7
9,932;3.724,15
9,936;3.929,8
9,94;4.083,26
9,944;4.181,82
9,948;4.223,49
9,952;4.207,07
9,956;4.132,12
9,96;3.999,04
9,964;3.809,01
9,968;3.564,04
9,972;3.266,9
9,976;2.921,13
9,98;2.530,98
9,984;2.101,37
9,988;1.637,81
9,992;1.146,34
9,996;633,477
10;106,082
10,004;428,689
10,008;963,506
10,012;1.490,97
10,016;2.003,69
10,02;2.494,38
10,024;2.956,01
10,028;3.381,83
10,032;3.765,54
10,036;4.101,36
10,04;4.384,09
10,044;4.609,2
10,048;4.772,95
10,052;4.872,36
10,056;4.905,35
10,06;4.870,7
10,064;4.768,14
10,068;4.598,34
10,072;4.362,89
10,076;4.064,32
10,08;3.706,07
10,084;3.292,44
10,088;2.828,53
10,092;2.320,23
10,096;1.774,08
10,1;1.197,24
10,104;597,35
10,108;17,5211
10,112;639,017
10,116;1.258,61
10,12;1.867,69
10,124;2.457,7
10,128;3.020,23
10,132;3.547,19
10,136;4.030,85
10,14;4.464,04
10,144;4.840,18
10,148;5.153,42
10,152;5.398,7
10,156;5.571,87
10,16;5.669,72
10,164;5.690,04
10,168;5.631,69
10,172;5.494,59
10,176;5.279,76
10,18;4.989,32
10,184;4.626,44
10,188;4.195,34
10,192;3.701,23
10,196;3.150,27
10,2;2.549,45
10,204;1.906,56
10,208;1.230,02
10,212;528,854
10,216;187,501
10,22;909,279
10,224;1.626,55
10,228;2.329,32
10,232;3.007,68
10,236;3.651,96
10,24;4.252,82
10,244;4.801,47
10,248;5.289,69
10,252;5.710,06
10,256;6.055,97
10,26;6.321,8
10,264;6.502,97
10,268;6.596,01
10,272;6.598,64
10,276;6.509,83
10,28;6.329,76
10,284;6.059,93
10,288;5.703,07
10,292;5.263,14
10,296;4.745,33
10,3;4.155,93
10,304;3.502,33
10,308;2.792,85
10,312;2.036,73
10,316;1.243,91
10,32;424,978
10,324;408,996
10,328;1.246,62
10,332;2.076,34
10,336;2.886,56
10,34;3.665,83
10,344;4.402,99
10,348;5.087,35
10,352;5.708,84
10,356;6.258,12
10,36;6.726,77
10,364;7.107,4
10,368;7.393,73
10,372;7.580,75
10,376;7.664,74
10,38;7.643,38
10,384;7.515,8
10,388;7.282,57
10,392;6.945,75
10,396;6.508,83
10,4;5.976,77
10,404;5.355,87
10,408;4.653,75
10,412;3.879,23
10,416;3.042,25
10,42;2.153,71
10,424;1.225,35
10,428;269,597
10,432;700,594
10,436;1.671,94
10,44;2.630,99
10,444;3.564,33
10,448;4.458,71
10,452;5.301,3
10,456;6.079,84
10,46;6.782,81
10,464;7.399,61
10,468;7.920,74
10,472;8.337,89
10,476;8.644,11
10,48;8.833,91
10,484;8.903,37
10,488;8.850,16
10,492;8.673,65
10,496;8.374,91
10,5;7.956,71
10,504;7.423,51
10,508;6.781,43
10,512;6.038,13
10,516;5.202,8
10,52;4.285,99
10,524;3.299,5
10,528;2.256,23
10,532;1.170
10,536;55,4032
10,54;1.072,43
10,544;2.197,99
10,548;3.305,69
10,552;4.379,96
10,556;5.405,52
10,56;6.367,61
10,564;7.252,18
10,568;8.046,09
10,572;8.737,32
10,576;9.315,14
10,58;9.770,26
10,584;10.095
10,588;10.283,4
10,592;10.331,3
10,596;10.236,5
10,6;9.998,63
10,604;9.619,49
10,608;9.102,71
10,612;8.453,92
10,616;7.680,64
10,62;6.792,19
10,624;5.799,61
10,628;4.715,49
10,632;3.553,83
10,636;2.329,89
10,64;1.059,93
10,644;238,949
10,648;1.549,06
10,652;2.852,39
10,656;4.130,78
10,66;5.366,23
10,664;6.541,12
10,668;7.638,48
10,672;8.642,24
10,676;9.537,42
10,68;10.310,4
10,684;10.949,1
10,688;11.443,1
10,692;11.784
10,696;11.965,3
10,7;11.982,8
10,704;11.834,3
10,708;11.520,1
10,712;11.042,6
10,716;10.406,7
10,72;9.619,34
10,724;8.689,82
10,728;7.629,41
10,732;6.451,34
10,736;5.170,65
10,74;3.803,92
10,744;2.369,17
10,748;885,51
10,752;627,025
10,756;2.147,79
10,76;3.655,8
10,764;5.130,01
10,768;6.549,59
10,772;7.894,25
10,776;9.144,5
10,78;10.282
10,784;11.289,6
10,788;12.151,9
10,792;12.855,4
10,796;13.388,6
10,8;13.742
10,804;13.908,8
10,808;13.884,7
10,812;13.667,7
10,816;13.258,8
10,82;12.661,4
10,824;11.881,8
10,828;10.928,7
10,832;9.813,39
10,836;8.549,49
10,84;7.152,88
10,844;5.641,45
10,848;4.034,85
10,852;2.354,32
10,856;622,314
10,86;1.137,72
10,864;2.901,69
10,868;4.645,19
10,872;6.343,83
10,876;7.973,55
10,88;9.510,97
10,884;10.933,7
10,888;12.220,9
10,892;13.353
10,896;14.312,6
10,9;15.084,5
10,904;15.655,9
10,908;16.016,7
10,912;16.159,4
10,916;16.079,6
10,92;15.776
10,924;15.250,3
10,928;14.507,2
10,932;13.554,7
10,936;12.403,5
10,94;11.067,5
10,944;9.563,04
10,948;7.909,16
10,952;6.127,11
10,956;4.240,15
10,96;2.273,29
10,964;252,89
10,968;1.793,62
10,972;3.838,17
10,976;5.852,39
10,98;7.808,01
10,984;9.677,27
10,988;11.433,3
10,992;13.050,4
10,996;14.504,7
11;15.774,1
11,004;16.839
11,008;17.682,4
11,012;18.290
11,016;18.650,7
11,02;18.756,9
11,024;18.604,2
11,028;18.191,8
11,032;17.522,5
11,036;16.602,8
11,04;15.442,5
11,044;14.055,1
11,048;12.457,2
11,052;10.668,7
11,056;8.712,28
11,06;6.613,11
11,064;4.398,72
11,068;2.098,53
11,072;256,52
11,076;2.634,39
11,08;5.002,38
11,084;7.327,54
11,088;9.577,16
11,092;11.719,2
11,096;13.722,7
11,1;15.558,4
11,104;17.199
11,108;18.619,4
11,112;19.797,6
11,116;20.714,5
11,12;21.354,4
11,124;21.705,4
11,128;21.759,3
11,132;21.512,2
11,136;20.964
11,14;20.119
11,144;18.985,5
11,148;17.576,1
11,152;15.907,3
11,156;13.999,1
11,16;11.875,5
11,164;9.563,49
11,168;7.092,96
11,172;4.496,43
11,176;1.808,48
11,18;934,626
11,184;3.695,48
11,188;6.436,01
11,192;9.117,99
11,196;11.703,6
11,2;14.155,8
11,204;16.439,2
11,208;18.520,3
11,212;20.367,8
11,216;21.953,6
11,22;23.252,7
11,224;24.244
11,228;24.910,1
11,232;25.238,3
11,236;25.220,2
11,24;24.852,2
11,244;24.135,4
11,248;23.076
11,252;21.684,7
11,256;19.977,1
11,26;17.973,3
11,264;15.697,9
11,268;13.179,4
11,272;10.449,8
11,276;7.544,84
11,28;4.502,67
11,284;1.364
11,288;1.828,74
11,292;5.031,87
11,296;8.201,13
11,3;11.292,2
11,304;14.261,3
11,308;17.065,9
11,312;19.665,3
11,316;22.021,2
11,32;24.098,1
11,324;25.864,1
11,328;27.291,2
11,332;28.356
11,336;29.039,4
11,34;29.327,9
11,344;29.212,9
11,348;28.691,6
11,352;27.766,6
11,356;26.446,2
11,36;24.744,4
11,364;22.680,4
11,368;20.278,7
11,372;17.569,1
11,376;14.585,4
11,38;11.366,1
11,384;7.953,16
11,388;4.391,73
11,392;729,528
11,396;2.983,79
11,4;6.697,29
11,404;10.359,5
11,408;13.919,1
11,412;17.325,6
11,416;20.529,9
11,42;23.485,5
11,424;26.148,5
11,428;28.478,7
11,432;30.440,1
11,436;32.001,4
11,44;33.136,5
11,444;33.824,7
11,448;34.051,6
11,452;33.808,9
11,456;33.094,6
11,46;31.913,5
11,464;30.276,5
11,468;28.201,4
11,472;25.712
11,476;22.838,2
11,48;19.615,5
11,484;16.084,7
11,488;12.291,3
11,492;8.285,03
11,496;4.118,96
11,5;150,879
11,504;4.466,45
11,508;8.768,44
11,512;12.997
11,516;17.092,8
11,52;20.997,4
11,524;24.654,6
11,528;28.011
11,532;31.016,5
11,536;33.625,6
11,54;35.797,6
11,544;37.497,6
11,548;38.696,8
11,552;39.372,7
11,556;39.510,3
11,56;39.101,6
11,564;38.146,1
11,568;36.650,9
11,572;34.630,8
11,576;32.107,9
11,58;29.111,6
11,584;25.678
11,588;21.849,8
11,592;17.675,9
11,596;13.210,1
11,6;8.511,17
11,604;3.641,59
11,608;1.333,01
11,612;6.344,83
11,616;11.324,8
11,62;16.203,5
11,624;20.912,1
11,628;25.383,6
11,632;29.553,1
11,636;33.359,5
11,64;36.745,9
11,644;39.660,8
11,648;42.058,3
11,652;43.899,4
11,656;45.152,5
11,66;45.793,4
11,664;45.806,6
11,668;45.184,7
11,672;43.929,3
11,676;42.050,6
11,68;39.567,8
11,684;36.508,6
11,688;32.908,8
11,692;28.812,4
11,696;24.270,5
11,7;19.341,3
11,704;14.088,6
11,708;8.581,76
11,712;2.894,23
11,716;2.897,14
11,72;8.713,2
11,724;14.473,6
11,728;20.097,8
11,732;25.506,4
11,736;30.621,8
11,74;35.370
11,744;39.680,9
11,748;43.489,8
11,752;46.738,4
11,756;49.375,2
11,76;51.357
11,764;52.648,8
11,768;53.225
11,772;53.069,7
11,776;52.176,7
11,78;50.550,2
11,784;48.204,6
11,788;45.164,3
11,792;41.463,7
11,796;37.146,7
11,8;32.266,2
11,804;26.883,7
11,808;21.068,1
11,812;14.895,3
11,816;8.446,82
11,82;1.809
11,824;4.928,23
11,828;11.672,6
11,832;18.330,6
11,836;24.809
11,84;31.015,9
11,844;36.862,3
11,848;42.262,9
11,852;47.138,1
11,856;51.414,2
11,86;55.025,2
11,864;57.913,7
11,868;60.031,4
11,872;61.340,4
11,876;61.813,5
11,88;61.434,8
11,884;60.199,9
11,888;58.116,4
11,892;55.203,7
11,896;51.492,9
11,9;47.026,5
11,904;41.857,9
11,908;36.051,1
11,912;29.679,3
11,916;22.824,5
11,92;15.576,6
11,924;8.031,39
11,928;290,358
11,932;7.541,4
11,936;15.356,3
11,94;23.045,8
11,944;30.501,9
11,948;37.618,5
11,952;44.293,3
11,956;50.428,6
11,96;55.933,4
11,964;60.724,2
11,968;64.726,7
11,972;67.876,4
11,976;70.120,3
11,98;71.416,9
11,984;71.737,8
11,988;71.067,6
11,992;69.404,3
11,996;66.760,1
