0,002;0
0,004;2,82843e-05
0,006;8,48151e-05
0,008;0,000169502
0,01;0,000282202
0,012;0,00042272
0,014;0,000590807
0,016;0,000786166
0,018;0,00100845
0,02;0,00125725
0,022;0,00153212
0,024;0,00183256
0,026;0,00215802
0,028;0,00250792
0,03;0,0028816
0,032;0,00327839
0,034;0,00369755
0,036;0,00413832
0,038;0,00459989
0,04;0,0050814
0,042;0,00558196
0,044;0,00610066
0,046;0,00663653
0,048;0,00718858
0,05;0,00775579
0,052;0,00833711
0,054;0,00893146
0,056;0,00953774
0,058;0,0101548
0,06;0,0107816
0,062;0,0114168
0,064;0,0120594
0,066;0,012708
0,068;0,0133616
0,07;0,0140189
0,072;0,0146786
0,074;0,0153396
0,076;0,0160005
0,078;0,0166603
0,08;0,0173175
0,082;0,0179711
0,084;0,0186198
0,086;0,0192623
0,088;0,0198975
0,09;0,0205242
0,092;0,0211412
0,094;0,0217474
0,096;0,0223416
0,098;0,0229226
0,1;0,0234895
0,102;0,0240411
0,104;0,0245764
0,106;0,0250944
0,108;0,0255941
0,11;0,0260746
0,112;0,026535
0,114;0,0269743
0,116;0,0273919
0,118;0,0277868
0,12;0,0281583
0,122;0,0285057
0,124;0,0288284
0,126;0,0291258
0,128;0,0293972
0,13;0,0296422
0,132;0,0298603
0,134;0,030051
0,136;0,030214
0,138;0,030349
0,14;0,0304557
0,142;0,0305339
0,144;0,0305834
0,146;0,0306041
0,148;0,030596
0,15;0,0305591
0,152;0,0304934
0,154;0,030399
0,156;0,0302761
0,158;0,0301249
0,16;0,0299457
0,162;0,0297387
0,164;0,0295045
0,166;0,0292433
0,168;0,0289557
0,17;0,0286421
0,172;0,0283032
0,174;0,0279396
0,176;0,0275519
0,178;0,0271409
0,18;0,0267072
0,182;0,0262518
0,184;0,0257754
0,186;0,0252789
0,188;0,0247633
0,19;0,0242294
0,192;0,0236783
0,194;0,023111
0,196;0,0225285
0,198;0,021932
0,2;0,0213225
0,202;0,0207011
0,204;0,0200691
0,206;0,0194275
0,208;0,0187776
0,21;0,0181206
0,212;0,0174577
0,214;0,0167902
0,216;0,0161192
0,218;0,0154461
0,22;0,014772
0,222;0,0140984
0,224;0,0134263
0,226;0,0127571
0,228;0,012092
0,23;0,0114322
0,232;0,0107791
0,234;0,0101338
0,236;0,00949746
0,238;0,00887137
0,24;0,00825667
0,242;0,00765451
0,244;0,00706603
0,246;0,00649232
0,248;0,00593448
0,25;0,00539355
0,252;0,00487054
0,254;0,00436645
0,256;0,00388222
0,258;0,00341877
0,26;0,00297698
0,262;0,00255768
0,264;0,00216166
0,266;0,00178969
0,268;0,00144246
0,27;0,00112063
0,272;0,000824825
0,274;0,000555608
0,276;0,000313493
0,278;9,89492e-05
0,28;8,761e-05
0,282;0,000245821
0,284;0,000375373
0,286;0,000476009
0,288;0,000547526
0,29;0,000589775
0,292;0,000602661
0,294;0,000586145
0,296;0,000540241
0,298;0,000465021
0,3;0,000360608
0,302;0,000227182
0,304;6,4976e-05
0,306;0,000125722
0,308;0,000344571
0,31;0,000591177
0,312;0,000865096
0,314;0,00116583
0,316;0,00149283
0,318;0,00184551
0,32;0,00222321
0,322;0,00262525
0,324;0,00305089
0,326;0,00349934
0,328;0,00396978
0,33;0,00446135
0,332;0,00497314
0,334;0,0055042
0,336;0,00605356
0,338;0,00662019
0,34;0,00720305
0,342;0,00780106
0,344;0,00841311
0,346;0,00903807
0,348;0,00967477
0,35;0,010322
0,352;0,0109787
0,354;0,0116434
0,356;0,0123151
0,358;0,0129924
0,36;0,0136742
0,362;0,014359
0,364;0,0150457
0,366;0,015733
0,368;0,0164195
0,37;0,017104
0,372;0,0177853
0,374;0,018462
0,376;0,0191329
0,378;0,0197967
0,38;0,0204522
0,382;0,0210982
0,384;0,0217334
0,386;0,0223567
0,388;0,0229668
0,39;0,0235627
0,392;0,0241432
0,394;0,0247072
0,396;0,0252537
0,398;0,0257816
0,4;0,02629
0,402;0,0267779
0,404;0,0272443
0,406;0,0276883
0,408;0,0281093
0,41;0,0285062
0,412;0,0288785
0,414;0,0292253
0,416;0,029546
0,418;0,0298401
0,42;0,0301068
0,422;0,0303459
0,424;0,0305566
0,426;0,0307388
0,428;0,0308919
0,43;0,0310157
0,432;0,03111
0,434;0,0311746
0,436;0,0312092
0,438;0,031214
0,44;0,0311887
0,442;0,0311335
0,444;0,0310484
0,446;0,0309336
0,448;0,0307893
0,45;0,0306158
0,452;0,0304132
0,454;0,0301821
0,456;0,0299228
0,458;0,0296358
0,46;0,0293216
0,462;0,0289808
0,464;0,028614
0,466;0,0282218
0,468;0,0278051
0,47;0,0273645
0,472;0,0269009
0,474;0,0264151
0,476;0,025908
0,478;0,0253806
0,48;0,0248338
0,482;0,0242686
0,484;0,0236861
0,486;0,0230874
0,488;0,0224736
0,49;0,0218457
0,492;0,021205
0,494;0,0205527
0,496;0,01989
0,498;0,019218
0,5;0,0185382
0,502;0,0178516
0,504;0,0171596
0,506;0,0164635
0,508;0,0157646
0,51;0,0150642
0,512;0,0143635
0,514;0,013664
0,516;0,0129669
0,518;0,0122734
0,52;0,011585
0,522;0,0109029
0,524;0,0102283
0,526;0,0095626
0,528;0,00890695
0,53;0,00826261
0,532;0,00763078
0,534;0,00701266
0,536;0,0064094
0,538;0,00582214
0,54;0,00525199
0,542;0,00470001
0,544;0,00416724
0,546;0,0036547
0,548;0,00316335
0,55;0,00269411
0,552;0,00224788
0,554;0,0018255
0,556;0,00142777
0,558;0,00105545
0,56;0,000709241
0,562;0,00038981
0,564;9,77649e-05
0,566;0,000166334
0,568;0,000401979
0,57;0,000608715
0,572;0,00078614
0,574;0,000933909
0,576;0,00105173
0,578;0,00113936
0,58;0,00119663
0,582;0,00122342
0,584;0,00121965
0,586;0,00118531
0,588;0,00112047
0,59;0,00102521
0,592;0,000899699
0,594;0,000744161
0,596;0,000558866
0,598;0,000344145
0,6;0,000100383
0,602;0,000171981
0,604;0,000472453
0,606;0,000800488
0,608;0,00115549
0,61;0,0015368
0,612;0,00194374
0,614;0,00237555
0,616;0,00283144
0,618;0,00331057
0,62;0,00381206
0,622;0,00433499
0,624;0,00487838
0,626;0,00544125
0,628;0,00602254
0,63;0,00662119
0,632;0,00723608
0,634;0,00786607
0,636;0,00851
0,638;0,00916668
0,64;0,00983487
0,642;0,0105134
0,644;0,0112009
0,646;0,0118961
0,648;0,0125978
0,65;0,0133046
0,652;0,0140153
0,654;0,0147284
0,656;0,0154428
0,658;0,016157
0,66;0,0168696
0,662;0,0175795
0,664;0,0182852
0,666;0,0189854
0,668;0,0196789
0,67;0,0203642
0,672;0,0210402
0,674;0,0217056
0,676;0,0223591
0,678;0,0229995
0,68;0,0236256
0,682;0,0242362
0,684;0,0248301
0,686;0,0254064
0,688;0,0259638
0,69;0,0265013
0,692;0,0270179
0,694;0,0275126
0,696;0,0279845
0,698;0,0284327
0,7;0,0288564
0,702;0,0292547
0,704;0,0296269
0,706;0,0299723
0,708;0,0302902
0,71;0,03058
0,712;0,0308412
0,714;0,0310732
0,716;0,0312757
0,718;0,0314481
0,72;0,0315902
0,722;0,0317017
0,724;0,0317824
0,726;0,0318321
0,728;0,0318506
0,73;0,031838
0,732;0,0317943
0,734;0,0317194
0,736;0,0316136
0,738;0,0314771
0,74;0,0313099
0,742;0,0311125
0,744;0,0308853
0,746;0,0306285
0,748;0,0303427
0,75;0,0300284
0,752;0,0296861
0,754;0,0293166
0,756;0,0289204
0,758;0,0284983
0,76;0,028051
0,762;0,0275795
0,764;0,0270845
0,766;0,0265669
0,768;0,0260278
0,77;0,0254681
0,772;0,0248888
0,774;0,0242911
0,776;0,023676
0,778;0,0230446
0,78;0,0223981
0,782;0,0217378
0,784;0,0210649
0,786;0,0203805
0,788;0,0196861
0,79;0,0189827
0,792;0,0182719
0,794;0,0175549
0,796;0,016833
0,798;0,0161075
0,8;0,01538
0,802;0,0146515
0,804;0,0139237
0,806;0,0131977
0,808;0,012475
0,81;0,0117569
0,812;0,0110448
0,814;0,01034
0,816;0,00964374
0,818;0,00895742
0,82;0,00828229
0,822;0,00761963
0,824;0,00697068
0,826;0,00633665
0,828;0,00571874
0,83;0,00511811
0,832;0,00453589
0,834;0,00397318
0,836;0,00343104
0,838;0,00291048
0,84;0,0024125
0,842;0,00193803
0,844;0,00148798
0,846;0,0010632
0,848;0,000664484
0,85;0,000292603
0,852;5,17381e-05
0,854;0,000367882
0,856;0,000655224
0,858;0,000913212
0,86;0,00114135
0,862;0,00133919
0,864;0,00150636
0,866;0,00164251
0,868;0,00174739
0,87;0,00182078
0,872;0,00186253
0,874;0,00187254
0,876;0,00185077
0,878;0,00179725
0,88;0,00171207
0,882;0,00159536
0,884;0,00144732
0,886;0,00126822
0,888;0,00105837
0,89;0,000818153
0,892;0,000547994
0,894;0,000248384
0,896;8,01342e-05
0,898;0,000436962
0,9;0,000821449
0,902;0,00123289
0,904;0,00167054
0,906;0,00213358
0,908;0,00262117
0,91;0,00313242
0,912;0,00366637
0,914;0,00422205
0,916;0,00479843
0,918;0,00539444
0,92;0,00600899
0,922;0,00664093
0,924;0,0072891
0,926;0,00795229
0,928;0,00862927
0,93;0,00931879
0,932;0,0100196
0,934;0,0107303
0,936;0,0114497
0,938;0,0121763
0,94;0,0129089
0,942;0,0136461
0,944;0,0143865
0,946;0,0151287
0,948;0,0158714
0,95;0,0166131
0,952;0,0173524
0,954;0,0180881
0,956;0,0188187
0,958;0,0195428
0,96;0,0202591
0,962;0,0209663
0,964;0,0216629
0,966;0,0223478
0,968;0,0230197
0,97;0,0236772
0,972;0,0243191
0,974;0,0249443
0,976;0,0255515
0,978;0,0261397
0,98;0,0267076
0,982;0,0272543
0,984;0,0277787
0,986;0,0282798
0,988;0,0287566
0,99;0,0292084
0,992;0,0296341
0,994;0,030033
0,996;0,0304043
0,998;0,0307474
1;0,0310615
1,002;0,0313462
1,004;0,0316007
1,006;0,0318247
1,008;0,0320176
1,01;0,0321792
1,012;0,0323091
1,014;0,0324071
1,016;0,0324728
1,018;0,0325063
1,02;0,0325074
1,022;0,0324761
1,024;0,0324125
1,026;0,0323166
1,028;0,0321886
1,03;0,0320287
1,032;0,0318373
1,034;0,0316146
1,036;0,0313611
1,038;0,0310771
1,04;0,0307633
1,042;0,0304202
1,044;0,0300484
1,046;0,0296486
1,048;0,0292215
1,05;0,0287679
1,052;0,0282887
1,054;0,0277847
1,056;0,0272569
1,058;0,0267061
1,06;0,0261335
1,062;0,0255401
1,064;0,024927
1,066;0,0242954
1,068;0,0236463
1,07;0,022981
1,072;0,0223008
1,074;0,0216068
1,076;0,0209004
1,078;0,0201829
1,08;0,0194557
1,082;0,01872
1,084;0,0179773
1,086;0,0172289
1,088;0,0164762
1,09;0,0157207
1,092;0,0149637
1,094;0,0142066
1,096;0,0134509
1,098;0,012698
1,1;0,0119492
1,102;0,0112061
1,104;0,0104699
1,106;0,00974202
1,108;0,00902388
1,11;0,0083168
1,112;0,0076221
1,114;0,00694109
1,116;0,00627504
1,118;0,0056252
1,12;0,00499281
1,122;0,00437904
1,124;0,00378505
1,126;0,00321197
1,128;0,00266087
1,13;0,00213279
1,132;0,00162874
1,134;0,00114965
1,136;0,000696457
1,138;0,000270001
1,14;0,000128902
1,142;0,000499493
1,144;0,000841065
1,146;0,00115296
1,148;0,00143459
1,15;0,00168541
1,152;0,00190493
1,154;0,00209273
1,156;0,00224844
1,158;0,00237175
1,16;0,00246241
1,162;0,00252024
1,164;0,00254511
1,166;0,00253696
1,168;0,00249579
1,17;0,00242165
1,172;0,00231467
1,174;0,00217503
1,176;0,00200296
1,178;0,00179879
1,18;0,00156286
1,182;0,0012956
1,184;0,000997498
1,186;0,000669091
1,188;0,000310975
1,19;7,61959e-05
1,192;0,000491716
1,194;0,000934823
1,196;0,00140471
1,198;0,0019005
1,2;0,0024213
1,202;0,00296614
1,204;0,00353402
1,206;0,00412388
1,208;0,00473465
1,21;0,00536519
1,212;0,00601434
1,214;0,00668089
1,216;0,00736361
1,218;0,00806123
1,22;0,00877246
1,222;0,00949598
1,224;0,0102304
1,226;0,0109745
1,228;0,0117267
1,23;0,0124858
1,232;0,0132502
1,234;0,0140185
1,236;0,0147894
1,238;0,0155614
1,24;0,0163331
1,242;0,0171029
1,244;0,0178695
1,246;0,0186315
1,248;0,0193873
1,25;0,0201357
1,252;0,0208752
1,254;0,0216043
1,256;0,0223218
1,258;0,0230263
1,26;0,0237165
1,262;0,0243911
1,264;0,0250488
1,266;0,0256884
1,268;0,0263086
1,27;0,0269083
1,272;0,0274865
1,274;0,0280419
1,276;0,0285735
1,278;0,0290804
1,28;0,0295615
1,282;0,030016
1,284;0,030443
1,286;0,0308417
1,288;0,0312113
1,29;0,0315511
1,292;0,0318605
1,294;0,0321389
1,296;0,0323857
1,298;0,0326005
1,3;0,0327828
1,302;0,0329323
1,304;0,0330487
1,306;0,0331318
1,308;0,0331813
1,31;0,0331972
1,312;0,0331794
1,314;0,033128
1,316;0,033043
1,318;0,0329245
1,32;0,0327729
1,322;0,0325882
1,324;0,0323709
1,326;0,0321213
1,328;0,03184
1,33;0,0315273
1,332;0,0311839
1,334;0,0308104
1,336;0,0304074
1,338;0,0299758
1,34;0,0295162
1,342;0,0290297
1,344;0,0285169
1,346;0,0279789
1,348;0,0274167
1,35;0,0268313
1,352;0,0262238
1,354;0,0255953
1,356;0,024947
1,358;0,02428
1,36;0,0235956
1,362;0,0228952
1,364;0,0221799
1,366;0,021451
1,368;0,0207101
1,37;0,0199584
1,372;0,0191973
1,374;0,0184282
1,376;0,0176526
1,378;0,016872
1,38;0,0160877
1,382;0,0153012
1,384;0,0145141
1,386;0,0137277
1,388;0,0129436
1,39;0,0121631
1,392;0,0113879
1,394;0,0106192
1,396;0,00985861
1,398;0,00910749
1,4;0,00836724
1,402;0,00763927
1,404;0,00692493
1,406;0,00622557
1,408;0,0055425
1,41;0,004877
1,412;0,00423033
1,414;0,0036037
1,416;0,00299829
1,418;0,00241525
1,42;0,00185568
1,422;0,00132062
1,424;0,000811103
1,426;0,000328081
1,428;0,000127526
1,43;0,000554855
1,432;0,000953091
1,434;0,00132148
1,436;0,00165931
1,438;0,00196594
1,44;0,00224077
1,442;0,00248329
1,444;0,00269302
1,446;0,00286955
1,448;0,00301253
1,45;0,00312168
1,452;0,00319678
1,454;0,00323767
1,456;0,00324424
1,458;0,00321649
1,46;0,00315443
1,462;0,00305816
1,464;0,00292785
1,466;0,00276372
1,468;0,00256606
1,47;0,00233522
1,472;0,00207162
1,474;0,00177572
1,476;0,00144806
1,478;0,00108925
1,48;0,000699922
1,482;0,000280798
1,484;0,000167358
1,486;0,000643725
1,488;0,00114743
1,49;0,00167754
1,492;0,00223309
1,494;0,00281306
1,496;0,00341636
1,498;0,00404189
1,5;0,0046885
1,502;0,00535499
1,504;0,00604011
1,506;0,00674262
1,508;0,00746119
1,51;0,00819451
1,512;0,0089412
1,514;0,00969989
1,516;0,0104692
1,518;0,0112476
1,52;0,0120337
1,522;0,0128261
1,524;0,0136232
1,526;0,0144236
1,528;0,0152258
1,53;0,0160283
1,532;0,0168296
1,534;0,0176282
1,536;0,0184225
1,538;0,0192112
1,54;0,0199928
1,542;0,0207657
1,544;0,0215286
1,546;0,0222799
1,548;0,0230184
1,55;0,0237426
1,552;0,0244511
1,554;0,0251426
1,556;0,0258159
1,558;0,0264696
1,56;0,0271025
1,562;0,0277135
1,564;0,0283013
1,566;0,028865
1,568;0,0294033
1,57;0,0299153
1,572;0,0304
1,574;0,0308565
1,576;0,031284
1,578;0,0316815
1,58;0,0320484
1,582;0,032384
1,584;0,0326876
1,586;0,0329586
1,588;0,0331965
1,59;0,0334009
1,592;0,0335713
1,594;0,0337074
1,596;0,033809
1,598;0,0338758
1,6;0,0339077
1,602;0,0339045
1,604;0,0338664
1,606;0,0337933
1,608;0,0336854
1,61;0,0335428
1,612;0,0333659
1,614;0,0331548
1,616;0,03291
1,618;0,0326319
1,62;0,0323211
1,622;0,031978
1,624;0,0316034
1,626;0,0311978
1,628;0,0307621
1,63;0,030297
1,632;0,0298034
1,634;0,0292822
1,636;0,0287343
1,638;0,0281608
1,64;0,0275627
1,642;0,0269411
1,644;0,0262971
1,646;0,0256321
1,648;0,0249471
1,65;0,0242434
1,652;0,0235224
1,654;0,0227854
1,656;0,0220338
1,658;0,0212689
1,66;0,0204922
1,662;0,0197051
1,664;0,0189091
1,666;0,0181056
1,668;0,0172962
1,67;0,0164824
1,672;0,0156657
1,674;0,0148475
1,676;0,0140295
1,678;0,0132132
1,68;0,0124
1,682;0,0115915
1,684;0,0107893
1,686;0,00999478
1,688;0,00920946
1,69;0,00843481
1,692;0,00767229
1,694;0,00692332
1,696;0,00618932
1,698;0,00547165
1,7;0,00477167
1,702;0,0040907
1,704;0,00343001
1,706;0,00279085
1,708;0,00217443
1,71;0,0015819
1,712;0,00101439
1,714;0,000472962
1,716;4,13506e-05
1,718;0,000527576
1,72;0,000984791
1,722;0,00141213
1,724;0,00180877
1,726;0,00217397
1,728;0,00250702
1,73;0,00280728
1,732;0,00307417
1,734;0,00330719
1,736;0,00350587
1,738;0,00366984
1,74;0,00379875
1,742;0,00389236
1,744;0,00395046
1,746;0,00397294
1,748;0,00395973
1,75;0,00391084
1,752;0,00382634
1,754;0,00370636
1,756;0,00355112
1,758;0,00336089
1,76;0,00313599
1,762;0,00287684
1,764;0,00258389
1,766;0,00225768
1,768;0,00189879
1,77;0,00150789
1,772;0,00108568
1,774;0,000632933
1,776;0,000150479
1,778;0,000360798
1,78;0,000899958
1,782;0,00146601
1,784;0,00205791
1,786;0,00267457
1,788;0,00331485
1,79;0,00397757
1,792;0,0046615
1,794;0,00536538
1,796;0,00608791
1,798;0,00682773
1,8;0,0075835
1,802;0,00835379
1,804;0,00913719
1,806;0,00993223
1,808;0,0107374
1,81;0,0115513
1,812;0,0123724
1,814;0,013199
1,816;0,0140298
1,818;0,0148631
1,82;0,0156973
1,822;0,016531
1,824;0,0173626
1,826;0,0181905
1,828;0,0190132
1,83;0,019829
1,832;0,0206366
1,834;0,0214344
1,836;0,0222209
1,838;0,0229946
1,84;0,0237541
1,842;0,024498
1,844;0,0252247
1,846;0,0259331
1,848;0,0266217
1,85;0,0272893
1,852;0,0279346
1,854;0,0285564
1,856;0,0291534
1,858;0,0297247
1,86;0,0302691
1,862;0,0307855
1,864;0,031273
1,866;0,0317307
1,868;0,0321577
1,87;0,0325532
1,872;0,0329164
1,874;0,0332467
1,876;0,0335433
1,878;0,0338058
1,88;0,0340336
1,882;0,0342262
1,884;0,0343834
1,886;0,0345048
1,888;0,03459
1,89;0,0346391
1,892;0,0346518
1,894;0,0346281
1,896;0,0345681
1,898;0,0344717
1,9;0,0343393
1,902;0,034171
1,904;0,033967
1,906;0,0337279
1,908;0,0334539
1,91;0,0331457
1,912;0,0328036
1,914;0,0324285
1,916;0,0320209
1,918;0,0315816
1,92;0,0311114
1,922;0,0306111
1,924;0,0300818
1,926;0,0295243
1,928;0,0289396
1,93;0,0283289
1,932;0,0276933
1,934;0,0270339
1,936;0,0263521
1,938;0,0256489
1,94;0,0249258
1,942;0,024184
1,944;0,023425
1,946;0,0226501
1,948;0,0218608
1,95;0,0210586
1,952;0,020245
1,954;0,0194213
1,956;0,0185893
1,958;0,0177505
1,96;0,0169063
1,962;0,0160584
1,964;0,0152083
1,966;0,0143577
1,968;0,0135082
1,97;0,0126612
1,972;0,0118184
1,974;0,0109815
1,976;0,0101518
1,978;0,00933107
1,98;0,00852074
1,982;0,00772237
1,984;0,00693743
1,986;0,00616741
1,988;0,00541376
1,99;0,00467788
1,992;0,00396116
1,994;0,00326494
1,996;0,00259055
1,998;0,00193924
2;0,00131225
2,002;0,000710766
2,004;0,000135915
2,006;0,000411213
2,008;0,00092958
2,01;0,0014182
2,012;0,00187616
2,014;0,00230257
2,016;0,00269663
2,018;0,00305757
2,02;0,00338472
2,022;0,00367744
2,024;0,00393517
2,026;0,00415741
2,028;0,00434372
2,03;0,00449374
2,032;0,00460716
2,034;0,00468376
2,036;0,00472337
2,038;0,00472591
2,04;0,00469134
2,042;0,00461971
2,044;0,00451113
2,046;0,00436579
2,048;0,00418394
2,05;0,0039659
2,052;0,00371205
2,054;0,00342286
2,056;0,00309883
2,058;0,00274057
2,06;0,00234872
2,062;0,00192398
2,064;0,00146715
2,066;0,000979046
2,068;0,000460573
2,07;8,73212e-05
2,072;0,000663629
2,074;0,00126729
2,076;0,00189719
2,078;0,00255217
2,08;0,00323102
2,082;0,00393248
2,084;0,00465527
2,086;0,00539803
2,088;0,00615939
2,09;0,00693795
2,092;0,00773226
2,094;0,00854084
2,096;0,0093622
2,098;0,0101948
2,1;0,0110371
2,102;0,0118875
2,104;0,0127445
2,106;0,0136064
2,108;0,0144717
2,11;0,0153387
2,112;0,0162058
2,114;0,0170715
2,116;0,0179339
2,118;0,0187917
2,12;0,0196431
2,122;0,0204866
2,124;0,0213206
2,126;0,0221435
2,128;0,0229539
2,13;0,02375
2,132;0,0245306
2,134;0,0252941
2,136;0,026039
2,138;0,026764
2,14;0,0274677
2,142;0,0281489
2,144;0,0288061
2,146;0,0294382
2,148;0,0300439
2,15;0,0306222
2,152;0,0311719
2,154;0,031692
2,156;0,0321815
2,158;0,0326395
2,16;0,033065
2,162;0,0334574
2,164;0,0338158
2,166;0,0341396
2,168;0,034428
2,17;0,0346807
2,172;0,0348971
2,174;0,0350767
2,176;0,0352192
2,178;0,0353243
2,18;0,0353918
2,182;0,0354216
2,184;0,0354135
2,186;0,0353677
2,188;0,035284
2,19;0,0351628
2,192;0,0350041
2,194;0,0348083
2,196;0,0345757
2,198;0,0343067
2,2;0,0340018
2,202;0,0336616
2,204;0,0332866
2,206;0,0328776
2,208;0,0324353
2,21;0,0319605
2,212;0,031454
2,214;0,0309169
2,216;0,03035
2,218;0,0297545
2,22;0,0291314
2,222;0,0284819
2,224;0,0278071
2,226;0,0271083
2,228;0,0263869
2,23;0,0256441
2,232;0,0248813
2,234;0,0241
2,236;0,0233015
2,238;0,0224874
2,24;0,0216592
2,242;0,0208184
2,244;0,0199666
2,246;0,0191053
2,248;0,0182362
2,25;0,0173608
2,252;0,0164809
2,254;0,015598
2,256;0,0147139
2,258;0,01383
2,26;0,0129482
2,262;0,01207
2,264;0,0111971
2,266;0,0103311
2,268;0,00947367
2,27;0,00862636
2,272;0,00779078
2,274;0,0069685
2,276;0,00616106
2,278;0,00536997
2,28;0,00459671
2,282;0,00384275
2,284;0,0031095
2,286;0,00239834
2,288;0,0017106
2,29;0,00104759
2,292;0,000410556
2,294;0,000199301
2,296;0,000780827
2,298;0,00133292
2,3;0,00185454
2,302;0,00234469
2,304;0,00280244
2,306;0,00322692
2,308;0,00361731
2,31;0,00397288
2,312;0,00429294
2,314;0,00457687
2,316;0,00482412
2,318;0,00503422
2,32;0,00520675
2,322;0,00534136
2,324;0,00543779
2,326;0,00549584
2,328;0,00551538
2,33;0,00549635
2,332;0,00543876
2,334;0,00534271
2,336;0,00520835
2,338;0,0050359
2,34;0,00482569
2,342;0,00457807
2,344;0,00429348
2,346;0,00397245
2,348;0,00361554
2,35;0,00322342
2,352;0,00279678
2,354;0,00233641
2,356;0,00184314
2,358;0,00131789
2,36;0,000761618
2,362;0,000175341
2,364;0,000439861
2,366;0,00108285
2,368;0,00175245
2,37;0,00244742
2,372;0,00316648
2,374;0,00390829
2,376;0,00467149
2,378;0,00545465
2,38;0,00625634
2,382;0,00707506
2,384;0,0079093
2,386;0,0087575
2,388;0,00961809
2,39;0,0104895
2,392;0,01137
2,394;0,0122581
2,396;0,013152
2,398;0,0140502
2,4;0,0149509
2,402;0,0158525
2,404;0,0167532
2,406;0,0176514
2,408;0,0185455
2,41;0,0194336
2,412;0,0203143
2,414;0,0211858
2,416;0,0220465
2,418;0,0228948
2,42;0,0237291
2,422;0,0245478
2,424;0,0253494
2,426;0,0261324
2,428;0,0268954
2,43;0,0276368
2,432;0,0283553
2,434;0,0290495
2,436;0,0297182
2,438;0,0303601
2,44;0,0309739
2,442;0,0315585
2,444;0,0321127
2,446;0,0326357
2,448;0,0331262
2,45;0,0335835
2,452;0,0340066
2,454;0,0343947
2,456;0,0347472
2,458;0,0350632
2,46;0,0353423
2,462;0,0355838
2,464;0,0357872
2,466;0,0359523
2,468;0,0360787
2,47;0,036166
2,472;0,0362142
2,474;0,0362231
2,476;0,0361926
2,478;0,0361229
2,48;0,036014
2,482;0,035866
2,484;0,0356794
2,486;0,0354543
2,488;0,0351912
2,49;0,0348905
2,492;0,0345529
2,494;0,0341788
2,496;0,0337691
2,498;0,0333243
2,5;0,0328454
2,502;0,0323333
2,504;0,0317888
2,506;0,0312129
2,508;0,0306067
2,51;0,0299714
2,512;0,0293081
2,514;0,028618
2,516;0,0279024
2,518;0,0271626
2,52;0,0264
2,522;0,025616
2,524;0,0248121
2,526;0,0239896
2,528;0,0231503
2,53;0,0222956
2,532;0,021427
2,534;0,0205464
2,536;0,0196551
2,538;0,018755
2,54;0,0178477
2,542;0,0169349
2,544;0,0160182
2,546;0,0150995
2,548;0,0141803
2,55;0,0132625
2,552;0,0123477
2,554;0,0114377
2,556;0,0105341
2,558;0,00963867
2,56;0,00875304
2,562;0,00787888
2,564;0,00701783
2,566;0,00617151
2,568;0,0053415
2,57;0,00452936
2,572;0,00373662
2,574;0,00296476
2,576;0,00221524
2,578;0,00148947
2,58;0,000788823
2,582;0,00011461
2,584;0,000531892
2,586;0,00114946
2,588;0,00173693
2,59;0,00229319
2,592;0,00281718
2,594;0,0033079
2,596;0,00376443
2,598;0,00418589
2,6;0,00457147
2,602;0,00492045
2,604;0,00523214
2,606;0,00550595
2,608;0,00574134
2,61;0,00593785
2,612;0,0060951
2,614;0,00621278
2,616;0,00629063
2,618;0,0063285
2,62;0,00632629
2,622;0,00628399
2,624;0,00620165
2,626;0,00607941
2,628;0,00591747
2,63;0,00571611
2,632;0,00547569
2,634;0,00519664
2,636;0,00487945
2,638;0,0045247
2,64;0,00413303
2,642;0,00370515
2,644;0,00324185
2,646;0,00274396
2,648;0,0022124
2,65;0,00164814
2,652;0,00105222
2,654;0,000425738
2,656;0,000230161
2,658;0,000914264
2,66;0,00162531
2,662;0,00236199
2,664;0,00312293
2,666;0,00390673
2,668;0,00471195
2,67;0,00553708
2,672;0,0063806
2,674;0,00724094
2,676;0,00811651
2,678;0,00900568
2,68;0,0099068
2,682;0,0108182
2,684;0,0117382
2,686;0,012665
2,688;0,013597
2,69;0,0145323
2,692;0,0154694
2,694;0,0164063
2,696;0,0173414
2,698;0,0182729
2,7;0,0191991
2,702;0,0201182
2,704;0,0210285
2,706;0,0219284
2,708;0,0228161
2,71;0,0236899
2,712;0,0245483
2,714;0,0253896
2,716;0,0262122
2,718;0,0270147
2,72;0,0277954
2,722;0,0285529
2,724;0,0292858
2,726;0,0299928
2,728;0,0306724
2,73;0,0313234
2,732;0,0319445
2,734;0,0325347
2,736;0,0330927
2,738;0,0336175
2,74;0,0341081
2,742;0,0345636
2,744;0,0349832
2,746;0,0353659
2,748;0,0357111
2,75;0,0360181
2,752;0,0362863
2,754;0,0365152
2,756;0,0367044
2,758;0,0368534
2,76;0,036962
2,762;0,0370299
2,764;0,0370571
2,766;0,0370433
2,768;0,0369887
2,77;0,0368933
2,772;0,0367573
2,774;0,0365809
2,776;0,0363644
2,778;0,0361081
2,78;0,0358126
2,782;0,0354784
2,784;0,0351061
2,786;0,0346963
2,788;0,0342498
2,79;0,0337675
2,792;0,0332501
2,794;0,0326987
2,796;0,0321142
2,798;0,0314977
2,8;0,0308504
2,802;0,0301735
2,804;0,0294682
2,806;0,0287357
2,808;0,0279775
2,81;0,027195
2,812;0,0263896
2,814;0,0255627
2,816;0,024716
2,818;0,023851
2,82;0,0229693
2,822;0,0220725
2,824;0,0211624
2,826;0,0202405
2,828;0,0193086
2,83;0,0183685
2,832;0,0174219
2,834;0,0164705
2,836;0,0155162
2,838;0,0145607
2,84;0,0136057
2,842;0,0126532
2,844;0,0117048
2,846;0,0107623
2,848;0,00982755
2,85;0,00890222
2,852;0,00798806
2,854;0,00708679
2,856;0,0062001
2,858;0,00532964
2,86;0,00447705
2,862;0,00364394
2,864;0,00283186
2,866;0,00204235
2,868;0,00127689
2,87;0,000536921
2,872;0,00017616
2,874;0,000861008
2,876;0,00151633
2,878;0,00214089
2,88;0,00273349
2,882;0,00329303
2,884;0,00381844
2,886;0,00430871
2,888;0,00476292
2,89;0,00518019
2,892;0,00555974
2,894;0,00590082
2,896;0,00620279
2,898;0,00646505
2,9;0,0066871
2,902;0,00686851
2,904;0,0070089
2,906;0,00710801
2,908;0,00716561
2,91;0,00718158
2,912;0,00715587
2,914;0,00708851
2,916;0,00697959
2,918;0,00682931
2,92;0,00663791
2,922;0,00640573
2,924;0,00613319
2,926;0,00582077
2,928;0,00546903
2,93;0,00507861
2,932;0,00465022
2,934;0,00418464
2,936;0,00368272
2,938;0,00314536
2,94;0,00257357
2,942;0,00196838
2,944;0,00133091
2,946;0,000662329
2,948;3,61264e-05
2,95;0,000763172
2,952;0,00151746
2,954;0,00229761
2,956;0,00310217
2,958;0,00392965
2,96;0,00477852
2,962;0,00564721
2,964;0,0065341
2,966;0,00743756
2,968;0,00835589
2,97;0,00928741
2,972;0,0102304
2,974;0,011183
2,976;0,0121436
2,978;0,0131103
2,98;0,0140813
2,982;0,0150548
2,984;0,0160291
2,986;0,0170022
2,988;0,0179724
2,99;0,0189378
2,992;0,0198967
2,994;0,0208473
2,996;0,0217877
2,998;0,0227162
3;0,0236311
3,002;0,0245307
3,004;0,0254133
3,006;0,0262771
3,008;0,0271207
3,01;0,0279424
3,012;0,0287406
3,014;0,0295139
3,016;0,0302608
3,018;0,0309799
3,02;0,0316698
3,022;0,0323293
3,024;0,032957
3,026;0,0335519
3,028;0,0341127
3,03;0,0346384
3,032;0,0351281
3,034;0,0355807
3,036;0,0359954
3,038;0,0363714
3,04;0,036708
3,042;0,0370046
3,044;0,0372605
3,046;0,0374753
3,048;0,0376486
3,05;0,0377799
3,052;0,0378691
3,054;0,0379159
3,056;0,0379203
3,058;0,0378821
3,06;0,0378016
3,062;0,0376786
3,064;0,0375136
3,066;0,0373067
3,068;0,0370584
3,07;0,0367691
3,072;0,0364392
3,074;0,0360694
3,076;0,0356604
3,078;0,0352129
3,08;0,0347277
3,082;0,0342057
3,084;0,0336479
3,086;0,0330552
3,088;0,0324288
3,09;0,0317699
3,092;0,0310795
3,094;0,0303591
3,096;0,0296098
3,098;0,0288332
3,1;0,0280307
3,102;0,0272037
3,104;0,0263537
3,106;0,0254824
3,108;0,0245913
3,11;0,0236821
3,112;0,0227565
3,114;0,0218163
3,116;0,0208631
3,118;0,0198987
3,12;0,018925
3,122;0,0179436
3,124;0,0169566
3,126;0,0159657
3,128;0,0149727
3,13;0,0139795
3,132;0,012988
3,134;0,012
3,136;0,0110173
3,138;0,0100419
3,14;0,00907543
3,142;0,00811982
3,144;0,00717683
3,146;0,00624823
3,148;0,00533574
3,15;0,0044411
3,152;0,00356597
3,154;0,00271201
3,156;0,00188081
3,158;0,00107394
3,16;0,000292921
3,162;0,000460778
3,164;0,00118573
3,166;0,00188058
3,168;0,002544
3,17;0,00317474
3,172;0,00377161
3,174;0,00433347
3,176;0,00485926
3,178;0,00534797
3,18;0,00579868
3,182;0,00621052
3,184;0,0065827
3,186;0,00691451
3,188;0,0072053
3,19;0,00745452
3,192;0,00766166
3,194;0,00782634
3,196;0,0079482
3,198;0,00802701
3,2;0,0080626
3,202;0,00805487
3,204;0,00800381
3,206;0,00790951
3,208;0,0077721
3,21;0,00759183
3,212;0,00736901
3,214;0,00710402
3,216;0,00679736
3,218;0,00644955
3,22;0,00606124
3,222;0,00563312
3,224;0,00516597
3,226;0,00466065
3,228;0,00411807
3,23;0,00353923
3,232;0,0029252
3,234;0,00227709
3,236;0,0015961
3,238;0,000883481
3,24;0,000140551
3,242;0,000631323
3,244;0,00143071
3,246;0,00225614
3,248;0,00310609
3,25;0,00397897
3,252;0,00487318
3,254;0,00578705
3,256;0,00671888
3,258;0,00766696
3,26;0,00862952
3,262;0,00960477
3,264;0,0105909
3,266;0,011586
3,268;0,0125884
3,27;0,0135961
3,272;0,0146072
3,274;0,0156199
3,276;0,0166322
3,278;0,0176423
3,28;0,0186483
3,282;0,0196483
3,284;0,0206405
3,286;0,0216229
3,288;0,0225938
3,29;0,0235513
3,292;0,0244937
3,294;0,0254191
3,296;0,0263258
3,298;0,0272122
3,3;0,0280765
3,302;0,0289172
3,304;0,0297326
3,306;0,0305212
3,308;0,0312816
3,31;0,0320123
3,312;0,0327118
3,314;0,033379
3,316;0,0340125
3,318;0,0346112
3,32;0,0351738
3,322;0,0356994
3,324;0,0361869
3,326;0,0366353
3,328;0,037044
3,33;0,037412
3,332;0,0377386
3,334;0,0380232
3,336;0,0382653
3,338;0,0384644
3,34;0,0386201
3,342;0,038732
3,344;0,0388
3,346;0,0388239
3,348;0,0388036
3,35;0,0387391
3,352;0,0386306
3,354;0,0384782
3,356;0,0382822
3,358;0,0380429
3,36;0,0377607
3,362;0,0374362
3,364;0,03707
3,366;0,0366626
3,368;0,0362148
3,37;0,0357275
3,372;0,0352015
3,374;0,0346378
3,376;0,0340375
3,378;0,0334015
3,38;0,0327312
3,382;0,0320277
3,384;0,0312923
3,386;0,0305264
3,388;0,0297314
3,39;0,0289087
3,392;0,02806
3,394;0,0271867
3,396;0,0262904
3,398;0,0253729
3,4;0,0244358
3,402;0,0234809
3,404;0,0225099
3,406;0,0215247
3,408;0,0205271
3,41;0,0195189
3,412;0,018502
3,414;0,0174783
3,416;0,0164497
3,418;0,0154182
3,42;0,0143856
3,422;0,0133539
3,424;0,012325
3,426;0,0113008
3,428;0,0102833
3,43;0,00927427
3,432;0,00827572
3,434;0,00728947
3,436;0,00631737
3,438;0,00536125
3,44;0,00442289
3,442;0,00350406
3,444;0,00260648
3,446;0,00173185
3,448;0,000881796
3,45;5,79291e-05
3,452;0,000738201
3,454;0,00150509
3,456;0,0022413
3,458;0,00294543
3,46;0,00361616
3,462;0,00425221
3,464;0,00485237
3,466;0,00541552
3,468;0,00594057
3,47;0,00642653
3,472;0,00687246
3,474;0,00727752
3,476;0,00764093
3,478;0,00796199
3,48;0,00824007
3,482;0,00847463
3,484;0,00866521
3,486;0,00881144
3,488;0,00891301
3,49;0,00896972
3,492;0,00898142
3,494;0,00894809
3,496;0,00886974
3,498;0,00874652
3,5;0,00857862
3,502;0,00836633
3,504;0,00811003
3,506;0,00781016
3,508;0,00746728
3,51;0,00708198
3,512;0,00665498
3,514;0,00618705
3,516;0,00567903
3,518;0,00513185
3,52;0,00454652
3,522;0,00392411
3,524;0,00326575
3,526;0,00257266
3,528;0,00184612
3,53;0,00108746
3,532;0,000298078
3,534;0,000520564
3,536;0,00136695
3,538;0,00223953
3,54;0,00313667
3,542;0,00405672
3,544;0,00499798
3,546;0,00595869
3,548;0,00693707
3,55;0,00793132
3,552;0,00893957
3,554;0,00995995
3,556;0,0109906
3,558;0,0120295
3,56;0,0130748
3,562;0,0141246
3,564;0,0151768
3,566;0,0162296
3,568;0,0172809
3,57;0,0183288
3,572;0,0193713
3,574;0,0204065
3,576;0,0214324
3,578;0,0224472
3,58;0,0234489
3,582;0,0244356
3,584;0,0254056
3,586;0,0263569
3,588;0,0272878
3,59;0,0281966
3,592;0,0290814
3,594;0,0299408
3,596;0,030773
3,598;0,0315765
3,6;0,0323498
3,602;0,0330913
3,604;0,0337998
3,606;0,0344739
3,608;0,0351122
3,61;0,0357137
3,612;0,036277
3,614;0,0368013
3,616;0,0372854
3,618;0,0377284
3,62;0,0381296
3,622;0,038488
3,624;0,0388031
3,626;0,0390742
3,628;0,0393008
3,63;0,0394825
3,632;0,0396188
3,634;0,0397095
3,636;0,0397545
3,638;0,0397535
3,64;0,0397066
3,642;0,0396139
3,644;0,0394754
3,646;0,0392915
3,648;0,0390624
3,65;0,0387886
3,652;0,0384705
3,654;0,0381087
3,656;0,0377038
3,658;0,0372566
3,66;0,036768
3,662;0,0362387
3,664;0,0356698
3,666;0,0350623
3,668;0,0344173
3,67;0,0337359
3,672;0,0330196
3,674;0,0322695
3,676;0,031487
3,678;0,0306736
3,68;0,0298309
3,682;0,0289603
3,684;0,0280634
3,686;0,027142
3,688;0,0261976
3,69;0,0252322
3,692;0,0242475
3,694;0,0232452
3,696;0,0222273
3,698;0,0211956
3,7;0,0201521
3,702;0,0190988
3,704;0,0180375
3,706;0,0169702
3,708;0,015899
3,71;0,0148258
3,712;0,0137526
3,714;0,0126815
3,716;0,0116145
3,718;0,0105534
3,72;0,00950042
3,722;0,00845739
3,724;0,00742631
3,726;0,0064091
3,728;0,00540766
3,73;0,00442388
3,732;0,00345961
3,734;0,00251664
3,736;0,00159676
3,738;0,000701693
3,74;0,000166878
3,742;0,00100732
3,744;0,00181804
3,746;0,00259751
3,748;0,00334427
3,75;0,0040569
3,752;0,00473406
3,754;0,00537445
3,756;0,00597687
3,758;0,00654017
3,76;0,00706328
3,762;0,00754519
3,764;0,007985
3,766;0,00838185
3,768;0,00873498
3,77;0,00904371
3,772;0,00930744
3,774;0,00952565
3,776;0,00969791
3,778;0,00982388
3,78;0,00990329
3,782;0,00993597
3,784;0,00992184
3,786;0,0098609
3,788;0,00975323
3,79;0,00959902
3,792;0,00939852
3,794;0,00915208
3,796;0,00886015
3,798;0,00852324
3,8;0,00814195
3,802;0,00771698
3,804;0,00724909
3,806;0,00673914
3,808;0,00618805
3,81;0,00559683
3,812;0,00496656
3,814;0,0042984
3,816;0,00359358
3,818;0,00285339
3,82;0,0020792
3,822;0,00127242
3,824;0,000434561
3,826;0,000432845
3,828;0,00132819
3,83;0,00224982
3,832;0,00319602
3,834;0,00416505
3,836;0,0051551
3,838;0,00616434
3,84;0,0071909
3,842;0,00823286
3,844;0,0092883
3,846;0,0103553
3,848;0,0114317
3,85;0,0125157
3,852;0,0136052
3,854;0,0146982
3,856;0,0157926
3,858;0,0168863
3,86;0,0179775
3,862;0,0190639
3,864;0,0201436
3,866;0,0212146
3,868;0,0222748
3,87;0,0233223
3,872;0,0243551
3,874;0,0253713
3,876;0,0263689
3,878;0,0273461
3,88;0,0283011
3,882;0,0292321
3,884;0,0301373
3,886;0,031015
3,888;0,0318635
3,89;0,0326813
3,892;0,0334668
3,894;0,0342186
3,896;0,0349351
3,898;0,0356151
3,9;0,0362573
3,902;0,0368604
3,904;0,0374234
3,906;0,037945
3,908;0,0384244
3,91;0,0388606
3,912;0,0392528
3,914;0,0396002
3,916;0,0399021
3,918;0,040158
3,92;0,0403674
3,922;0,0405298
3,924;0,0406449
3,926;0,0407125
3,928;0,0407324
3,93;0,0407046
3,932;0,0406291
3,934;0,040506
3,936;0,0403355
3,938;0,0401178
3,94;0,0398535
3,942;0,0395429
3,944;0,0391866
3,946;0,0387853
3,948;0,0383396
3,95;0,0378505
3,952;0,0373187
3,954;0,0367452
3,956;0,0361311
3,958;0,0354775
3,96;0,0347856
3,962;0,0340568
3,964;0,0332922
3,966;0,0324934
3,968;0,0316618
3,97;0,0307989
3,972;0,0299063
3,974;0,0289857
3,976;0,0280389
3,978;0,0270674
3,98;0,0260732
3,982;0,0250581
3,984;0,0240239
3,986;0,0229727
3,988;0,0219063
3,99;0,0208267
3,992;0,0197359
3,994;0,018636
3,996;0,017529
3,998;0,016417
4;0,015302
4,002;0,0141862
4,004;0,0130715
4,006;0,0119602
4,008;0,0108542
4,01;0,00975563
4,012;0,00866656
4,014;0,00758903
4,016;0,00652503
4,018;0,00547658
4,02;0,00444562
4,022;0,0034341
4,024;0,00244392
4,026;0,00147693
4,028;0,000534948
4,03;0,000380248
4,032;0,00126694
4,034;0,00212345
4,036;0,00294817
4,038;0,00373955
4,04;0,00449608
4,042;0,00521634
4,044;0,00589896
4,046;0,00654265
4,048;0,00714618
4,05;0,00770842
4,052;0,00822828
4,054;0,00870477
4,056;0,00913698
4,058;0,00952409
4,06;0,00986534
4,062;0,0101601
4,064;0,0104077
4,066;0,0106078
4,068;0,0107598
4,07;0,0108636
4,072;0,0109189
4,074;0,0109256
4,076;0,0108835
4,078;0,0107929
4,08;0,0106538
4,082;0,0104664
4,084;0,0102311
4,086;0,00994829
4,088;0,00961848
4,09;0,00924225
4,092;0,00882029
4,094;0,00835336
4,096;0,00784229
4,098;0,00728804
4,1;0,0066916
4,102;0,00605406
4,104;0,0053766
4,106;0,00466046
4,108;0,00390695
4,11;0,00311746
4,112;0,00229345
4,114;0,00143644
4,116;0,000547997
4,118;0,000370223
4,12;0,00131653
4,122;0,00228916
4,124;0,00328632
4,126;0,00430617
4,128;0,00534681
4,13;0,0064063
4,132;0,00748269
4,134;0,00857396
4,136;0,0096781
4,138;0,010793
4,14;0,0119167
4,142;0,013047
4,144;0,0141819
4,146;0,0153192
4,148;0,0164567
4,15;0,0175924
4,152;0,0187242
4,154;0,0198499
4,156;0,0209675
4,158;0,0220748
4,16;0,0231697
4,162;0,0242503
4,164;0,0253145
4,166;0,0263603
4,168;0,0273857
4,17;0,0283888
4,172;0,0293677
4,174;0,0303207
4,176;0,0312458
4,178;0,0321414
4,18;0,0330057
4,182;0,0338372
4,184;0,0346342
4,186;0,0353953
4,188;0,036119
4,19;0,036804
4,192;0,0374489
4,194;0,0380526
4,196;0,0386138
4,198;0,0391315
4,2;0,0396047
4,202;0,0400326
4,204;0,0404142
4,206;0,0407489
4,208;0,0410359
4,21;0,0412748
4,212;0,0414651
4,214;0,0416064
4,216;0,0416983
4,218;0,0417408
4,22;0,0417336
4,222;0,0416768
4,224;0,0415705
4,226;0,0414148
4,228;0,04121
4,23;0,0409565
4,232;0,0406546
4,234;0,040305
4,236;0,0399082
4,238;0,039465
4,24;0,0389762
4,242;0,0384427
4,244;0,0378654
4,246;0,0372454
4,248;0,0365838
4,25;0,0358819
4,252;0,0351409
4,254;0,0343622
4,256;0,0335472
4,258;0,0326975
4,26;0,0318145
4,262;0,0309
4,264;0,0299556
4,266;0,028983
4,268;0,0279841
4,27;0,0269608
4,272;0,0259148
4,274;0,0248482
4,276;0,0237629
4,278;0,022661
4,28;0,0215445
4,282;0,0204154
4,284;0,0192759
4,286;0,0181281
4,288;0,0169742
4,29;0,0158162
4,292;0,0146564
4,294;0,0134968
4,296;0,0123398
4,298;0,0111874
4,3;0,0100417
4,302;0,00890504
4,304;0,00777939
4,306;0,00666691
4,308;0,00556967
4,31;0,00448973
4,312;0,00342912
4,314;0,00238982
4,316;0,0013738
4,318;0,000382954
4,32;0,000580851
4,322;0,0015158
4,324;0,00242014
4,326;0,00329215
4,328;0,0041302
4,33;0,00493271
4,332;0,00569815
4,334;0,00642508
4,336;0,00711211
4,338;0,00775796
4,34;0,00836138
4,342;0,00892123
4,344;0,00943645
4,346;0,00990604
4,348;0,0103291
4,35;0,0107048
4,352;0,0110325
4,354;0,0113114
4,356;0,0115411
4,358;0,0117211
4,36;0,0118511
4,362;0,0119307
4,364;0,0119598
4,366;0,0119382
4,368;0,0118661
4,37;0,0117436
4,372;0,0115707
4,374;0,0113479
4,376;0,0110755
4,378;0,010754
4,38;0,010384
4,382;0,00996611
4,384;0,00950111
4,386;0,00898983
4,388;0,00843322
4,39;0,00783229
4,392;0,00718813
4,394;0,00650192
4,396;0,00577493
4,398;0,00500848
4,4;0,004204
4,402;0,00336295
4,404;0,00248689
4,406;0,00157744
4,408;0,000636273
4,41;0,000334866
4,412;0,00133418
4,414;0,00235983
4,416;0,0034099
4,418;0,00448244
4,42;0,00557548
4,422;0,00668698
4,424;0,00781487
4,426;0,00895706
4,428;0,0101114
4,43;0,0112758
4,432;0,0124481
4,434;0,013626
4,436;0,0148074
4,438;0,01599
4,44;0,0171718
4,442;0,0183504
4,444;0,0195236
4,446;0,0206894
4,448;0,0218454
4,45;0,0229895
4,452;0,0241196
4,454;0,0252336
4,456;0,0263293
4,458;0,0274048
4,46;0,028458
4,462;0,0294869
4,464;0,0304896
4,466;0,0314642
4,468;0,0324088
4,47;0,0333218
4,472;0,0342013
4,474;0,0350458
4,476;0,0358535
4,478;0,0366231
4,48;0,0373529
4,482;0,0380418
4,484;0,0386882
4,486;0,0392911
4,488;0,0398492
4,49;0,0403616
4,492;0,0408271
4,494;0,041245
4,496;0,0416144
4,498;0,0419346
4,5;0,0422049
4,502;0,0424249
4,504;0,0425942
4,506;0,0427122
4,508;0,0427789
4,51;0,0427941
4,512;0,0427577
4,514;0,0426697
4,516;0,0425303
4,518;0,0423398
4,52;0,0420984
4,522;0,0418065
4,524;0,0414648
4,526;0,0410737
4,528;0,0406341
4,53;0,0401466
4,532;0,0396123
4,534;0,039032
4,536;0,0384068
4,538;0,0377378
4,54;0,0370264
4,542;0,0362737
4,544;0,0354812
4,546;0,0346504
4,548;0,0337827
4,55;0,0328797
4,552;0,0319432
4,554;0,0309749
4,556;0,0299765
4,558;0,0289498
4,56;0,0278969
4,562;0,0268197
4,564;0,02572
4,566;0,0246001
4,568;0,023462
4,57;0,0223077
4,572;0,0211394
4,574;0,0199594
4,576;0,0187697
4,578;0,0175727
4,58;0,0163705
4,582;0,0151653
4,584;0,0139596
4,586;0,0127554
4,588;0,011555
4,59;0,0103607
4,592;0,00917472
4,594;0,00799926
4,596;0,00683653
4,598;0,00568869
4,6;0,00455792
4,602;0,00344631
4,604;0,00235596
4,606;0,00128892
4,608;0,00024719
4,61;0,000767275
4,612;0,00175257
4,614;0,00270682
4,616;0,00362826
4,618;0,00451512
4,62;0,00536575
4,622;0,00617853
4,624;0,00695192
4,626;0,00768447
4,628;0,00837478
4,63;0,00902154
4,632;0,00962352
4,634;0,0101796
4,636;0,0106886
4,638;0,0111497
4,64;0,011562
4,642;0,0119246
4,644;0,0122368
4,646;0,0124981
4,648;0,0127079
4,65;0,0128659
4,652;0,0129716
4,654;0,0130248
4,656;0,0130255
4,658;0,0129736
4,66;0,0128692
4,662;0,0127124
4,664;0,0125035
4,666;0,0122429
4,668;0,011931
4,67;0,0115684
4,672;0,0111557
4,674;0,0106936
4,676;0,0101831
4,678;0,00962503
4,68;0,0090204
4,682;0,00837032
4,684;0,00767599
4,686;0,00693867
4,688;0,00615972
4,69;0,00534058
4,692;0,00448275
4,694;0,00358781
4,696;0,0026574
4,698;0,00169326
4,7;0,000697159
4,702;0,00032906
4,704;0,0013835
4,706;0,0024642
4,708;0,00356916
4,71;0,00469633
4,712;0,00584362
4,714;0,0070089
4,716;0,00819
4,718;0,00938473
4,72;0,0105909
4,722;0,0118062
4,724;0,0130283
4,726;0,0142551
4,728;0,0154843
4,73;0,0167134
4,732;0,0179403
4,734;0,0191627
4,736;0,0203782
4,738;0,0215846
4,74;0,0227797
4,742;0,0239611
4,744;0,0251268
4,746;0,0262744
4,748;0,0274019
4,75;0,0285071
4,752;0,029588
4,754;0,0306425
4,756;0,0316687
4,758;0,0326646
4,76;0,0336283
4,762;0,034558
4,764;0,0354521
4,766;0,0363087
4,768;0,0371262
4,77;0,0379032
4,772;0,0386382
4,774;0,0393296
4,776;0,0399764
4,778;0,0405771
4,78;0,0411307
4,782;0,0416361
4,784;0,0420923
4,786;0,0424985
4,788;0,0428538
4,79;0,0431577
4,792;0,0434094
4,794;0,0436085
4,796;0,0437546
4,798;0,0438474
4,8;0,0438866
4,802;0,0438723
4,804;0,0438043
4,806;0,0436828
4,808;0,043508
4,81;0,0432802
4,812;0,0429997
4,814;0,0426671
4,816;0,042283
4,818;0,041848
4,82;0,0413629
4,822;0,0408287
4,824;0,0402463
4,826;0,0396167
4,828;0,0389411
4,83;0,0382207
4,832;0,0374569
4,834;0,036651
4,836;0,0358046
4,838;0,0349192
4,84;0,0339964
4,842;0,0330379
4,844;0,0320456
4,846;0,0310212
4,848;0,0299666
4,85;0,0288838
4,852;0,0277748
4,854;0,0266416
4,856;0,0254864
4,858;0,0243113
4,86;0,0231184
4,862;0,0219101
4,864;0,0206885
4,866;0,0194559
4,868;0,0182146
4,87;0,0169669
4,872;0,0157152
4,874;0,0144618
4,876;0,0132089
4,878;0,0119591
4,88;0,0107145
4,882;0,00947759
4,884;0,00825058
4,886;0,0070358
4,888;0,00583552
4,89;0,00465199
4,892;0,00348743
4,894;0,00234403
4,896;0,00122393
4,898;0,000129222
4,9;0,000938021
4,902;0,0019758
4,904;0,00298216
4,906;0,0039552
4,908;0,0048931
4,91;0,00579408
4,912;0,00665644
4,914;0,00747854
4,916;0,00825885
4,918;0,00899587
4,92;0,0096882
4,922;0,0103345
4,924;0,0109336
4,926;0,0114844
4,928;0,0119857
4,93;0,0124366
4,932;0,0128362
4,934;0,0131839
4,936;0,0134788
4,938;0,0137204
4,94;0,0139083
4,942;0,014042
4,944;0,0141213
4,946;0,0141459
4,948;0,014116
4,95;0,0140313
4,952;0,0138922
4,954;0,0136987
4,956;0,0134513
4,958;0,0131504
4,96;0,0127964
4,962;0,0123901
4,964;0,0119322
4,966;0,0114235
4,968;0,0108649
4,97;0,0102574
4,972;0,00960223
4,974;0,00890045
4,976;0,0081534
4,978;0,00736245
4,98;0,00652905
4,982;0,00565474
4,984;0,00474112
4,986;0,00378987
4,988;0,00280276
4,99;0,00178161
4,992;0,000728303
4,994;0,000355209
4,996;0,00146692
4,998;0,00260477
5;0,00376665
5,002;0,0049504
5,004;0,00615383
5,006;0,0073747
5,008;0,00861073
5,01;0,00985964
5,012;0,0111191
5,014;0,0123867
5,016;0,0136602
5,018;0,0149372
5,02;0,0162152
5,022;0,017492
5,024;0,018765
5,026;0,020032
5,028;0,0212905
5,03;0,0225383
5,032;0,0237729
5,034;0,0249921
5,036;0,0261936
5,038;0,0273752
5,04;0,0285345
5,042;0,0296695
5,044;0,0307779
5,046;0,0318578
5,048;0,0329071
5,05;0,0339239
5,052;0,0349061
5,054;0,0358519
5,056;0,0367597
5,058;0,0376275
5,06;0,0384539
5,062;0,0392373
5,064;0,0399761
5,066;0,0406689
5,068;0,0413145
5,07;0,0419116
5,072;0,0424591
5,074;0,0429558
5,076;0,043401
5,078;0,0437936
5,08;0,044133
5,082;0,0444185
5,084;0,0446495
5,086;0,0448256
5,088;0,0449464
5,09;0,0450116
5,092;0,0450211
5,094;0,0449749
5,096;0,0448729
5,098;0,0447155
5,1;0,0445028
5,102;0,0442351
5,104;0,0439131
5,106;0,0435371
5,108;0,043108
5,11;0,0426265
5,112;0,0420935
5,114;0,0415098
5,116;0,0408767
5,118;0,0401952
5,12;0,0394666
5,122;0,0386922
5,124;0,0378734
5,126;0,0370119
5,128;0,036109
5,13;0,0351665
5,132;0,0341862
5,134;0,0331699
5,136;0,0321193
5,138;0,0310365
5,14;0,0299235
5,142;0,0287824
5,144;0,0276151
5,146;0,026424
5,148;0,0252112
5,15;0,023979
5,152;0,0227297
5,154;0,0214655
5,156;0,0201889
5,158;0,0189022
5,16;0,0176078
5,162;0,0163082
5,164;0,0150057
5,166;0,0137027
5,168;0,0124018
5,17;0,0111053
5,172;0,00981573
5,174;0,00853539
5,176;0,00726672
5,178;0,00601209
5,18;0,00477385
5,182;0,00355433
5,184;0,00235581
5,186;0,00118053
5,188;3,07088e-05
5,19;0,0010915
5,192;0,00218399
5,194;0,00324469
5,196;0,00427162
5,198;0,00526285
5,2;0,00621649
5,202;0,00713075
5,204;0,00800391
5,206;0,0088343
5,208;0,00962036
5,21;0,0103606
5,212;0,0110536
5,214;0,0116981
5,216;0,0122928
5,218;0,0128365
5,22;0,0133284
5,222;0,0137673
5,224;0,0141524
5,226;0,0144831
5,228;0,0147586
5,23;0,0149785
5,232;0,0151422
5,234;0,0152494
5,236;0,0153
5,238;0,0152937
5,24;0,0152306
5,242;0,0151108
5,244;0,0149344
5,246;0,0147017
5,248;0,0144132
5,25;0,0140694
5,252;0,0136708
5,254;0,0132182
5,256;0,0127124
5,258;0,0121543
5,26;0,011545
5,262;0,0108855
5,264;0,010177
5,266;0,00942089
5,268;0,00861849
5,27;0,00777129
5,272;0,00688085
5,274;0,00594881
5,276;0,00497688
5,278;0,00396686
5,28;0,00292061
5,282;0,00184007
5,284;0,00072723
5,286;0,000415844
5,288;0,00158704
5,29;0,00278417
5,292;0,00400504
5,294;0,00524736
5,296;0,00650883
5,298;0,00778712
5,3;0,00907983
5,302;0,0103846
5,304;0,0116989
5,306;0,0130204
5,308;0,0143465
5,31;0,0156749
5,312;0,017003
5,314;0,0183284
5,316;0,0196485
5,318;0,020961
5,32;0,0222633
5,322;0,023553
5,324;0,0248278
5,326;0,0260851
5,328;0,0273227
5,33;0,0285383
5,332;0,0297295
5,334;0,0308941
5,336;0,03203
5,338;0,033135
5,34;0,034207
5,342;0,035244
5,344;0,0362441
5,346;0,0372053
5,348;0,0381259
5,35;0,039004
5,352;0,0398381
5,354;0,0406266
5,356;0,041368
5,358;0,0420608
5,36;0,0427037
5,362;0,0432956
5,364;0,0438352
5,366;0,0443216
5,368;0,0447538
5,37;0,045131
5,372;0,0454524
5,374;0,0457174
5,376;0,0459256
5,378;0,0460763
5,38;0,0461695
5,382;0,0462048
5,384;0,0461821
5,386;0,0461015
5,388;0,0459631
5,39;0,0457671
5,392;0,0455139
5,394;0,0452038
5,396;0,0448375
5,398;0,0444155
5,4;0,0439388
5,402;0,043408
5,404;0,0428242
5,406;0,0421885
5,408;0,0415019
5,41;0,0407658
5,412;0,0399815
5,414;0,0391504
5,416;0,038274
5,418;0,0373541
5,42;0,0363922
5,422;0,0353901
5,424;0,0343498
5,426;0,033273
5,428;0,0321619
5,43;0,0310184
5,432;0,0298447
5,434;0,0286429
5,436;0,0274153
5,438;0,0261641
5,44;0,0248918
5,442;0,0236006
5,444;0,0222929
5,446;0,0209712
5,448;0,0196379
5,45;0,0182955
5,452;0,0169466
5,454;0,0155936
5,456;0,014239
5,458;0,0128854
5,46;0,0115354
5,462;0,0101913
5,464;0,00885584
5,466;0,00753139
5,468;0,00622046
5,47;0,0049255
5,472;0,00364894
5,474;0,00239318
5,476;0,00116056
5,478;4,65974e-05
5,48;0,00122603
5,482;0,00237551
5,484;0,0034929
5,486;0,00457607
5,488;0,00562299
5,49;0,00663169
5,492;0,00760027
5,494;0,00852689
5,496;0,00940981
5,498;0,0102473
5,5;0,0110379
5,502;0,01178
5,504;0,0124722
5,506;0,0131133
5,508;0,0137019
5,51;0,0142369
5,512;0,0147174
5,514;0,0151424
5,516;0,0155111
5,518;0,0158227
5,52;0,0160767
5,522;0,0162725
5,524;0,0164097
5,526;0,0164881
5,528;0,0165075
5,53;0,0164678
5,532;0,0163691
5,534;0,0162115
5,536;0,0159952
5,538;0,0157207
5,54;0,0153884
5,542;0,0149989
5,544;0,0145529
5,546;0,0140513
5,548;0,0134948
5,55;0,0128846
5,552;0,0122217
5,554;0,0115074
5,556;0,0107429
5,558;0,0099297
5,56;0,00906923
5,562;0,00816309
5,564;0,00721294
5,566;0,00622054
5,568;0,00518771
5,57;0,00411636
5,572;0,00300847
5,574;0,00186609
5,576;0,000691335
5,578;0,000513622
5,58;0,00174655
5,582;0,00300515
5,584;0,00428711
5,586;0,00559002
5,588;0,00691149
5,59;0,00824904
5,592;0,00960019
5,594;0,0109624
5,596;0,0123332
5,598;0,01371
5,6;0,0150902
5,602;0,0164712
5,604;0,0178506
5,606;0,0192256
5,608;0,0205937
5,61;0,0219525
5,612;0,0232992
5,614;0,0246315
5,616;0,0259468
5,618;0,0272426
5,62;0,0285166
5,622;0,0297663
5,624;0,0309894
5,626;0,0321835
5,628;0,0333466
5,63;0,0344762
5,632;0,0355704
5,634;0,0366271
5,636;0,0376443
5,638;0,03862
5,64;0,0395524
5,642;0,0404398
5,644;0,0412804
5,646;0,0420727
5,648;0,0428152
5,65;0,0435065
5,652;0,0441452
5,654;0,0447301
5,656;0,0452601
5,658;0,0457342
5,66;0,0461514
5,662;0,046511
5,664;0,0468123
5,666;0,0470546
5,668;0,0472376
5,67;0,0473607
5,672;0,0474237
5,674;0,0474266
5,676;0,0473692
5,678;0,0472516
5,68;0,0470741
5,682;0,0468369
5,684;0,0465404
5,686;0,0461851
5,688;0,0457718
5,69;0,045301
5,692;0,0447738
5,694;0,0441909
5,696;0,0435536
5,698;0,0428629
5,7;0,0421201
5,702;0,0413265
5,704;0,0404837
5,706;0,0395931
5,708;0,0386565
5,71;0,0376754
5,712;0,0366518
5,714;0,0355876
5,716;0,0344846
5,718;0,0333449
5,72;0,0321707
5,722;0,0309641
5,724;0,0297273
5,726;0,0284626
5,728;0,0271724
5,73;0,0258591
5,732;0,0245252
5,734;0,023173
5,736;0,0218051
5,738;0,0204241
5,74;0,0190324
5,742;0,0176328
5,744;0,0162279
5,746;0,0148201
5,748;0,0134123
5,75;0,0120069
5,752;0,0106067
5,754;0,00921418
5,756;0,00783202
5,758;0,00646278
5,76;0,00510904
5,762;0,00377332
5,764;0,00245813
5,766;0,00116593
5,768;0,000100843
5,77;0,00133982
5,772;0,00254868
5,774;0,00372514
5,776;0,00486698
5,778;0,00597207
5,78;0,00703832
5,782;0,00806371
5,784;0,00904631
5,786;0,00998426
5,788;0,0108758
5,79;0,0117192
5,792;0,0125129
5,794;0,0132554
5,796;0,0139453
5,798;0,0145812
5,8;0,015162
5,802;0,0156864
5,804;0,0161536
5,806;0,0165626
5,808;0,0169126
5,81;0,017203
5,812;0,0174331
5,814;0,0176025
5,816;0,0177109
5,818;0,0177579
5,82;0,0177436
5,822;0,0176678
5,824;0,0175308
5,826;0,0173326
5,828;0,0170737
5,83;0,0167546
5,832;0,0163757
5,834;0,0159377
5,836;0,0154415
5,838;0,0148879
5,84;0,0142779
5,842;0,0136126
5,844;0,0128934
5,846;0,0121213
5,848;0,011298
5,85;0,0104248
5,852;0,00950348
5,854;0,0085356
5,856;0,00752299
5,858;0,0064675
5,86;0,0053711
5,862;0,00423581
5,864;0,00306371
5,866;0,00185699
5,868;0,000617876
5,87;0,000651338
5,872;0,0019483
5,874;0,0032706
5,876;0,00461578
5,878;0,00598135
5,88;0,00736476
5,882;0,00876345
5,884;0,0101748
5,886;0,0115962
5,888;0,013025
5,89;0,0144586
5,892;0,0158942
5,894;0,0173291
5,896;0,0187608
5,898;0,0201865
5,9;0,0216036
5,902;0,0230094
5,904;0,0244012
5,906;0,0257766
5,908;0,0271328
5,91;0,0284674
5,912;0,0297779
5,914;0,0310617
5,916;0,0323166
5,918;0,0335401
5,92;0,0347299
5,922;0,0358838
5,924;0,0369996
5,926;0,0380752
5,928;0,0391086
5,93;0,0400978
5,932;0,041041
5,934;0,0419364
5,936;0,0427823
5,938;0,043577
5,94;0,0443191
5,942;0,0450072
5,944;0,0456399
5,946;0,046216
5,948;0,0467344
5,95;0,0471942
5,952;0,0475944
5,954;0,0479342
5,956;0,0482131
5,958;0,0484303
5,96;0,0485856
5,962;0,0486785
5,964;0,048709
5,966;0,0486767
5,968;0,0485819
5,97;0,0484247
5,972;0,0482052
5,974;0,047924
5,976;0,0475814
5,978;0,0471781
5,98;0,0467148
5,982;0,0461923
5,984;0,0456116
5,986;0,0449737
5,988;0,0442799
5,99;0,0435313
5,992;0,0427293
5,994;0,0418754
5,996;0,0409712
5,998;0,0400183
6;0,0390185
6,002;0,0379736
6,004;0,0368855
6,006;0,0357563
6,008;0,034588
6,01;0,0333828
6,012;0,032143
6,014;0,0308707
6,016;0,0295685
6,018;0,0282386
6,02;0,0268836
6,022;0,025506
6,024;0,0241084
6,026;0,0226932
6,028;0,0212633
6,03;0,0198211
6,032;0,0183695
6,034;0,0169111
6,036;0,0154486
6,038;0,0139848
6,04;0,0125224
6,042;0,0110642
6,044;0,00961275
6,046;0,0081709
6,048;0,00674132
6,05;0,00532667
6,052;0,00392961
6,054;0,00255275
6,056;0,00119868
6,058;0,000130069
6,06;0,001431
6,062;0,00270167
6,064;0,00393968
6,066;0,00514272
6,068;0,00630852
6,07;0,00743488
6,072;0,00851968
6,074;0,00956087
6,076;0,0105565
6,078;0,0115046
6,08;0,0124035
6,082;0,0132515
6,084;0,0140468
6,086;0,0147881
6,088;0,0154739
6,09;0,0161029
6,092;0,0166739
6,094;0,0171858
6,096;0,0176376
6,098;0,0180284
6,1;0,0183575
6,102;0,0186242
6,104;0,0188281
6,106;0,0189685
6,108;0,0190454
6,11;0,0190585
6,112;0,0190077
6,114;0,0188932
6,116;0,018715
6,118;0,0184735
6,12;0,0181691
6,122;0,0178024
6,124;0,0173739
6,126;0,0168845
6,128;0,016335
6,13;0,0157265
6,132;0,01506
6,134;0,0143367
6,136;0,013558
6,138;0,0127253
6,14;0,0118402
6,142;0,0109041
6,144;0,00991895
6,146;0,00888645
6,148;0,00780853
6,15;0,00668717
6,152;0,00552445
6,154;0,00432251
6,156;0,00308358
6,158;0,00180995
6,16;0,000503974
6,162;0,000831923
6,164;0,00219526
6,166;0,00358352
6,168;0,00499411
6,17;0,00642441
6,172;0,00787177
6,174;0,00933349
6,176;0,0108069
6,178;0,0122891
6,18;0,0137775
6,182;0,0152693
6,184;0,0167616
6,186;0,0182517
6,188;0,0197369
6,19;0,0212142
6,192;0,0226811
6,194;0,0241346
6,196;0,0255722
6,198;0,0269911
6,2;0,0283886
6,202;0,0297622
6,204;0,0311093
6,206;0,0324273
6,208;0,0337137
6,21;0,0349662
6,212;0,0361823
6,214;0,0373599
6,216;0,0384966
6,218;0,0395904
6,22;0,0406391
6,222;0,0416408
6,224;0,0425936
6,226;0,0434956
6,228;0,0443453
6,23;0,0451409
6,232;0,045881
6,234;0,0465641
6,236;0,0471889
6,238;0,0477542
6,24;0,048259
6,242;0,0487023
6,244;0,0490832
6,246;0,0494009
6,248;0,0496549
6,25;0,0498446
6,252;0,0499696
6,254;0,0500298
6,256;0,0500248
6,258;0,0499548
6,26;0,0498197
6,262;0,0496199
6,264;0,0493556
6,266;0,0490274
6,268;0,0486357
6,27;0,0481813
6,272;0,047665
6,274;0,0470878
6,276;0,0464506
6,278;0,0457547
6,28;0,0450012
6,282;0,0441917
6,284;0,0433275
6,286;0,0424103
6,288;0,0414417
6,29;0,0404235
6,292;0,0393575
6,294;0,0382459
6,296;0,0370905
6,298;0,0358936
6,3;0,0346573
6,302;0,0333839
6,304;0,0320759
6,306;0,0307355
6,308;0,0293653
6,31;0,0279679
6,312;0,0265458
6,314;0,0251017
6,316;0,0236382
6,318;0,0221581
6,32;0,0206642
6,322;0,0191592
6,324;0,0176458
6,326;0,0161271
6,328;0,0146057
6,33;0,0130845
6,332;0,0115663
6,334;0,010054
6,336;0,00855048
6,338;0,00705844
6,34;0,00558072
6,342;0,00412008
6,344;0,00267925
6,346;0,00126093
6,348;0,000132209
6,35;0,00149756
6,352;0,00283256
6,354;0,0041347
6,356;0,00540154
6,358;0,00663068
6,36;0,00781982
6,362;0,00896671
6,364;0,0100692
6,366;0,0111252
6,368;0,0121327
6,37;0,0130898
6,372;0,0139947
6,374;0,0148456
6,376;0,0156411
6,378;0,0163794
6,38;0,0170593
6,382;0,0176795
6,384;0,0182387
6,386;0,0187358
6,388;0,01917
6,39;0,0195403
6,392;0,0198461
6,394;0,0200867
6,396;0,0202616
6,398;0,0203705
6,4;0,0204132
6,402;0,0203895
6,404;0,0202995
6,406;0,0201432
6,408;0,019921
6,41;0,0196332
6,412;0,0192803
6,414;0,0188629
6,416;0,0183818
6,418;0,0178378
6,42;0,017232
6,422;0,0165654
6,424;0,0158393
6,426;0,0150549
6,428;0,0142137
6,43;0,0133172
6,432;0,0123672
6,434;0,0113652
6,436;0,0103132
6,438;0,00921312
6,44;0,00806697
6,442;0,00687685
6,444;0,00564499
6,446;0,00437364
6,448;0,00306517
6,45;0,00172199
6,452;0,000346602
6,454;0,00105845
6,456;0,00249057
6,458;0,00394708
6,46;0,00542528
6,462;0,00692244
6,464;0,00843575
6,466;0,0099624
6,468;0,0114996
6,47;0,0130444
6,472;0,0145939
6,474;0,0161453
6,476;0,0176957
6,478;0,0192422
6,48;0,0207819
6,482;0,0223119
6,484;0,0238293
6,486;0,0253313
6,488;0,0268152
6,49;0,028278
6,492;0,0297172
6,494;0,0311299
6,496;0,0325136
6,498;0,0338655
6,5;0,0351833
6,502;0,0364644
6,504;0,0377064
6,506;0,0389069
6,508;0,0400638
6,51;0,0411747
6,512;0,0422377
6,514;0,0432507
6,516;0,0442118
6,518;0,0451191
6,52;0,045971
6,522;0,0467658
6,524;0,047502
6,526;0,0481783
6,528;0,0487932
6,53;0,0493457
6,532;0,0498346
6,534;0,0502591
6,536;0,0506182
6,538;0,0509114
6,54;0,0511379
6,542;0,0512974
6,544;0,0513896
6,546;0,0514141
6,548;0,0513709
6,55;0,0512601
6,552;0,0510819
6,554;0,0508365
6,556;0,0505243
6,558;0,050146
6,56;0,0497021
6,562;0,0491935
6,564;0,0486211
6,566;0,0479859
6,568;0,0472891
6,57;0,0465319
6,572;0,0457157
6,574;0,0448421
6,576;0,0439125
6,578;0,0429288
6,58;0,0418927
6,582;0,0408062
6,584;0,0396711
6,586;0,0384897
6,588;0,0372641
6,59;0,0359966
6,592;0,0346895
6,594;0,0333452
6,596;0,0319663
6,598;0,0305552
6,6;0,0291146
6,602;0,0276472
6,604;0,0261557
6,606;0,0246428
6,608;0,0231115
6,61;0,0215644
6,612;0,0200046
6,614;0,0184348
6,616;0,0168582
6,618;0,0152774
6,62;0,0136956
6,622;0,0121157
6,624;0,0105406
6,626;0,00897328
6,628;0,00741665
6,63;0,00587363
6,632;0,0043471
6,634;0,00283994
6,636;0,00135495
6,638;0,000105081
6,64;0,00153741
6,642;0,00293934
6,644;0,00430825
6,646;0,00564157
6,648;0,00693678
6,65;0,00819145
6,652;0,00940321
6,654;0,0105698
6,656;0,011689
6,658;0,0127586
6,66;0,0137768
6,662;0,0147415
6,664;0,0156509
6,666;0,0165032
6,668;0,017297
6,67;0,0180306
6,672;0,0187026
6,674;0,0193119
6,676;0,0198571
6,678;0,0203372
6,68;0,0207514
6,682;0,0210987
6,684;0,0213786
6,686;0,0215904
6,688;0,0217338
6,69;0,0218083
6,692;0,021814
6,694;0,0217506
6,696;0,0216183
6,698;0,0214173
6,7;0,0211479
6,702;0,0208106
6,704;0,020406
6,706;0,0199349
6,708;0,0193979
6,71;0,0187962
6,712;0,0181308
6,714;0,0174029
6,716;0,0166139
6,718;0,0157651
6,72;0,0148582
6,722;0,0138948
6,724;0,0128766
6,726;0,0118056
6,728;0,0106837
6,73;0,00951294
6,732;0,00829553
6,734;0,0070337
6,736;0,00572979
6,738;0,00438619
6,74;0,00300542
6,742;0,00159001
6,744;0,000142588
6,746;0,00133415
6,748;0,00283747
6,75;0,00436458
6,752;0,00591265
6,754;0,00747878
6,756;0,00906008
6,758;0,0106536
6,76;0,0122563
6,762;0,0138654
6,764;0,0154776
6,766;0,0170902
6,768;0,0186999
6,77;0,020304
6,772;0,0218992
6,774;0,0234827
6,776;0,0250515
6,778;0,0266027
6,78;0,0281333
6,782;0,0296405
6,784;0,0311214
6,786;0,0325734
6,788;0,0339936
6,79;0,0353793
6,792;0,0367281
6,794;0,0380373
6,796;0,0393045
6,798;0,0405273
6,8;0,0417033
6,802;0,0428304
6,804;0,0439065
6,806;0,0449295
6,808;0,0458974
6,81;0,0468084
6,812;0,0476609
6,814;0,0484531
6,816;0,0491836
6,818;0,0498509
6,82;0,0504538
6,822;0,0509912
6,824;0,0514619
6,826;0,0518651
6,828;0,0522
6,83;0,052466
6,832;0,0526624
6,834;0,0527889
6,836;0,0528452
6,838;0,0528311
6,84;0,0527468
6,842;0,0525922
6,844;0,0523676
6,846;0,0520735
6,848;0,0517103
6,85;0,0512786
6,852;0,0507793
6,854;0,0502132
6,856;0,0495814
6,858;0,0488849
6,86;0,0481251
6,862;0,0473034
6,864;0,0464212
6,866;0,0454802
6,868;0,044482
6,87;0,0434286
6,872;0,0423218
6,874;0,0411637
6,876;0,0399565
6,878;0,0387023
6,88;0,0374035
6,882;0,0360624
6,884;0,0346816
6,886;0,0332636
6,888;0,0318111
6,89;0,0303266
6,892;0,0288131
6,894;0,0272732
6,896;0,0257099
6,898;0,0241261
6,9;0,0225247
6,902;0,0209086
6,904;0,019281
6,906;0,0176447
6,908;0,016003
6,91;0,0143587
6,912;0,0127151
6,914;0,0110752
6,916;0,00944197
6,918;0,00781855
6,92;0,00620795
6,922;0,00461319
6,924;0,00303725
6,926;0,00148309
6,928;4,6385e-05
6,93;0,00154831
6,932;0,00301985
6,934;0,00445826
6,936;0,00586084
6,938;0,00722493
6,94;0,00854798
6,942;0,0098275
6,944;0,0110611
6,946;0,0122464
6,948;0,0133812
6,95;0,0144633
6,952;0,0154907
6,954;0,0164615
6,956;0,0173737
6,958;0,0182258
6,96;0,019016
6,962;0,0197428
6,964;0,0204049
6,966;0,021001
6,968;0,0215299
6,97;0,0219906
6,972;0,0223822
6,974;0,022704
6,976;0,0229552
6,978;0,0231355
6,98;0,0232444
6,982;0,0232817
6,984;0,0232472
6,986;0,0231411
6,988;0,0229634
6,99;0,0227145
6,992;0,0223948
6,994;0,0220048
6,996;0,0215452
6,998;0,0210169
7;0,0204208
7,002;0,0197579
7,004;0,0190296
7,006;0,018237
7,008;0,0173817
7,01;0,0164653
7,012;0,0154893
7,014;0,0144556
7,016;0,013366
7,018;0,0122227
7,02;0,0110276
7,022;0,00978308
7,024;0,00849131
7,026;0,00715472
7,028;0,00577577
7,03;0,00435703
7,032;0,0029011
7,034;0,00141071
7,036;0,0001114
7,038;0,0016624
7,04;0,0032394
7,042;0,00483949
7,044;0,00645967
7,046;0,00809695
7,048;0,00974827
7,05;0,0114106
7,052;0,0130807
7,054;0,0147556
7,056;0,0164322
7,058;0,0181072
7,06;0,0197777
7,062;0,0214404
7,064;0,0230922
7,066;0,0247301
7,068;0,026351
7,07;0,0279519
7,072;0,0295297
7,074;0,0310815
7,076;0,0326044
7,078;0,0340956
7,08;0,0355521
7,082;0,0369714
7,084;0,0383507
7,086;0,0396875
7,088;0,0409791
7,09;0,0422233
7,092;0,0434175
7,094;0,0445597
7,096;0,0456475
7,098;0,046679
7,1;0,0476522
7,102;0,0485653
7,104;0,0494165
7,106;0,0502041
7,108;0,0509268
7,11;0,0515831
7,112;0,0521717
7,114;0,0526915
7,116;0,0531415
7,118;0,0535209
7,12;0,0538288
7,122;0,0540647
7,124;0,0542281
7,126;0,0543187
7,128;0,0543362
7,13;0,0542805
7,132;0,0541518
7,134;0,0539502
7,136;0,0536761
7,138;0,0533299
7,14;0,0529122
7,142;0,0524239
7,144;0,0518657
7,146;0,0512387
7,148;0,050544
7,15;0,0497829
7,152;0,0489567
7,154;0,048067
7,156;0,0471154
7,158;0,0461035
7,16;0,0450334
7,162;0,0439069
7,164;0,0427262
7,166;0,0414933
7,168;0,0402107
7,17;0,0388805
7,172;0,0375054
7,174;0,0360878
7,176;0,0346303
7,178;0,0331358
7,18;0,0316068
7,182;0,0300464
7,184;0,0284573
7,186;0,0268425
7,188;0,025205
7,19;0,0235479
7,192;0,0218742
7,194;0,0201871
7,196;0,0184897
7,198;0,0167852
7,2;0,0150767
7,202;0,0133674
7,204;0,0116606
7,206;0,00995933
7,208;0,00826688
7,21;0,00658637
7,212;0,00492097
7,214;0,00327377
7,216;0,00164787
7,218;4,63032e-05
7,22;0,00152792
7,222;0,00307184
7,224;0,00458256
7,226;0,00605726
7,228;0,00749315
7,23;0,00888753
7,232;0,0102378
7,234;0,0115414
7,236;0,0127958
7,238;0,0139988
7,24;0,0151479
7,242;0,0162411
7,244;0,0172764
7,246;0,0182516
7,248;0,019165
7,25;0,0200148
7,252;0,0207994
7,254;0,0215173
7,256;0,0221672
7,258;0,0227478
7,26;0,0232579
7,262;0,0236966
7,264;0,024063
7,266;0,0243564
7,268;0,0245762
7,27;0,0247219
7,272;0,0247933
7,274;0,0247902
7,276;0,0247125
7,278;0,0245604
7,28;0,0243341
7,282;0,0240339
7,284;0,0236604
7,286;0,0232143
7,288;0,0226963
7,29;0,0221074
7,292;0,0214486
7,294;0,0207211
7,296;0,0199263
7,298;0,0190656
7,3;0,0181406
7,302;0,0171529
7,304;0,0161044
7,306;0,014997
7,308;0,0138327
7,31;0,0126137
7,312;0,0113422
7,314;0,0100205
7,316;0,00865122
7,318;0,00723673
7,32;0,0057797
7,322;0,00428282
7,324;0,00274886
7,326;0,00118067
7,328;0,000418851
7,33;0,00204672
7,332;0,00369993
7,334;0,00537539
7,336;0,00707
7,338;0,0087806
7,34;0,010504
7,342;0,012237
7,344;0,0139764
7,346;0,0157189
7,348;0,0174612
7,35;0,0192002
7,352;0,0209326
7,354;0,022655
7,356;0,0243644
7,358;0,0260576
7,36;0,0277312
7,362;0,0293823
7,364;0,0310077
7,366;0,0326043
7,368;0,0341693
7,37;0,0356996
7,372;0,0371923
7,374;0,0386447
7,376;0,040054
7,378;0,0414176
7,38;0,0427328
7,382;0,0439973
7,384;0,0452087
7,386;0,0463645
7,388;0,0474627
7,39;0,0485012
7,392;0,049478
7,394;0,0503913
7,396;0,0512392
7,398;0,0520203
7,4;0,0527329
7,402;0,0533758
7,404;0,0539476
7,406;0,0544474
7,408;0,054874
7,41;0,0552268
7,412;0,0555049
7,414;0,0557078
7,416;0,0558352
7,418;0,0558867
7,42;0,0558621
7,422;0,0557616
7,424;0,0555852
7,426;0,0553332
7,428;0,0550061
7,43;0,0546045
7,432;0,0541289
7,434;0,0535804
7,436;0,0529598
7,438;0,0522684
7,44;0,0515072
7,442;0,0506779
7,444;0,0497817
7,446;0,0488204
7,448;0,0477958
7,45;0,0467097
7,452;0,0455641
7,454;0,0443611
7,456;0,043103
7,458;0,041792
7,46;0,0404306
7,462;0,0390213
7,464;0,0375667
7,466;0,0360694
7,468;0,0345323
7,47;0,0329582
7,472;0,0313501
7,474;0,0297108
7,476;0,0280435
7,478;0,0263512
7,48;0,0246372
7,482;0,0229045
7,484;0,0211564
7,486;0,0193962
7,488;0,0176271
7,49;0,0158525
7,492;0,0140756
7,494;0,0122997
7,496;0,0105283
7,498;0,0087645
7,5;0,00701171
7,502;0,00527319
7,504;0,00355217
7,506;0,0018519
7,508;0,000175538
7,51;0,00147376
7,512;0,0030929
7,514;0,00467884
7,516;0,00622862
7,518;0,0077393
7,52;0,00920807
7,522;0,0106321
7,524;0,0120088
7,526;0,0133356
7,528;0,0146098
7,53;0,0158292
7,532;0,0169914
7,534;0,0180943
7,536;0,0191356
7,538;0,0201135
7,54;0,0210261
7,542;0,0218717
7,544;0,0226486
7,546;0,0233553
7,548;0,0239906
7,55;0,0245531
7,552;0,0250418
7,554;0,0254557
7,556;0,025794
7,558;0,0260561
7,56;0,0262414
7,562;0,0263496
7,564;0,0263803
7,566;0,0263335
7,568;0,0262093
7,57;0,0260078
7,572;0,0257293
7,574;0,0253744
7,576;0,0249436
7,578;0,0244378
7,58;0,0238578
7,582;0,0232046
7,584;0,0224795
7,586;0,0216838
7,588;0,0208189
7,59;0,0198864
7,592;0,018888
7,594;0,0178255
7,596;0,0167009
7,598;0,0155162
7,6;0,0142737
7,602;0,0129755
7,604;0,0116242
7,606;0,0102222
7,608;0,008772
7,61;0,00727641
7,612;0,00573816
7,614;0,00416009
7,616;0,00254513
7,618;0,000896272
7,62;0,000783422
7,622;0,00249083
7,624;0,00422279
7,626;0,00597607
7,628;0,00774742
7,63;0,00953353
7,632;0,0113311
7,634;0,0131367
7,636;0,0149471
7,638;0,0167588
7,64;0,0185685
7,642;0,0203728
7,644;0,0221683
7,646;0,0239516
7,648;0,0257195
7,65;0,0274686
7,652;0,0291956
7,654;0,0308974
7,656;0,0325707
7,658;0,0342123
7,66;0,0358192
7,662;0,0373885
7,664;0,038917
7,666;0,040402
7,668;0,0418407
7,67;0,0432303
7,672;0,0445682
7,674;0,0458519
7,676;0,0470791
7,678;0,0482472
7,68;0,0493543
7,682;0,050398
7,684;0,0513766
7,686;0,052288
7,688;0,0531306
7,69;0,0539028
7,692;0,054603
7,694;0,05523
7,696;0,0557825
7,698;0,0562594
7,7;0,0566599
7,702;0,0569831
7,704;0,0572284
7,706;0,0573952
7,708;0,0574834
7,71;0,0574925
7,712;0,0574226
7,714;0,0572738
7,716;0,0570462
7,718;0,0567404
7,72;0,0563567
7,722;0,0558959
7,724;0,0553589
7,726;0,0547465
7,728;0,0540598
7,73;0,0533002
7,732;0,0524689
7,734;0,0515675
7,736;0,0505977
7,738;0,0495612
7,74;0,0484599
7,742;0,0472959
7,744;0,0460712
7,746;0,0447882
7,748;0,0434492
7,75;0,0420566
7,752;0,0406131
7,754;0,0391212
7,756;0,0375839
7,758;0,0360038
7,76;0,034384
7,762;0,0327274
7,764;0,0310371
7,766;0,0293163
7,768;0,0275681
7,77;0,0257958
7,772;0,0240027
7,774;0,0221921
7,776;0,0203674
7,778;0,018532
7,78;0,0166893
7,782;0,0148427
7,784;0,0129958
7,786;0,0111519
7,788;0,00931443
7,79;0,00748692
7,792;0,00567275
7,794;0,0038753
7,796;0,00209794
7,798;0,000344007
7,8;0,00138322
7,802;0,00308051
7,804;0,00474466
7,806;0,00637256
7,808;0,00796115
7,81;0,00950745
7,812;0,0110085
7,814;0,0124616
7,816;0,0138639
7,818;0,0152127
7,82;0,0165056
7,822;0,0177401
7,824;0,0189139
7,826;0,0200247
7,828;0,0210704
7,83;0,0220491
7,832;0,0229588
7,834;0,0237979
7,836;0,0245647
7,838;0,0252578
7,84;0,0258759
7,842;0,0264177
7,844;0,0268821
7,846;0,0272684
7,848;0,0275757
7,85;0,0278033
7,852;0,027951
7,854;0,0280182
7,856;0,0280049
7,858;0,027911
7,86;0,0277367
7,862;0,0274822
7,864;0,027148
7,866;0,0267347
7,868;0,026243
7,87;0,0256737
7,872;0,0250279
7,874;0,0243068
7,876;0,0235116
7,878;0,0226439
7,88;0,0217051
7,882;0,020697
7,884;0,0196215
7,886;0,0184805
7,888;0,017276
7,89;0,0160105
7,892;0,014686
7,894;0,0133052
7,896;0,0118705
7,898;0,0103846
7,9;0,00885023
7,902;0,00727024
7,904;0,00564756
7,906;0,00398518
7,908;0,00228619
7,91;0,000553749
7,912;0,00120894
7,914;0,00299859
7,916;0,00481189
7,918;0,00664545
7,92;0,00849587
7,922;0,0103597
7,924;0,0122335
7,926;0,0141137
7,928;0,0159969
7,93;0,0178795
7,932;0,019758
7,934;0,0216289
7,936;0,0234887
7,938;0,0253339
7,94;0,0271612
7,942;0,028967
7,944;0,0307479
7,946;0,0325007
7,948;0,0342221
7,95;0,0359087
7,952;0,0375576
7,954;0,0391654
7,956;0,0407293
7,958;0,0422464
7,96;0,0437136
7,962;0,0451283
7,964;0,0464878
7,966;0,0477895
7,968;0,049031
7,97;0,05021
7,972;0,0513241
7,974;0,0523713
7,976;0,0533496
7,978;0,0542571
7,98;0,055092
7,982;0,0558529
7,984;0,0565382
7,986;0,0571466
7,988;0,057677
7,99;0,0581282
7,992;0,0584995
7,994;0,0587901
7,996;0,0589993
7,998;0,0591269
8;0,0591724
8,002;0,0591357
8,004;0,0590169
8,006;0,0588162
8,008;0,0585339
8,01;0,0581705
8,012;0,0577265
8,014;0,0572028
8,016;0,0566004
8,018;0,0559203
8,02;0,0551637
8,022;0,054332
8,024;0,0534268
8,026;0,0524496
8,028;0,0514023
8,03;0,0502867
8,032;0,049105
8,034;0,0478593
8,036;0,0465518
8,038;0,045185
8,04;0,0437615
8,042;0,0422838
8,044;0,0407546
8,046;0,0391768
8,048;0,0375534
8,05;0,0358873
8,052;0,0341815
8,054;0,0324394
8,056;0,030664
8,058;0,0288588
8,06;0,027027
8,062;0,025172
8,064;0,0232974
8,066;0,0214066
8,068;0,019503
8,07;0,0175904
8,072;0,0156721
8,074;0,0137519
8,076;0,0118333
8,078;0,00991981
8,08;0,00801509
8,082;0,00612268
8,084;0,00424612
8,086;0,00238891
8,088;0,00055454
8,09;0,00125356
8,092;0,003032
8,094;0,00477745
8,096;0,00648662
8,098;0,00815632
8,1;0,00978339
8,102;0,0113648
8,104;0,0128975
8,106;0,0143787
8,108;0,0158056
8,11;0,0171754
8,112;0,0184857
8,114;0,0197338
8,116;0,0209175
8,118;0,0220344
8,12;0,0230826
8,122;0,0240599
8,124;0,0249646
8,126;0,0257949
8,128;0,0265492
8,13;0,027226
8,132;0,0278241
8,134;0,0283423
8,136;0,0287795
8,138;0,029135
8,14;0,0294081
8,142;0,029598
8,144;0,0297046
8,146;0,0297275
8,148;0,0296666
8,15;0,029522
8,152;0,029294
8,154;0,0289828
8,156;0,0285891
8,158;0,0281136
8,16;0,027557
8,162;0,0269204
8,164;0,026205
8,166;0,0254119
8,168;0,0245427
8,17;0,023599
8,172;0,0225824
8,174;0,0214948
8,176;0,0203383
8,178;0,0191149
8,18;0,0178268
8,182;0,0164765
8,184;0,0150665
8,186;0,0135993
8,188;0,0120776
8,19;0,0105043
8,192;0,00888228
8,194;0,00721452
8,196;0,00550412
8,198;0,00375425
8,2;0,00196815
8,202;0,00014914
8,204;0,0016994
8,206;0,00357404
8,208;0,0054713
8,21;0,00738763
8,212;0,00931948
8,214;0,0112633
8,216;0,0132153
8,218;0,015172
8,22;0,0171298
8,222;0,0190849
8,224;0,0210336
8,226;0,0229725
8,228;0,0248978
8,23;0,0268059
8,232;0,0286933
8,234;0,0305564
8,236;0,0323917
8,238;0,0341959
8,24;0,0359654
8,242;0,0376971
8,244;0,0393876
8,246;0,0410337
8,248;0,0426325
8,25;0,0441808
8,252;0,0456757
8,254;0,0471144
8,256;0,0484943
8,258;0,0498126
8,26;0,0510669
8,262;0,0522549
8,264;0,0533743
8,266;0,0544229
8,268;0,0553987
8,27;0,0563
8,272;0,0571249
8,274;0,0578719
8,276;0,0585396
8,278;0,0591266
8,28;0,0596319
8,282;0,0600544
8,284;0,0603933
8,286;0,0606479
8,288;0,0608178
8,29;0,0609024
8,292;0,0609018
8,294;0,0608157
8,296;0,0606444
8,298;0,060388
8,3;0,0600471
8,302;0,0596222
8,304;0,0591141
8,306;0,0585236
8,308;0,0578518
8,31;0,0571
8,312;0,0562695
8,314;0,0553617
8,316;0,0543785
8,318;0,0533215
8,32;0,0521927
8,322;0,0509941
8,324;0,049728
8,326;0,0483967
8,328;0,0470026
8,33;0,0455483
8,332;0,0440365
8,334;0,0424699
8,336;0,0408516
8,338;0,0391844
8,34;0,0374715
8,342;0,0357159
8,344;0,0339211
8,346;0,0320903
8,348;0,0302268
8,35;0,0283343
8,352;0,0264161
8,354;0,0244759
8,356;0,0225172
8,358;0,0205438
8,36;0,0185592
8,362;0,0165672
8,364;0,0145715
8,366;0,0125759
8,368;0,0105839
8,37;0,00859947
8,372;0,00662618
8,374;0,00466775
8,376;0,00272785
8,378;0,000810112
8,38;0,00108188
8,382;0,00294458
8,384;0,00477449
8,386;0,00656817
8,388;0,00832228
8,39;0,0100335
8,392;0,0116986
8,394;0,0133145
8,396;0,0148781
8,398;0,0163865
8,4;0,0178368
8,402;0,0192263
8,404;0,0205524
8,406;0,0218125
8,408;0,0230043
8,41;0,0241255
8,412;0,025174
8,414;0,0261478
8,416;0,027045
8,418;0,0278639
8,42;0,028603
8,422;0,0292608
8,424;0,029836
8,426;0,0303275
8,428;0,0307344
8,43;0,0310559
8,432;0,0312913
8,434;0,0314401
8,436;0,0315021
8,438;0,0314769
8,44;0,0313648
8,442;0,0311657
8,444;0,0308801
8,446;0,0305083
8,448;0,0300512
8,45;0,0295094
8,452;0,028884
8,454;0,028176
8,456;0,0273868
8,458;0,0265178
8,46;0,0255705
8,462;0,0245466
8,464;0,0234482
8,466;0,0222771
8,468;0,0210355
8,47;0,0197257
8,472;0,01835
8,474;0,0169111
8,476;0,0154116
8,478;0,0138543
8,48;0,0122419
8,482;0,0105776
8,484;0,00886436
8,486;0,00710537
8,488;0,00530389
8,49;0,00346326
8,492;0,00158691
8,494;0,000321696
8,496;0,002259
8,498;0,00422141
8,5;0,00620526
8,502;0,00820688
8,504;0,0102225
8,506;0,0122485
8,508;0,0142809
8,51;0,016316
8,512;0,0183501
8,514;0,0203792
8,516;0,0223997
8,518;0,0244078
8,52;0,0263996
8,522;0,0283715
8,524;0,0303198
8,526;0,0322408
8,528;0,0341309
8,53;0,0359866
8,532;0,0378044
8,534;0,0395809
8,536;0,0413128
8,538;0,0429967
8,54;0,0446296
8,542;0,0462083
8,544;0,0477298
8,546;0,0491914
8,548;0,0505902
8,55;0,0519236
8,552;0,0531891
8,554;0,0543843
8,556;0,0555068
8,558;0,0565546
8,56;0,0575257
8,562;0,0584183
8,564;0,0592305
8,566;0,0599609
8,568;0,060608
8,57;0,0611706
8,572;0,0616477
8,574;0,0620382
8,576;0,0623414
8,578;0,0625566
8,58;0,0626835
8,582;0,0627217
8,584;0,0626712
8,586;0,0625319
8,588;0,0623041
8,59;0,0619882
8,592;0,0615846
8,594;0,0610942
8,596;0,0605178
8,598;0,0598563
8,6;0,0591111
8,602;0,0582834
8,604;0,0573748
8,606;0,0563869
8,608;0,0553214
8,61;0,0541804
8,612;0,052966
8,614;0,0516803
8,616;0,0503258
8,618;0,0489048
8,62;0,0474202
8,622;0,0458744
8,624;0,0442705
8,626;0,0426114
8,628;0,0409002
8,63;0,03914
8,632;0,0373341
8,634;0,0354858
8,636;0,0335985
8,638;0,0316758
8,64;0,0297213
8,642;0,0277385
8,644;0,0257312
8,646;0,023703
8,648;0,0216578
8,65;0,0195994
8,652;0,0175315
8,654;0,0154581
8,656;0,0133831
8,658;0,0113102
8,66;0,00924343
8,662;0,00718656
8,664;0,00514347
8,666;0,00311797
8,668;0,00111385
8,67;0,000865128
8,672;0,00281526
8,674;0,0047329
8,676;0,00661444
8,678;0,00845636
8,68;0,0102552
8,682;0,0120075
8,684;0,0137101
8,686;0,0153598
8,688;0,0169533
8,69;0,0184878
8,692;0,0199603
8,694;0,021368
8,696;0,0227083
8,698;0,0239787
8,7;0,0251767
8,702;0,0263
8,704;0,0273466
8,706;0,0283144
8,708;0,0292016
8,71;0,0300064
8,712;0,0307274
8,714;0,0313631
8,716;0,0319124
8,718;0,032374
8,72;0,0327473
8,722;0,0330312
8,724;0,0332255
8,726;0,0333295
8,728;0,033343
8,73;0,0332661
8,732;0,0330987
8,734;0,0328411
8,736;0,0324939
8,738;0,0320575
8,74;0,0315327
8,742;0,0309206
8,744;0,0302221
8,746;0,0294385
8,748;0,0285713
8,75;0,027622
8,752;0,0265923
8,754;0,0254842
8,756;0,0242996
8,758;0,0230408
8,76;0,0217099
8,762;0,0203096
8,764;0,0188423
8,766;0,0173108
8,768;0,0157179
8,77;0,0140665
8,772;0,0123596
8,774;0,0106006
8,776;0,00879245
8,778;0,00693869
8,78;0,0050427
8,782;0,003108
8,784;0,00113818
8,786;0,00086309
8,788;0,00289211
8,79;0,00494509
8,792;0,00701822
8,794;0,00910764
8,796;0,0112095
8,798;0,0133198
8,8;0,0154346
8,802;0,0175501
8,804;0,0196622
8,806;0,021767
8,808;0,0238605
8,81;0,025939
8,812;0,0279984
8,814;0,0300349
8,816;0,0320448
8,818;0,0340242
8,82;0,0359694
8,822;0,0378768
8,824;0,0397427
8,826;0,0415638
8,828;0,0433366
8,83;0,0450577
8,832;0,0467238
8,834;0,048332
8,836;0,049879
8,838;0,0513621
8,84;0,0527783
8,842;0,0541251
8,844;0,0553999
8,846;0,0566001
8,848;0,0577237
8,85;0,0587684
8,852;0,0597323
8,854;0,0606134
8,856;0,0614101
8,858;0,062121
8,86;0,0627445
8,862;0,0632795
8,864;0,063725
8,866;0,06408
8,868;0,0643439
8,87;0,0645161
8,872;0,0645963
8,874;0,0645842
8,876;0,0644798
8,878;0,0642833
8,88;0,063995
8,882;0,0636153
8,884;0,063145
8,886;0,0625849
8,888;0,0619359
8,89;0,0611992
8,892;0,0603762
8,894;0,0594683
8,896;0,0584772
8,898;0,0574048
8,9;0,0562528
8,902;0,0550236
8,904;0,0537192
8,906;0,0523422
8,908;0,050895
8,91;0,0493803
8,912;0,047801
8,914;0,0461598
8,916;0,0444599
8,918;0,0427043
8,92;0,0408964
8,922;0,0390395
8,924;0,037137
8,926;0,0351925
8,928;0,0332095
8,93;0,0311917
8,932;0,0291429
8,934;0,0270669
8,936;0,0249676
8,938;0,0228488
8,94;0,0207145
8,942;0,0185687
8,944;0,0164154
8,946;0,0142586
8,948;0,0121023
8,95;0,00995054
8,952;0,00780734
8,954;0,0056767
8,956;0,00356262
8,958;0,00146905
8,96;0,000600103
8,962;0,00264095
8,964;0,00464967
8,966;0,00662251
8,968;0,00855574
8,97;0,0104458
8,972;0,012289
8,974;0,014082
8,976;0,0158214
8,978;0,0175039
8,98;0,0191263
8,982;0,0206856
8,984;0,0221789
8,986;0,0236032
8,988;0,024956
8,99;0,0262346
8,992;0,0274367
8,994;0,0285599
8,996;0,029602
8,998;0,0305613
9;0,0314356
9,002;0,0322235
9,004;0,0329234
9,006;0,0335339
9,008;0,0340539
9,01;0,0344823
9,012;0,0348182
9,014;0,0350611
9,016;0,0352103
9,018;0,0352657
9,02;0,0352269
9,022;0,0350941
9,024;0,0348674
9,026;0,0345472
9,028;0,0341341
9,03;0,0336288
9,032;0,0330321
9,034;0,0323452
9,036;0,0315692
9,038;0,0307056
9,04;0,029756
9,042;0,028722
9,044;0,0276056
9,046;0,0264087
9,048;0,0251337
9,05;0,0237827
9,052;0,0223584
9,054;0,0208633
9,056;0,0193001
9,058;0,0176718
9,06;0,0159814
9,062;0,0142319
9,064;0,0124267
9,066;0,010569
9,068;0,00866234
9,07;0,00671019
9,072;0,00471619
9,074;0,00268403
9,076;0,000617501
9,078;0,00147957
9,08;0,00360328
9,082;0,00574969
9,084;0,00791479
9,086;0,0100946
9,088;0,0122849
9,09;0,0144818
9,092;0,0166811
9,094;0,0188787
9,096;0,0210706
9,098;0,0232526
9,1;0,0254206
9,102;0,0275706
9,104;0,0296985
9,106;0,0318005
9,108;0,0338725
9,11;0,0359106
9,112;0,0379111
9,114;0,0398702
9,116;0,0417842
9,118;0,0436495
9,12;0,0454626
9,122;0,04722
9,124;0,0489186
9,126;0,050555
9,128;0,0521262
9,13;0,0536293
9,132;0,0550613
9,134;0,0564196
9,136;0,0577015
9,138;0,0589048
9,14;0,060027
9,142;0,061066
9,144;0,0620199
9,146;0,0628868
9,148;0,0636651
9,15;0,0643532
9,152;0,0649498
9,154;0,0654538
9,156;0,0658642
9,158;0,0661802
9,16;0,066401
9,162;0,0665263
9,164;0,0665558
9,166;0,0664893
9,168;0,066327
9,17;0,0660691
9,172;0,065716
9,174;0,0652683
9,176;0,0647268
9,178;0,0640925
9,18;0,0633665
9,182;0,0625501
9,184;0,0616448
9,186;0,0606522
9,188;0,0595742
9,19;0,0584126
9,192;0,0571697
9,194;0,0558477
9,196;0,0544491
9,198;0,0529763
9,2;0,0514322
9,202;0,0498195
9,204;0,0481412
9,206;0,0464004
9,208;0,0446004
9,21;0,0427445
9,212;0,0408361
9,214;0,0388787
9,216;0,0368759
9,218;0,0348316
9,22;0,0327494
9,222;0,0306333
9,224;0,0284871
9,226;0,0263149
9,228;0,0241208
9,23;0,0219087
9,232;0,0196828
9,234;0,0174472
9,236;0,0152062
9,238;0,0129639
9,24;0,0107245
9,242;0,00849216
9,244;0,00627105
9,246;0,00406534
9,248;0,00187915
9,25;0,000283434
9,252;0,00241836
9,254;0,00452162
9,256;0,00658927
9,258;0,00861745
9,26;0,0106023
9,262;0,0125402
9,264;0,0144274
9,266;0,0162604
9,268;0,0180358
9,27;0,0197501
9,272;0,0214002
9,274;0,022983
9,276;0,0244954
9,278;0,0259346
9,28;0,0272979
9,282;0,0285826
9,284;0,0297864
9,286;0,030907
9,288;0,0319422
9,29;0,03289
9,292;0,0337487
9,294;0,0345165
9,296;0,0351921
9,298;0,035774
9,3;0,0362611
9,302;0,0366526
9,304;0,0369475
9,306;0,0371454
9,308;0,0372457
9,31;0,0372483
9,312;0,0371531
9,314;0,0369602
9,316;0,0366699
9,318;0,0362827
9,32;0,0357993
9,322;0,0352206
9,324;0,0345474
9,326;0,0337812
9,328;0,0329232
9,33;0,031975
9,332;0,0309384
9,334;0,0298151
9,336;0,0286073
9,338;0,0273172
9,34;0,0259471
9,342;0,0244996
9,344;0,0229773
9,346;0,0213829
9,348;0,0197196
9,35;0,0179902
9,352;0,0161981
9,354;0,0143465
9,356;0,0124389
9,358;0,0104787
9,36;0,00846961
9,362;0,00641537
9,364;0,00431978
9,366;0,00218673
9,368;2,01683e-05
9,37;0,00217587
9,372;0,0043973
9,374;0,00663999
9,376;0,00889977
9,378;0,0111724
9,38;0,0134537
9,382;0,0157394
9,384;0,0180252
9,386;0,0203069
9,388;0,0225801
9,39;0,0248407
9,392;0,0270844
9,394;0,0293071
9,396;0,0315045
9,398;0,0336726
9,4;0,0358072
9,402;0,0379044
9,404;0,0399603
9,406;0,041971
9,408;0,0439326
9,41;0,0458416
9,412;0,0476944
9,414;0,0494873
9,416;0,0512172
9,418;0,0528806
9,42;0,0544745
9,422;0,0559958
9,424;0,0574418
9,426;0,0588095
9,428;0,0600965
9,43;0,0613003
9,432;0,0624185
9,434;0,0634492
9,436;0,0643902
9,438;0,0652398
9,44;0,0659964
9,442;0,0666585
9,444;0,0672248
9,446;0,0676941
9,448;0,0680657
9,45;0,0683387
9,452;0,0685125
9,454;0,0685869
9,456;0,0685615
9,458;0,0684364
9,46;0,0682118
9,462;0,067888
9,464;0,0674656
9,466;0,0669454
9,468;0,0663281
9,47;0,0656151
9,472;0,0648074
9,474;0,0639066
9,476;0,0629144
9,478;0,0618324
9,48;0,0606627
9,482;0,0594075
9,484;0,058069
9,486;0,0566496
9,488;0,0551521
9,49;0,053579
9,492;0,0519334
9,494;0,0502183
9,496;0,0484368
9,498;0,0465922
9,5;0,0446879
9,502;0,0427275
9,504;0,0407146
9,506;0,0386529
9,508;0,0365462
9,51;0,0343985
9,512;0,0322136
9,514;0,0299958
9,516;0,0277491
9,518;0,0254777
9,52;0,0231857
9,522;0,0208776
9,524;0,0185576
9,526;0,0162299
9,528;0,013899
9,53;0,0115692
9,532;0,00924485
9,534;0,00693028
9,536;0,00462982
9,538;0,00234778
9,54;8,84199e-05
9,542;0,00214402
9,544;0,00434537
9,546;0,0065115
9,548;0,00863834
9,55;0,0107219
9,552;0,0127583
9,554;0,0147437
9,556;0,0166743
9,558;0,0185465
9,56;0,0203568
9,562;0,0221019
9,564;0,0237783
9,566;0,0253829
9,568;0,0269127
9,57;0,0283648
9,572;0,0297365
9,574;0,0310251
9,576;0,0322282
9,578;0,0333434
9,58;0,0343688
9,582;0,0353023
9,584;0,036142
9,586;0,0368865
9,588;0,0375342
9,59;0,038084
9,592;0,0385346
9,594;0,0388853
9,596;0,0391353
9,598;0,0392841
9,6;0,0393313
9,602;0,0392769
9,604;0,0391208
9,606;0,0388634
9,608;0,038505
9,61;0,0380462
9,612;0,0374879
9,614;0,036831
9,616;0,0360767
9,618;0,0352265
9,62;0,0342817
9,622;0,0332441
9,624;0,0321156
9,626;0,0308984
9,628;0,0295945
9,63;0,0282063
9,632;0,0267365
9,634;0,0251877
9,636;0,0235628
9,638;0,0218648
9,64;0,0200967
9,642;0,018262
9,644;0,0163638
9,646;0,0144058
9,648;0,0123916
9,65;0,0103249
9,652;0,00820959
9,654;0,00604951
9,656;0,00384869
9,658;0,00161123
9,66;0,000658711
9,662;0,00295692
9,664;0,00527912
9,666;0,00762099
9,668;0,00997816
9,67;0,0123463
9,672;0,0147208
9,674;0,0170975
9,676;0,0194718
9,678;0,0218393
9,68;0,0241956
9,682;0,0265363
9,684;0,0288569
9,686;0,0311532
9,688;0,0334209
9,69;0,0356557
9,692;0,0378534
9,694;0,0400099
9,696;0,0421211
9,698;0,0441831
9,7;0,0461921
9,702;0,0481441
9,704;0,0500357
9,706;0,0518631
9,708;0,0536229
9,71;0,0553119
9,712;0,0569268
9,714;0,0584647
9,716;0,0599224
9,718;0,0612974
9,72;0,062587
9,722;0,0637887
9,724;0,0649003
9,726;0,0659196
9,728;0,0668447
9,73;0,0676738
9,732;0,0684053
9,734;0,0690377
9,736;0,06957
9,738;0,0700009
9,74;0,0703297
9,742;0,0705556
9,744;0,0706783
9,746;0,0706973
9,748;0,0706127
9,75;0,0704246
9,752;0,0701331
9,754;0,0697389
9,756;0,0692425
9,758;0,0686449
9,76;0,0679472
9,762;0,0671505
9,764;0,0662564
9,766;0,0652663
9,768;0,0641822
9,77;0,063006
9,772;0,0617399
9,774;0,0603861
9,776;0,0589471
9,778;0,0574256
9,78;0,0558244
9,782;0,0541465
9,784;0,0523948
9,786;0,0505727
9,788;0,0486835
9,79;0,0467307
9,792;0,0447179
9,794;0,0426489
9,796;0,0405274
9,798;0,0383574
9,8;0,036143
9,802;0,0338882
9,804;0,0315972
9,806;0,0292743
9,808;0,0269237
9,81;0,02455
9,812;0,0221575
9,814;0,0197506
9,816;0,0173338
9,818;0,0149117
9,82;0,0124887
9,822;0,0100694
9,824;0,00765833
9,826;0,00525994
9,828;0,00287874
9,83;0,000519178
9,832;0,00181433
9,834;0,0041174
9,836;0,00638574
9,838;0,00861508
9,84;0,0108012
9,842;0,0129401
9,844;0,0150277
9,846;0,0170601
9,848;0,0190334
9,85;0,020944
9,852;0,0227881
9,854;0,0245625
9,856;0,0262637
9,858;0,0278884
9,86;0,0294337
9,862;0,0308966
9,864;0,0322743
9,866;0,0335642
9,868;0,0347639
9,87;0,035871
9,872;0,0368835
9,874;0,0377994
9,876;0,0386169
9,878;0,0393345
9,88;0,0399508
9,882;0,0404645
9,884;0,0408747
9,886;0,0411805
9,888;0,0413814
9,89;0,0414768
9,892;0,0414665
9,894;0,0413506
9,896;0,0411291
9,898;0,0408025
9,9;0,0403712
9,902;0,0398361
9,904;0,039198
9,906;0,0384581
9,908;0,0376178
9,91;0,0366785
9,912;0,035642
9,914;0,0345101
9,916;0,0332848
9,918;0,0319686
9,92;0,0305636
9,922;0,0290726
9,924;0,0274982
9,926;0,0258434
9,928;0,0241111
9,93;0,0223047
9,932;0,0204273
9,934;0,0184826
9,936;0,016474
9,938;0,0144053
9,94;0,0122803
9,942;0,010103
9,944;0,00787743
9,946;0,00560764
9,948;0,0032979
9,95;0,000952478
9,952;0,00142425
9,954;0,00382788
9,956;0,00625393
9,958;0,00869788
9,96;0,0111552
9,962;0,0136213
9,964;0,0160915
9,966;0,0185613
9,968;0,0210261
9,97;0,0234812
9,972;0,0259221
9,974;0,0283441
9,976;0,0307429
9,978;0,0331138
9,98;0,0354525
9,982;0,0377545
9,984;0,0400155
9,986;0,0422314
9,988;0,0443978
9,99;0,0465109
9,992;0,0485665
9,994;0,0505609
9,996;0,0524902
9,998;0,0543508
10;0,0561393
10,002;0,0578522
10,004;0,0594864
10,006;0,0610386
10,008;0,062506
10,01;0,0638858
10,012;0,0651754
10,014;0,0663723
10,016;0,0674742
10,018;0,068479
10,02;0,0693848
10,022;0,0701899
10,024;0,0708927
10,026;0,0714917
10,028;0,071986
10,03;0,0723744
10,032;0,0726562
10,034;0,0728308
10,036;0,0728979
10,038;0,0728572
10,04;0,0727087
10,042;0,0724527
10,044;0,0720897
10,046;0,0716201
10,048;0,0710449
10,05;0,0703651
10,052;0,0695818
10,054;0,0686966
10,056;0,0677108
10,058;0,0666265
10,06;0,0654455
10,062;0,06417
10,064;0,0628023
10,066;0,0613449
10,068;0,0598006
10,07;0,058172
10,072;0,0564623
10,074;0,0546746
10,076;0,0528121
10,078;0,0508783
10,08;0,0488769
10,082;0,0468114
10,084;0,0446857
10,086;0,0425037
10,088;0,0402695
10,09;0,0379873
10,092;0,0356612
10,094;0,0332956
10,096;0,0308948
10,098;0,0284634
10,1;0,0260058
10,102;0,0235267
10,104;0,0210306
10,106;0,0185222
10,108;0,0160062
10,11;0,0134872
10,112;0,0109701
10,114;0,00845933
10,116;0,00595976
10,118;0,00347602
10,12;0,00101275
10,122;0,00142545
10,124;0,003834
10,126;0,00620839
10,128;0,00854418
10,13;0,010837
10,132;0,0130825
10,134;0,0152765
10,136;0,0174149
10,138;0,0194936
10,14;0,0215087
10,142;0,0234565
10,144;0,0253333
10,146;0,0271355
10,148;0,0288597
10,15;0,0305027
10,152;0,0320613
10,154;0,0335326
10,156;0,0349139
10,158;0,0362024
10,16;0,0373957
10,162;0,0384916
10,164;0,039488
10,166;0,0403829
10,168;0,0411745
10,17;0,0418615
10,172;0,0424424
10,174;0,0429161
10,176;0,0432817
10,178;0,0435384
10,18;0,0436856
10,182;0,0437231
10,184;0,0436508
10,186;0,0434686
10,188;0,0431769
10,19;0,0427762
10,192;0,0422671
10,194;0,0416506
10,196;0,0409277
10,198;0,0400997
10,2;0,0391682
10,202;0,0381347
10,204;0,0370013
10,206;0,0357699
10,208;0,0344427
10,21;0,0330223
10,212;0,0315112
10,214;0,0299122
10,216;0,0282282
10,218;0,0264624
10,22;0,0246179
10,222;0,0226982
10,224;0,0207068
10,226;0,0186475
10,228;0,0165239
10,23;0,0143401
10,232;0,0121
10,234;0,00980792
10,236;0,007468
10,238;0,0050846
10,24;0,00266216
10,242;0,000205165
10,244;0,0022818
10,246;0,00479412
10,248;0,00732712
10,25;0,00987607
10,252;0,0124362
10,254;0,0150028
10,256;0,0175711
10,258;0,0201362
10,26;0,0226933
10,262;0,0252378
10,264;0,0277648
10,266;0,0302695
10,268;0,0327474
10,27;0,0351938
10,272;0,0376041
10,274;0,0399738
10,276;0,0422983
10,278;0,0445735
10,28;0,0467949
10,282;0,0489585
10,284;0,0510601
10,286;0,0530958
10,288;0,0550617
10,29;0,0569543
10,292;0,0587697
10,294;0,0605048
10,296;0,0621561
10,298;0,0637205
10,3;0,0651952
10,302;0,0665771
10,304;0,0678639
10,306;0,0690529
10,308;0,070142
10,31;0,0711289
10,312;0,072012
10,314;0,0727893
10,316;0,0734595
10,318;0,0740212
10,32;0,0744733
10,322;0,0748149
10,324;0,0750453
10,326;0,0751641
10,328;0,0751708
10,33;0,0750656
10,332;0,0748485
10,334;0,0745198
10,336;0,0740801
10,338;0,0735302
10,34;0,072871
10,342;0,0721037
10,344;0,0712297
10,346;0,0702506
10,348;0,0691681
10,35;0,0679842
10,352;0,066701
10,354;0,065321
10,356;0,0638465
10,358;0,0622804
10,36;0,0606254
10,362;0,0588847
10,364;0,0570614
10,366;0,0551589
10,368;0,0531808
10,37;0,0511306
10,372;0,0490121
10,374;0,0468293
10,376;0,0445862
10,378;0,042287
10,38;0,0399358
10,382;0,0375372
10,384;0,0350955
10,386;0,0326153
10,388;0,0301012
10,39;0,0275578
10,392;0,0249899
10,394;0,0224022
10,396;0,0197997
10,398;0,0171871
10,4;0,0145693
10,402;0,0119511
10,404;0,00933762
10,406;0,00673354
10,408;0,0041438
10,41;0,00157322
10,412;0,000973382
10,414;0,00349124
10,416;0,00597564
10,418;0,00842193
10,42;0,0108255
10,422;0,0131819
10,424;0,0154866
10,426;0,0177354
10,428;0,019924
10,43;0,0220483
10,432;0,0241042
10,434;0,026088
10,436;0,0279959
10,438;0,0298242
10,44;0,0315696
10,442;0,0332287
10,444;0,0347983
10,446;0,0362756
10,448;0,0376576
10,45;0,0389418
10,452;0,0401257
10,454;0,041207
10,456;0,0421838
10,458;0,043054
10,46;0,043816
10,462;0,0444684
10,464;0,0450098
10,466;0,0454392
10,468;0,0457557
10,47;0,0459587
10,472;0,0460477
10,474;0,0460226
10,476;0,0458832
10,478;0,0456298
10,48;0,0452629
10,482;0,0447829
10,484;0,0441909
10,486;0,0434877
10,488;0,0426747
10,49;0,0417533
10,492;0,0407252
10,494;0,0395923
10,496;0,0383565
10,498;0,0370203
10,5;0,0355859
10,502;0,034056
10,504;0,0324335
10,506;0,0307213
10,508;0,0289225
10,51;0,0270405
10,512;0,0250787
10,514;0,0230408
10,516;0,0209306
10,518;0,0187518
10,52;0,0165086
10,522;0,0142051
10,524;0,0118455
10,526;0,00943432
10,528;0,00697594
10,53;0,00447494
10,532;0,00193598
10,534;0,000636241
10,536;0,00323693
10,538;0,00586124
10,54;0,0085043
10,542;0,0111612
10,544;0,0138269
10,546;0,0164966
10,548;0,0191651
10,55;0,0218276
10,552;0,0244791
10,554;0,0271145
10,556;0,029729
10,558;0,0323177
10,56;0,0348758
10,562;0,0373984
10,564;0,0398808
10,566;0,0423184
10,568;0,0447066
10,57;0,0470408
10,572;0,0493168
10,574;0,0515303
10,576;0,053677
10,578;0,0557529
10,58;0,0577542
10,582;0,059677
10,584;0,0615177
10,586;0,0632729
10,588;0,0649391
10,59;0,0665133
10,592;0,0679925
10,594;0,0693739
10,596;0,0706547
10,598;0,0718327
10,6;0,0729054
10,602;0,073871
10,604;0,0747274
10,606;0,0754731
10,608;0,0761066
10,61;0,0766266
10,612;0,0770322
10,614;0,0773224
10,616;0,0774968
10,618;0,0775549
10,62;0,0774965
10,622;0,0773218
10,624;0,0770309
10,626;0,0766243
10,628;0,0761028
10,63;0,0754672
10,632;0,0747187
10,634;0,0738585
10,636;0,0728884
10,638;0,07181
10,64;0,0706252
10,642;0,0693362
10,644;0,0679454
10,646;0,0664554
10,648;0,0648687
10,65;0,0631884
10,652;0,0614176
10,654;0,0595594
10,656;0,0576174
10,658;0,055595
10,66;0,0534961
10,662;0,0513245
10,664;0,0490842
10,666;0,0467794
10,668;0,0444143
10,67;0,0419933
10,672;0,0395209
10,674;0,0370018
10,676;0,0344404
10,678;0,0318418
10,68;0,0292106
10,682;0,0265517
10,684;0,0238701
10,686;0,0211709
10,688;0,0184589
10,69;0,0157394
10,692;0,0130173
10,694;0,0102977
10,696;0,00758574
10,698;0,00488646
10,7;0,0022049
10,702;0,000453919
10,704;0,00308502
10,706;0,00568349
10,708;0,00824445
10,71;0,0107631
10,712;0,0132347
10,714;0,0156547
10,716;0,0180184
10,718;0,0203215
10,72;0,0225596
10,722;0,0247284
10,724;0,026824
10,726;0,0288424
10,728;0,0307797
10,73;0,0326323
10,732;0,0343967
10,734;0,0360695
10,736;0,0376477
10,738;0,0391281
10,74;0,0405079
10,742;0,0417846
10,744;0,0429557
10,746;0,044019
10,748;0,0449724
10,75;0,045814
10,752;0,0465423
10,754;0,0471558
10,756;0,0476534
10,758;0,0480339
10,76;0,0482968
10,762;0,0484413
10,764;0,0484672
10,766;0,0483743
10,768;0,0481629
10,77;0,0478331
10,772;0,0473855
10,774;0,046821
10,776;0,0461405
10,778;0,0453453
10,78;0,0444367
10,782;0,0434163
10,784;0,0422861
10,786;0,0410481
10,788;0,0397045
10,79;0,0382578
10,792;0,0367106
10,794;0,0350658
10,796;0,0333263
10,798;0,0314955
10,8;0,0295766
10,802;0,0275731
10,804;0,0254889
10,806;0,0233276
10,808;0,0210934
10,81;0,0187904
10,812;0,0164227
10,814;0,0139949
10,816;0,0115113
10,818;0,00897668
10,82;0,00639564
10,822;0,003773
10,824;0,00111363
10,826;0,00157752
10,828;0,00429544
10,83;0,00703508
10,832;0,00979133
10,834;0,0125591
10,836;0,0153331
10,838;0,0181083
10,84;0,0208794
10,842;0,0236414
10,844;0,0263889
10,846;0,029117
10,848;0,0318204
10,85;0,0344942
10,852;0,0371333
10,854;0,0397328
10,856;0,0422877
10,858;0,0447934
10,86;0,0472451
10,862;0,0496382
10,864;0,0519682
10,866;0,0542307
10,868;0,0564215
10,87;0,0585364
10,872;0,0605714
10,874;0,0625228
10,876;0,0643867
10,878;0,0661598
10,88;0,0678386
10,882;0,0694199
10,884;0,0709008
10,886;0,0722784
10,888;0,0735501
10,89;0,0747135
10,892;0,0757663
10,894;0,0767065
10,896;0,0775323
10,898;0,0782422
10,9;0,0788346
10,902;0,0793085
10,904;0,0796628
10,906;0,079897
10,908;0,0800104
10,91;0,0800028
10,912;0,0798741
10,914;0,0796246
10,916;0,0792546
10,918;0,0787647
10,92;0,0781558
10,922;0,077429
10,924;0,0765856
10,926;0,075627
10,928;0,074555
10,93;0,0733716
10,932;0,0720789
10,934;0,0706792
10,936;0,0691751
10,938;0,0675694
10,94;0,0658649
10,942;0,0640649
10,944;0,0621727
10,946;0,0601916
10,948;0,0581254
10,95;0,0559779
10,952;0,0537531
10,954;0,051455
10,956;0,0490879
10,958;0,0466562
10,96;0,0441644
10,962;0,0416172
10,964;0,0390191
10,966;0,0363751
10,968;0,0336901
10,97;0,0309691
10,972;0,0282171
10,974;0,0254392
10,976;0,0226407
10,978;0,0198266
10,98;0,0170024
10,982;0,0141732
10,984;0,0113443
10,986;0,008521
10,988;0,00570858
10,99;0,00291229
10,992;0,000137358
10,994;0,00261103
10,996;0,00532772
10,998;0,00800764
11;0,0106457
11,002;0,0132371
11,004;0,0157769
11,006;0,0182602
11,008;0,0206826
11,01;0,0230393
11,012;0,025326
11,014;0,0275383
11,016;0,0296722
11,018;0,0317235
11,02;0,0336884
11,022;0,0355632
11,024;0,0373443
11,026;0,0390283
11,028;0,0406122
11,03;0,0420927
11,032;0,0434672
11,034;0,0447331
11,036;0,0458878
11,038;0,0469292
11,04;0,0478552
11,042;0,0486642
11,044;0,0493544
11,046;0,0499246
11,048;0,0503736
11,05;0,0507006
11,052;0,0509048
11,054;0,0509858
11,056;0,0509433
11,058;0,0507775
11,06;0,0504886
11,062;0,0500769
11,064;0,0495433
11,066;0,0488886
11,068;0,048114
11,07;0,0472209
11,072;0,0462109
11,074;0,0450858
11,076;0,0438477
11,078;0,0424988
11,08;0,0410415
11,082;0,0394786
11,084;0,0378129
11,086;0,0360474
11,088;0,0341854
11,09;0,0322303
11,092;0,0301857
11,094;0,0280554
11,096;0,0258433
11,098;0,0235535
11,1;0,0211902
11,102;0,0187578
11,104;0,0162609
11,106;0,0137039
11,108;0,0110918
11,11;0,00842922
11,112;0,00572122
11,114;0,00297283
11,116;0,000189128
11,118;0,00262469
11,12;0,0054634
11,122;0,0083217
11,124;0,0111943
11,126;0,0140758
11,128;0,0169608
11,13;0,019844
11,132;0,02272
11,134;0,0255834
11,136;0,0284289
11,138;0,0312511
11,14;0,0340447
11,142;0,0368046
11,144;0,0395255
11,146;0,0422024
11,148;0,0448302
11,15;0,047404
11,152;0,049919
11,154;0,0523704
11,156;0,0547536
11,158;0,0570643
11,16;0,0592979
11,162;0,0614502
11,164;0,0635174
11,166;0,0654953
11,168;0,0673803
11,17;0,0691688
11,172;0,0708575
11,174;0,0724431
11,176;0,0739225
11,178;0,0752931
11,18;0,0765521
11,182;0,0776972
11,184;0,0787261
11,186;0,079637
11,188;0,0804279
11,19;0,0810974
11,192;0,0816442
11,194;0,0820671
11,196;0,0823654
11,198;0,0825383
11,2;0,0825856
11,202;0,082507
11,204;0,0823027
11,206;0,0819728
11,208;0,0815181
11,21;0,0809393
11,212;0,0802373
11,214;0,0794135
11,216;0,0784693
11,218;0,0774063
11,22;0,0762266
11,222;0,0749323
11,224;0,0735257
11,226;0,0720094
11,228;0,0703861
11,23;0,0686589
11,232;0,0668309
11,234;0,0649054
11,236;0,062886
11,238;0,0607765
11,24;0,0585806
11,242;0,0563026
11,244;0,0539465
11,246;0,0515167
11,248;0,0490177
11,25;0,0464542
11,252;0,0438309
11,254;0,0411527
11,256;0,0384245
11,258;0,0356514
11,26;0,0328386
11,262;0,0299912
11,264;0,0271146
11,266;0,0242142
11,268;0,0212953
11,27;0,0183634
11,272;0,0154239
11,274;0,0124824
11,276;0,00954422
11,278;0,00661498
11,28;0,00370012
11,282;0,000805082
11,284;0,00206472
11,286;0,00490391
11,288;0,00770718
11,29;0,0104693
11,292;0,013185
11,294;0,0158493
11,296;0,0184572
11,298;0,0210036
11,3;0,023484
11,302;0,0258936
11,304;0,0282278
11,306;0,0304823
11,308;0,0326528
11,31;0,0347353
11,312;0,0367257
11,314;0,0386203
11,316;0,0404156
11,318;0,0421081
11,32;0,0436947
11,322;0,0451722
11,324;0,0465379
11,326;0,0477892
11,328;0,0489237
11,33;0,0499391
11,332;0,0508336
11,334;0,0516054
11,336;0,052253
11,338;0,0527751
11,34;0,0531707
11,342;0,053439
11,344;0,0535794
11,346;0,0535915
11,348;0,0534754
11,35;0,0532311
11,352;0,052859
11,354;0,0523597
11,356;0,0517341
11,358;0,0509834
11,36;0,0501088
11,362;0,0491119
11,364;0,0479946
11,366;0,0467587
11,368;0,0454067
11,37;0,0439408
11,372;0,0423639
11,374;0,0406788
11,376;0,0388886
11,378;0,0369965
11,38;0,0350061
11,382;0,032921
11,384;0,030745
11,386;0,0284822
11,388;0,0261367
11,39;0,023713
11,392;0,0212153
11,394;0,0186485
11,396;0,0160172
11,398;0,0133263
11,4;0,0105808
11,402;0,00778585
11,404;0,00494655
11,406;0,00206823
11,408;0,000843777
11,41;0,00378404
11,412;0,0067471
11,414;0,00972743
11,416;0,0127195
11,418;0,0157176
11,42;0,0187164
11,422;0,02171
11,424;0,0246931
11,426;0,0276599
11,428;0,0306049
11,43;0,0335227
11,432;0,0364077
11,434;0,0392546
11,436;0,042058
11,438;0,0448127
11,44;0,0475135
11,442;0,0501553
11,444;0,0527332
11,446;0,0552424
11,448;0,057678
11,45;0,0600355
11,452;0,0623105
11,454;0,0644987
11,456;0,066596
11,458;0,0685983
11,46;0,070502
11,462;0,0723033
11,464;0,073999
11,466;0,0755856
11,468;0,0770604
11,47;0,0784203
11,472;0,0796629
11,474;0,0807857
11,476;0,0817866
11,478;0,0826636
11,48;0,0834151
11,482;0,0840396
11,484;0,0845358
11,486;0,0849027
11,488;0,0851397
11,49;0,0852461
11,492;0,0852218
11,494;0,0850666
11,496;0,0847809
11,498;0,084365
11,5;0,0838197
11,502;0,0831459
11,504;0,0823449
11,506;0,081418
11,508;0,0803669
11,51;0,0791935
11,512;0,0779
11,514;0,0764886
11,516;0,074962
11,518;0,0733229
11,52;0,0715744
11,522;0,0697196
11,524;0,067762
11,526;0,0657051
11,528;0,0635527
11,53;0,0613089
11,532;0,0589777
11,534;0,0565634
11,536;0,0540706
11,538;0,0515038
11,54;0,0488678
11,542;0,0461674
11,544;0,0434077
11,546;0,0405937
11,548;0,0377308
11,55;0,0348242
11,552;0,0318793
11,554;0,0289017
11,556;0,0258968
11,558;0,0228702
11,56;0,0198276
11,562;0,0167746
11,564;0,013717
11,566;0,0106605
11,568;0,00761068
11,57;0,00457333
11,572;0,00155411
11,574;0,00144134
11,576;0,00440741
11,578;0,00733855
11,58;0,0102293
11,582;0,0130742
11,584;0,0158679
11,586;0,0186052
11,588;0,0212809
11,59;0,0238901
11,592;0,0264277
11,594;0,0288892
11,596;0,0312697
11,598;0,0335648
11,6;0,0357702
11,602;0,0378818
11,604;0,0398954
11,606;0,0418074
11,608;0,0436141
11,61;0,045312
11,612;0,046898
11,614;0,048369
11,616;0,0497222
11,618;0,0509551
11,62;0,0520652
11,622;0,0530504
11,624;0,0539088
11,626;0,0546388
11,628;0,0552388
11,63;0,0557079
11,632;0,0560448
11,634;0,0562491
11,636;0,0563202
11,638;0,0562579
11,64;0,0560623
11,642;0,0557336
11,644;0,0552725
11,646;0,0546796
11,648;0,0539561
11,65;0,0531032
11,652;0,0521224
11,654;0,0510155
11,656;0,0497845
11,658;0,0484316
11,66;0,0469594
11,662;0,0453704
11,664;0,0436676
11,666;0,041854
11,668;0,0399331
11,67;0,0379084
11,672;0,0357835
11,674;0,0335624
11,676;0,0312492
11,678;0,0288481
11,68;0,0263636
11,682;0,0238003
11,684;0,021163
11,686;0,0184564
11,688;0,0156856
11,69;0,0128558
11,692;0,00997224
11,694;0,00704022
11,696;0,0040652
11,698;0,00105273
11,7;0,0019916
11,702;0,00506212
11,704;0,00815311
11,706;0,0112588
11,708;0,0143734
11,71;0,0174912
11,712;0,0206062
11,714;0,0237128
11,716;0,026805
11,718;0,0298771
11,72;0,0329233
11,722;0,035938
11,724;0,0389155
11,726;0,0418503
11,728;0,0447367
11,73;0,0475695
11,732;0,0503433
11,734;0,0530529
11,736;0,0556931
11,738;0,0582591
11,74;0,060746
11,742;0,0631492
11,744;0,065464
11,746;0,0676861
11,748;0,0698113
11,75;0,0718357
11,752;0,0737553
11,754;0,0755666
11,756;0,077266
11,758;0,0788504
11,76;0,0803168
11,762;0,0816623
11,764;0,0828843
11,766;0,0839806
11,768;0,084949
11,77;0,0857876
11,772;0,0864948
11,774;0,0870692
11,776;0,0875097
11,778;0,0878153
11,78;0,0879855
11,782;0,0880198
11,784;0,0879181
11,786;0,0876805
11,788;0,0873074
11,79;0,0867994
11,792;0,0861574
11,794;0,0853825
11,796;0,0844762
11,798;0,0834399
11,8;0,0822756
11,802;0,0809853
11,804;0,0795715
11,806;0,0780367
11,808;0,0763837
11,81;0,0746156
11,812;0,0727354
11,814;0,0707468
11,816;0,0686534
11,818;0,0664589
11,82;0,0641675
11,822;0,0617834
11,824;0,059311
11,826;0,0567549
11,828;0,0541197
11,83;0,0514103
11,832;0,0486319
11,834;0,0457895
11,836;0,0428883
11,838;0,0399339
11,84;0,0369316
11,842;0,033887
11,844;0,0308059
11,846;0,0276939
11,848;0,0245568
11,85;0,0214005
11,852;0,0182308
11,854;0,0150537
11,856;0,0118751
11,858;0,00870094
11,86;0,00553711
11,862;0,00238954
11,864;0,000735883
11,866;0,00383332
11,868;0,00689696
11,87;0,00992108
11,872;0,0129
11,874;0,0158282
11,876;0,0187001
11,878;0,0215103
11,88;0,0242536
11,882;0,0269248
11,884;0,0295188
11,886;0,0320309
11,888;0,0344562
11,89;0,0367903
11,892;0,0390286
11,894;0,041167
11,896;0,0432013
11,898;0,0451279
11,9;0,0469429
11,902;0,048643
11,904;0,0502249
11,906;0,0516857
11,908;0,0530224
11,91;0,0542326
11,912;0,0553139
11,914;0,0562643
11,916;0,0570819
11,918;0,057765
11,92;0,0583124
11,922;0,058723
11,924;0,0589959
11,926;0,0591305
11,928;0,0591265
11,93;0,0589839
11,932;0,0587028
11,934;0,0582837
11,936;0,0577273
11,938;0,0570346
11,94;0,0562067
11,942;0,0552452
11,944;0,0541518
11,946;0,0529284
11,948;0,0515773
11,95;0,0501009
11,952;0,0485019
11,954;0,0467832
11,956;0,0449481
11,958;0,0429997
11,96;0,0409417
11,962;0,038778
11,964;0,0365124
11,966;0,0341492
11,968;0,0316927
11,97;0,0291474
11,972;0,0265181
11,974;0,0238096
11,976;0,0210269
11,978;0,0181752
11,98;0,0152597
11,982;0,012286
11,984;0,00925942
11,986;0,00618568
11,988;0,00307046
11,99;8,04305e-05
11,992;0,00326114
