0,002;0
0,004;2,82843e-05
0,006;8,48151e-05
0,008;0,000169457
0,01;0,000281976
0,012;0,000422042
0,014;0,000589228
0,016;0,000783012
0,018;0,00100278
0,02;0,00124782
0,022;0,00151735
0,024;0,00181047
0,026;0,00212623
0,028;0,00246358
0,03;0,00282138
0,032;0,00319846
0,034;0,00359354
0,036;0,00400528
0,038;0,0044323
0,04;0,00487316
0,042;0,00532634
0,044;0,00579031
0,046;0,00626348
0,048;0,00674423
0,05;0,00723092
0,052;0,00772185
0,054;0,00821535
0,056;0,00870971
0,058;0,00920321
0,06;0,00969415
0,062;0,0101808
0,064;0,0106615
0,066;0,0111345
0,068;0,0115983
0,07;0,0120511
0,072;0,0124913
0,074;0,0129175
0,076;0,0133281
0,078;0,0137217
0,08;0,0140968
0,082;0,0144521
0,084;0,0147864
0,086;0,0150984
0,088;0,015387
0,09;0,0156512
0,092;0,01589
0,094;0,0161025
0,096;0,0162879
0,098;0,0164455
0,1;0,0165747
0,102;0,016675
0,104;0,016746
0,106;0,0167874
0,108;0,016799
0,11;0,0167806
0,112;0,0167323
0,114;0,0166542
0,116;0,0165465
0,118;0,0164095
0,12;0,0162435
0,122;0,0160492
0,124;0,0158271
0,126;0,015578
0,128;0,0153026
0,13;0,0150019
0,132;0,0146768
0,134;0,0143284
0,136;0,0139579
0,138;0,0135665
0,14;0,0131555
0,142;0,0127263
0,144;0,0122803
0,146;0,0118192
0,148;0,0113443
0,15;0,0108574
0,152;0,0103601
0,154;0,00985409
0,156;0,00934114
0,158;0,008823
0,16;0,00830145
0,162;0,00777829
0,164;0,00725534
0,166;0,0067344
0,168;0,00621729
0,17;0,00570581
0,172;0,00520174
0,174;0,00470685
0,176;0,00422287
0,178;0,0037515
0,18;0,0032944
0,182;0,00285319
0,184;0,00242944
0,186;0,00202464
0,188;0,00164025
0,19;0,00127763
0,192;0,000938095
0,194;0,000622867
0,196;0,000333092
0,198;6,98289e-05
0,2;0,000165954
0,202;0,000373381
0,204;0,000551671
0,206;0,000700145
0,208;0,000818224
0,21;0,000905434
0,212;0,000961407
0,214;0,000985883
0,216;0,000978709
0,218;0,000939842
0,22;0,00086935
0,222;0,00076741
0,224;0,000634307
0,226;0,000470437
0,228;0,000276303
0,23;5,25123e-05
0,232;0,000200222
0,234;0,000481086
0,236;0,000789165
0,238;0,00112345
0,24;0,00148284
0,242;0,00186614
0,244;0,00227207
0,246;0,00269927
0,248;0,00314632
0,25;0,00361169
0,252;0,00409382
0,254;0,00459107
0,256;0,00510175
0,258;0,00562412
0,26;0,00615639
0,262;0,00669674
0,264;0,00724331
0,266;0,00779422
0,268;0,00834756
0,27;0,00890144
0,272;0,00945392
0,274;0,0100031
0,276;0,010547
0,278;0,0110839
0,28;0,0116117
0,282;0,0121287
0,284;0,012633
0,286;0,0131229
0,288;0,0135967
0,29;0,0140526
0,292;0,014489
0,294;0,0149044
0,296;0,0152974
0,298;0,0156664
0,3;0,0160102
0,302;0,0163275
0,304;0,0166171
0,306;0,0168781
0,308;0,0171094
0,31;0,0173101
0,312;0,0174795
0,314;0,017617
0,316;0,0177221
0,318;0,0177941
0,32;0,017833
0,322;0,0178383
0,324;0,0178102
0,326;0,0177485
0,328;0,0176534
0,33;0,0175252
0,332;0,0173643
0,334;0,0171711
0,336;0,0169463
0,338;0,0166905
0,34;0,0164046
0,342;0,0160896
0,344;0,0157463
0,346;0,015376
0,348;0,0149799
0,35;0,0145593
0,352;0,0141156
0,354;0,0136504
0,356;0,0131651
0,358;0,0126614
0,36;0,012141
0,362;0,0116057
0,364;0,0110573
0,366;0,0104977
0,368;0,00992882
0,37;0,00935257
0,372;0,00877095
0,374;0,00818597
0,376;0,00759965
0,378;0,00701402
0,38;0,0064311
0,382;0,00585294
0,384;0,00528153
0,386;0,00471888
0,388;0,00416695
0,39;0,00362769
0,392;0,00310298
0,394;0,00259468
0,396;0,00210459
0,398;0,00163444
0,4;0,0011859
0,402;0,000760586
0,404;0,000360007
0,406;1,43907e-05
0,408;0,000361253
0,41;0,000679318
0,412;0,000967422
0,414;0,0012245
0,416;0,0014496
0,418;0,00164188
0,42;0,00180058
0,422;0,0019251
0,424;0,00201492
0,426;0,00206967
0,428;0,00208908
0,43;0,002073
0,432;0,00202141
0,434;0,00193442
0,436;0,00181226
0,438;0,00165527
0,44;0,00146392
0,442;0,00123881
0,444;0,000980635
0,446;0,000690226
0,448;0,000368521
0,45;1,65679e-05
0,452;0,000364478
0,454;0,000773357
0,456;0,00120871
0,458;0,00166909
0,46;0,00215295
0,462;0,00265866
0,464;0,00318452
0,466;0,00372874
0,468;0,00428948
0,47;0,00486484
0,472;0,00545284
0,474;0,00605147
0,476;0,00665869
0,478;0,00727241
0,48;0,0078905
0,482;0,00851085
0,484;0,0091313
0,486;0,0097497
0,488;0,0103639
0,49;0,0109718
0,492;0,0115712
0,494;0,0121601
0,496;0,0127363
0,498;0,0132979
0,5;0,0138429
0,502;0,0143694
0,504;0,0148754
0,506;0,0153593
0,508;0,0158192
0,51;0,0162535
0,512;0,0166608
0,514;0,0170394
0,516;0,017388
0,518;0,0177054
0,52;0,0179903
0,522;0,0182418
0,524;0,0184589
0,526;0,0186407
0,528;0,0187866
0,53;0,0188959
0,532;0,0189683
0,534;0,0190033
0,536;0,0190008
0,538;0,0189607
0,54;0,0188831
0,542;0,0187682
0,544;0,0186162
0,546;0,0184277
0,548;0,0182031
0,55;0,0179433
0,552;0,0176489
0,554;0,0173211
0,556;0,0169608
0,558;0,0165692
0,56;0,0161476
0,562;0,0156974
0,564;0,0152202
0,566;0,0147174
0,568;0,0141908
0,57;0,0136422
0,572;0,0130734
0,574;0,0124864
0,576;0,0118831
0,578;0,0112656
0,58;0,010636
0,582;0,00999652
0,584;0,00934928
0,586;0,00869653
0,588;0,00804052
0,59;0,00738353
0,592;0,00672782
0,594;0,00607567
0,596;0,00542936
0,598;0,00479113
0,6;0,00416321
0,602;0,0035478
0,604;0,00294707
0,606;0,00236312
0,608;0,00179802
0,61;0,00125376
0,612;0,000732284
0,614;0,000235439
0,616;0,000234998
0,618;0,00067734
0,62;0,00108999
0,622;0,00147146
0,624;0,00182036
0,626;0,00213541
0,628;0,00241545
0,63;0,00265942
0,632;0,00286641
0,634;0,00303562
0,636;0,00316638
0,638;0,00325817
0,64;0,00331056
0,642;0,00332331
0,644;0,00329628
0,646;0,00322949
0,648;0,00312307
0,65;0,00297731
0,652;0,00279263
0,654;0,0025696
0,656;0,0023089
0,658;0,00201135
0,66;0,00167791
0,662;0,00130966
0,664;0,000907801
0,666;0,000473652
0,668;8,64981e-06
0,67;0,000485658
0,672;0,00100762
0,674;0,00155549
0,676;0,00212742
0,678;0,00272148
0,68;0,00333565
0,682;0,00396786
0,684;0,00461594
0,686;0,00527769
0,688;0,00595084
0,69;0,00663308
0,692;0,00732206
0,694;0,00801542
0,696;0,00871075
0,698;0,00940565
0,7;0,0100977
0,702;0,0107845
0,704;0,0114637
0,706;0,0121329
0,708;0,0127897
0,71;0,0134319
0,712;0,0140571
0,714;0,0146633
0,716;0,0152482
0,718;0,0158098
0,72;0,016346
0,722;0,016855
0,724;0,0173349
0,726;0,0177841
0,728;0,0182008
0,73;0,0185837
0,732;0,0189312
0,734;0,0192421
0,736;0,0195152
0,738;0,0197496
0,74;0,0199442
0,742;0,0200985
0,744;0,0202117
0,746;0,0202833
0,748;0,020313
0,75;0,0203007
0,752;0,0202463
0,754;0,0201498
0,756;0,0200116
0,758;0,019832
0,76;0,0196115
0,762;0,0193509
0,764;0,0190509
0,766;0,0187125
0,768;0,0183368
0,77;0,017925
0,772;0,0174785
0,774;0,0169987
0,776;0,0164873
0,778;0,0159459
0,78;0,0153763
0,782;0,0147805
0,784;0,0141605
0,786;0,0135184
0,788;0,0128563
0,79;0,0121765
0,792;0,0114813
0,794;0,0107731
0,796;0,0100544
0,798;0,00932754
0,8;0,00859509
0,802;0,00785957
0,804;0,00712351
0,806;0,00638947
0,808;0,00566001
0,81;0,00493764
0,812;0,00422491
0,814;0,00352429
0,816;0,00283824
0,818;0,00216918
0,82;0,00151945
0,822;0,000891349
0,824;0,000287106
0,826;0,000291137
0,828;0,000841321
0,83;0,00136148
0,832;0,00184974
0,834;0,00230435
0,836;0,00272365
0,838;0,00310612
0,84;0,00345036
0,842;0,00375508
0,844;0,00401916
0,846;0,00424157
0,848;0,00442148
0,85;0,00455816
0,852;0,00465104
0,854;0,00469971
0,856;0,00470391
0,858;0,00466353
0,86;0,00457861
0,862;0,00444935
0,864;0,00427611
0,866;0,00405939
0,868;0,00379985
0,87;0,0034983
0,872;0,0031557
0,874;0,00277314
0,876;0,00235187
0,878;0,00189326
0,88;0,00139882
0,882;0,000870197
0,884;0,000309145
0,886;0,000282461
0,888;0,000902633
0,89;0,00154928
0,892;0,00222023
0,894;0,00291319
0,896;0,00362582
0,898;0,00435568
0,9;0,00510028
0,902;0,00585707
0,904;0,00662346
0,906;0,00739681
0,908;0,00817445
0,91;0,00895369
0,912;0,00973184
0,914;0,0105062
0,916;0,0112741
0,918;0,0120328
0,92;0,0127797
0,922;0,0135122
0,924;0,0142276
0,926;0,0149236
0,928;0,0155976
0,93;0,0162473
0,932;0,0168703
0,934;0,0174644
0,936;0,0180275
0,938;0,0185577
0,94;0,0190529
0,942;0,0195114
0,944;0,0199315
0,946;0,0203117
0,948;0,0206506
0,95;0,0209469
0,952;0,0211995
0,954;0,0214074
0,956;0,0215699
0,958;0,0216862
0,96;0,0217559
0,962;0,0217786
0,964;0,0217541
0,966;0,0216824
0,968;0,0215637
0,97;0,0213983
0,972;0,0211866
0,974;0,0209293
0,976;0,0206272
0,978;0,0202812
0,98;0,0198925
0,982;0,0194622
0,984;0,0189919
0,986;0,0184829
0,988;0,0179372
0,99;0,0173563
0,992;0,0167424
0,994;0,0160973
0,996;0,0154234
0,998;0,0147228
1;0,013998
1,002;0,0132514
1,004;0,0124856
1,006;0,0117031
1,008;0,0109067
1,01;0,0100991
1,012;0,00928297
1,014;0,00846123
1,016;0,0076367
1,018;0,00681221
1,02;0,00599063
1,022;0,00517482
1,024;0,00436761
1,026;0,00357183
1,028;0,00279025
1,03;0,00202561
1,032;0,0012806
1,034;0,00055785
1,036;0,000140093
1,038;0,000810755
1,04;0,00145175
1,042;0,0020608
1,044;0,00263572
1,046;0,00317445
1,048;0,00367503
1,05;0,00413566
1,052;0,00455465
1,054;0,00493046
1,056;0,00526169
1,058;0,00554711
1,06;0,00578562
1,062;0,0059763
1,064;0,00611838
1,066;0,00621128
1,068;0,00625455
1,07;0,00624795
1,072;0,00619139
1,074;0,00608496
1,076;0,00592893
1,078;0,00572373
1,08;0,00546996
1,082;0,0051684
1,084;0,00482
1,086;0,00442586
1,088;0,00398726
1,09;0,00350561
1,092;0,0029825
1,094;0,00241965
1,096;0,00181892
1,098;0,00118232
1,1;0,000511985
1,102;0,000189842
1,104;0,000920793
1,106;0,00167839
1,108;0,00246008
1,11;0,00326319
1,112;0,00408498
1,114;0,00492265
1,116;0,00577332
1,118;0,00663408
1,12;0,00750197
1,122;0,00837398
1,124;0,0092471
1,126;0,0101183
1,128;0,0109846
1,13;0,0118429
1,132;0,0126903
1,134;0,0135238
1,136;0,0143405
1,138;0,0151375
1,14;0,015912
1,142;0,0166612
1,144;0,0173826
1,146;0,0180736
1,148;0,0187317
1,15;0,0193545
1,152;0,0199398
1,154;0,0204855
1,156;0,0209897
1,158;0,0214505
1,16;0,0218661
1,162;0,0222352
1,164;0,0225562
1,166;0,022828
1,168;0,0230495
1,17;0,0232199
1,172;0,0233385
1,174;0,0234046
1,176;0,0234181
1,178;0,0233787
1,18;0,0232864
1,182;0,0231415
1,184;0,0229443
1,186;0,0226955
1,188;0,0223958
1,19;0,022046
1,192;0,0216474
1,194;0,0212011
1,196;0,0207087
1,198;0,0201718
1,2;0,019592
1,202;0,0189714
1,204;0,018312
1,206;0,0176159
1,208;0,0168856
1,21;0,0161235
1,212;0,0153321
1,214;0,0145142
1,216;0,0136725
1,218;0,01281
1,22;0,0119294
1,222;0,0110339
1,224;0,0101265
1,226;0,00921036
1,228;0,00828862
1,23;0,00736446
1,232;0,00644109
1,234;0,0055217
1,236;0,00460949
1,238;0,00370764
1,24;0,0028193
1,242;0,00194757
1,244;0,00109552
1,246;0,000266135
1,248;0,000537658
1,25;0,00131302
1,252;0,00205719
1,254;0,00276754
1,256;0,00344153
1,258;0,00407674
1,26;0,00467088
1,262;0,00522182
1,264;0,00572755
1,266;0,00618621
1,268;0,00659613
1,27;0,00695577
1,272;0,00726377
1,274;0,00751897
1,276;0,00772037
1,278;0,00786714
1,28;0,00795867
1,282;0,00799453
1,284;0,00797446
1,286;0,00789841
1,288;0,00776654
1,29;0,00757919
1,292;0,00733687
1,294;0,00704031
1,296;0,00669044
1,298;0,00628834
1,3;0,00583529
1,302;0,00533277
1,304;0,00478241
1,306;0,004186
1,308;0,00354553
1,31;0,00286312
1,312;0,00214104
1,314;0,00138172
1,316;0,000587696
1,318;0,000238339
1,32;0,00109359
1,322;0,00197517
1,324;0,00288006
1,326;0,00380518
1,328;0,00474737
1,33;0,00570339
1,332;0,00666997
1,334;0,00764377
1,336;0,00862143
1,338;0,00959958
1,34;0,0105748
1,342;0,0115438
1,344;0,012503
1,346;0,0134493
1,348;0,0143792
1,35;0,0152896
1,352;0,0161772
1,354;0,0170389
1,356;0,0178716
1,358;0,0186724
1,36;0,0194386
1,362;0,0201672
1,364;0,0208557
1,366;0,0215018
1,368;0,0221029
1,37;0,022657
1,372;0,023162
1,374;0,0236161
1,376;0,0240175
1,378;0,0243648
1,38;0,0246567
1,382;0,0248921
1,384;0,0250699
1,386;0,0251894
1,388;0,0252502
1,39;0,0252519
1,392;0,0251943
1,394;0,0250776
1,396;0,0249019
1,398;0,0246678
1,4;0,024376
1,402;0,0240274
1,404;0,0236229
1,406;0,0231641
1,408;0,0226522
1,41;0,022089
1,412;0,0214763
1,414;0,0208161
1,416;0,0201106
1,418;0,0193622
1,42;0,0185734
1,422;0,0177468
1,424;0,0168852
1,426;0,0159915
1,428;0,0150687
1,43;0,01412
1,432;0,0131486
1,434;0,0121579
1,436;0,0111511
1,438;0,0101319
1,44;0,00910361
1,442;0,00806988
1,444;0,00703425
1,446;0,00600031
1,448;0,00497165
1,45;0,00395184
1,452;0,00294444
1,454;0,00195297
1,456;0,000980902
1,458;3,16408e-05
1,46;0,000891471
1,462;0,00178518
1,464;0,00264632
1,466;0,00347184
1,468;0,0042588
1,47;0,00500439
1,472;0,00570594
1,474;0,00636092
1,476;0,00696696
1,478;0,00752186
1,48;0,00802358
1,482;0,00847028
1,484;0,00886028
1,486;0,00919211
1,488;0,00946449
1,49;0,00967637
1,492;0,00982687
1,494;0,00991534
1,496;0,00994134
1,498;0,00990464
1,5;0,00980525
1,502;0,00964337
1,504;0,00941944
1,506;0,00913408
1,508;0,00878817
1,51;0,00838277
1,512;0,00791916
1,514;0,00739882
1,516;0,00682344
1,518;0,00619489
1,52;0,00551525
1,522;0,00478675
1,524;0,00401181
1,526;0,00319303
1,528;0,00233316
1,53;0,00143507
1,532;0,00050181
1,534;0,000463465
1,536;0,00145748
1,538;0,00247684
1,54;0,00351808
1,542;0,00457763
1,544;0,00565185
1,546;0,00673705
1,548;0,0078295
1,55;0,00892542
1,552;0,010021
1,554;0,0111125
1,556;0,0121961
1,558;0,013268
1,56;0,0143244
1,562;0,0153618
1,564;0,0163764
1,566;0,0173646
1,568;0,0183231
1,57;0,0192484
1,572;0,0201372
1,574;0,0209863
1,576;0,0217929
1,578;0,0225538
1,58;0,0232665
1,582;0,0239284
1,584;0,0245369
1,586;0,0250901
1,588;0,0255856
1,59;0,0260219
1,592;0,0263971
1,594;0,0267099
1,596;0,0269591
1,598;0,0271436
1,6;0,0272628
1,602;0,0273159
1,604;0,0273027
1,606;0,0272232
1,608;0,0270774
1,61;0,0268657
1,612;0,0265887
1,614;0,0262472
1,616;0,0258422
1,618;0,0253751
1,62;0,0248474
1,622;0,0242606
1,624;0,0236168
1,626;0,022918
1,628;0,0221666
1,63;0,021365
1,632;0,0205159
1,634;0,0196222
1,636;0,0186868
1,638;0,0177129
1,64;0,0167038
1,642;0,015663
1,644;0,0145939
1,646;0,0135002
1,648;0,0123857
1,65;0,0112542
1,652;0,0101095
1,654;0,00895556
1,656;0,00779643
1,658;0,00663609
1,66;0,00547856
1,662;0,00432784
1,664;0,00318795
1,666;0,00206287
1,668;0,000956513
1,67;0,000127233
1,672;0,00118457
1,674;0,00221176
1,676;0,0032052
1,678;0,00416136
1,68;0,00507685
1,682;0,00594841
1,684;0,00677292
1,686;0,00754743
1,688;0,00826914
1,69;0,00893545
1,692;0,00954391
1,694;0,0100923
1,696;0,0105786
1,698;0,011001
1,7;0,0113578
1,702;0,0116478
1,704;0,0118697
1,706;0,0120226
1,708;0,0121059
1,71;0,0121192
1,712;0,0120621
1,714;0,0119349
1,716;0,0117377
1,718;0,0114711
1,72;0,0111359
1,722;0,0107331
1,724;0,010264
1,726;0,00972997
1,728;0,00913279
1,73;0,0084744
1,732;0,00775694
1,734;0,00698278
1,736;0,00615447
1,738;0,00527478
1,74;0,00434664
1,742;0,00337317
1,744;0,00235764
1,746;0,00130349
1,748;0,000214285
1,75;0,00090627
1,752;0,00205436
1,754;0,00322606
1,756;0,00441736
1,758;0,00562417
1,76;0,00684234
1,762;0,00806768
1,764;0,00929594
1,766;0,0105229
1,768;0,0117443
1,77;0,0129558
1,772;0,0141533
1,774;0,0153326
1,776;0,0164895
1,778;0,01762
1,78;0,0187201
1,782;0,019786
1,784;0,0208138
1,786;0,0218
1,788;0,0227409
1,79;0,0236333
1,792;0,024474
1,794;0,0252599
1,796;0,0259882
1,798;0,0266563
1,8;0,0272616
1,802;0,027802
1,804;0,0282755
1,806;0,0286803
1,808;0,0290147
1,81;0,0292776
1,812;0,0294679
1,814;0,0295846
1,816;0,0296274
1,818;0,0295958
1,82;0,0294898
1,822;0,0293097
1,824;0,0290558
1,826;0,028729
1,828;0,0283301
1,83;0,0278605
1,832;0,0273216
1,834;0,0267151
1,836;0,026043
1,838;0,0253074
1,84;0,0245108
1,842;0,0236559
1,844;0,0227454
1,846;0,0217824
1,848;0,0207701
1,85;0,0197119
1,852;0,0186114
1,854;0,0174724
1,856;0,0162986
1,858;0,0150941
1,86;0,013863
1,862;0,0126094
1,864;0,0113378
1,866;0,0100525
1,868;0,00875781
1,87;0,00745831
1,872;0,00615847
1,874;0,0048628
1,876;0,00357578
1,878;0,00230191
1,88;0,00104563
1,882;0,00018868
1,884;0,00139668
1,886;0,00257413
1,888;0,00371689
1,89;0,00482091
1,892;0,00588229
1,894;0,00689727
1,896;0,00786221
1,898;0,00877367
1,9;0,00962837
1,902;0,0104232
1,904;0,0111554
1,906;0,0118221
1,908;0,012421
1,91;0,0129499
1,912;0,0134067
1,914;0,0137897
1,916;0,0140974
1,918;0,0143286
1,92;0,0144824
1,922;0,014558
1,924;0,014555
1,926;0,0144733
1,928;0,0143129
1,93;0,0140743
1,932;0,0137581
1,934;0,0133653
1,936;0,012897
1,938;0,0123547
1,94;0,0117401
1,942;0,0110552
1,944;0,0103023
1,946;0,00948377
1,948;0,00860233
1,95;0,0076609
1,952;0,00666262
1,954;0,00561083
1,956;0,00450906
1,958;0,00336102
1,96;0,0021706
1,962;0,000941833
1,964;0,000321107
1,966;0,00161391
1,968;0,00293216
1,97;0,00427135
1,972;0,00562687
1,974;0,00699406
1,976;0,0083682
1,978;0,00974455
1,98;0,0111183
1,982;0,0124848
1,984;0,0138392
1,986;0,0151767
1,988;0,0164929
1,99;0,0177829
1,992;0,0190423
1,994;0,0202666
1,996;0,0214516
1,998;0,0225931
2;0,0236869
2,002;0,0247293
2,004;0,0257164
2,006;0,0266448
2,008;0,0275111
2,01;0,0283121
2,012;0,029045
2,014;0,029707
2,016;0,0302957
2,018;0,030809
2,02;0,0312448
2,022;0,0316015
2,024;0,0318778
2,026;0,0320724
2,028;0,0321845
2,03;0,0322135
2,032;0,0321592
2,034;0,0320216
2,036;0,031801
2,038;0,031498
2,04;0,0311134
2,042;0,0306484
2,044;0,0301045
2,046;0,0294833
2,048;0,0287869
2,05;0,0280174
2,052;0,0271775
2,054;0,0262699
2,056;0,0252975
2,058;0,0242637
2,06;0,0231718
2,062;0,0220255
2,064;0,0208288
2,066;0,0195855
2,068;0,0183
2,07;0,0169766
2,072;0,0156198
2,074;0,0142342
2,076;0,0128247
2,078;0,0113959
2,08;0,00995288
2,082;0,00850056
2,084;0,00704395
2,086;0,0055881
2,088;0,00413806
2,09;0,00269886
2,092;0,00127552
2,094;0,00012699
2,096;0,00150377
2,098;0,00284999
2,1;0,00416092
2,102;0,00543194
2,104;0,00665855
2,106;0,00783641
2,108;0,00896134
2,11;0,0100293
2,112;0,0110365
2,114;0,0119793
2,116;0,0128543
2,118;0,0136583
2,12;0,0143884
2,122;0,0150419
2,124;0,0156164
2,126;0,0161097
2,128;0,0165199
2,13;0,0168454
2,132;0,0170849
2,134;0,0172374
2,136;0,0173022
2,138;0,0172789
2,14;0,0171674
2,142;0,0169678
2,144;0,0166807
2,146;0,0163068
2,148;0,0158474
2,15;0,0153037
2,152;0,0146775
2,154;0,0139709
2,156;0,013186
2,158;0,0123254
2,16;0,011392
2,162;0,0103889
2,164;0,00931927
2,166;0,00818679
2,168;0,00699523
2,17;0,0057486
2,172;0,00445109
2,174;0,00310709
2,176;0,00172118
2,178;0,000298056
2,18;0,00115742
2,182;0,00264027
2,184;0,00414542
2,186;0,00566769
2,188;0,00720185
2,19;0,0087426
2,192;0,0102846
2,194;0,0118225
2,196;0,013351
2,198;0,0148648
2,2;0,0163586
2,202;0,0178271
2,204;0,0192652
2,206;0,0206679
2,208;0,0220303
2,21;0,0233474
2,212;0,0246147
2,214;0,0258277
2,216;0,026982
2,218;0,0280735
2,22;0,0290983
2,222;0,0300526
2,224;0,0309332
2,226;0,0317366
2,228;0,0324601
2,23;0,0331008
2,232;0,0336564
2,234;0,0341249
2,236;0,0345043
2,238;0,0347932
2,24;0,0349904
2,242;0,0350949
2,244;0,0351064
2,246;0,0350244
2,248;0,0348491
2,25;0,034581
2,252;0,0342206
2,254;0,0337692
2,256;0,033228
2,258;0,0325987
2,26;0,0318834
2,262;0,0310843
2,264;0,030204
2,266;0,0292454
2,268;0,0282117
2,27;0,0271062
2,272;0,0259327
2,274;0,0246951
2,276;0,0233975
2,278;0,0220444
2,28;0,0206402
2,282;0,0191897
2,284;0,0176979
2,286;0,0161699
2,288;0,0146108
2,29;0,013026
2,292;0,011421
2,294;0,00980128
2,296;0,00817237
2,298;0,00653995
2,3;0,00490966
2,302;0,00328715
2,304;0,00167807
2,306;8,80222e-05
2,308;0,00147744
2,31;0,00301283
2,312;0,00451277
2,314;0,00597198
2,316;0,00738532
2,318;0,00874778
2,32;0,0100545
2,322;0,011301
2,324;0,0124826
2,326;0,0135951
2,328;0,0146347
2,33;0,0155974
2,332;0,0164798
2,334;0,0172787
2,336;0,0179911
2,338;0,0186144
2,34;0,0191462
2,342;0,0195845
2,344;0,0199275
2,346;0,0201739
2,348;0,0203226
2,35;0,0203729
2,352;0,0203244
2,354;0,020177
2,356;0,0199311
2,358;0,0195873
2,36;0,0191466
2,362;0,0186102
2,364;0,01798
2,366;0,0172577
2,368;0,0164458
2,37;0,0155469
2,372;0,0145639
2,374;0,0135
2,376;0,0123588
2,378;0,011144
2,38;0,00985969
2,382;0,00851018
2,384;0,0071
2,386;0,00563391
2,388;0,00411689
2,39;0,00255407
2,392;0,000950775
2,394;0,000687518
2,396;0,00235521
2,398;0,00404657
2,4;0,0057558
2,402;0,00747701
2,404;0,00920425
2,406;0,0109316
2,408;0,0126529
2,41;0,0143624
2,412;0,016054
2,414;0,0177219
2,416;0,0193601
2,418;0,020963
2,42;0,022525
2,422;0,0240405
2,424;0,0255041
2,426;0,0269108
2,428;0,0282554
2,43;0,0295333
2,432;0,0307398
2,434;0,0318705
2,436;0,0329215
2,438;0,0338889
2,44;0,0347691
2,442;0,035559
2,444;0,0362556
2,446;0,0368563
2,448;0,0373587
2,45;0,037761
2,452;0,0380615
2,454;0,0382591
2,456;0,0383527
2,458;0,0383418
2,46;0,0382262
2,462;0,0380062
2,464;0,0376823
2,466;0,0372553
2,468;0,0367265
2,47;0,0360976
2,472;0,0353704
2,474;0,0345474
2,476;0,0336312
2,478;0,0326246
2,48;0,0315312
2,482;0,0303543
2,484;0,0290981
2,486;0,0277665
2,488;0,0263641
2,49;0,0248957
2,492;0,0233661
2,494;0,0217804
2,496;0,0201442
2,498;0,018463
2,5;0,0167424
2,502;0,0149885
2,504;0,0132071
2,506;0,0114044
2,508;0,00958656
2,51;0,00775994
2,512;0,0059308
2,514;0,00410548
2,516;0,00229033
2,518;0,000491641
2,52;0,0012843
2,522;0,0030313
2,524;0,00474323
2,526;0,00641408
2,528;0,00803798
2,53;0,00960919
2,532;0,0111222
2,534;0,0125715
2,536;0,0139521
2,538;0,015259
2,54;0,0164875
2,542;0,0176331
2,544;0,0186918
2,546;0,0196597
2,548;0,0205332
2,55;0,0213091
2,552;0,0219845
2,554;0,0225568
2,556;0,0230239
2,558;0,0233838
2,56;0,0236352
2,562;0,023777
2,564;0,0238083
2,566;0,0237288
2,568;0,0235386
2,57;0,0232382
2,572;0,0228282
2,574;0,02231
2,576;0,021685
2,578;0,0209553
2,58;0,020123
2,582;0,019191
2,584;0,0181621
2,586;0,0170398
2,588;0,0158277
2,59;0,0145299
2,592;0,0131507
2,594;0,0116947
2,596;0,0101667
2,598;0,00857194
2,6;0,00691578
2,602;0,00520383
2,604;0,0034419
2,606;0,00163599
2,608;0,000207718
2,61;0,00208293
2,612;0,0039832
2,614;0,005902
2,616;0,00783272
2,618;0,00976869
2,62;0,0117032
2,622;0,0136296
2,624;0,0155411
2,626;0,0174311
2,628;0,0192929
2,63;0,0211202
2,632;0,0229064
2,634;0,0246453
2,636;0,0263308
2,638;0,0279568
2,64;0,0295177
2,642;0,0310079
2,644;0,0324221
2,646;0,0337551
2,648;0,0350023
2,65;0,0361591
2,652;0,0372213
2,654;0,0381849
2,656;0,0390466
2,658;0,039803
2,66;0,0404513
2,662;0,0409891
2,664;0,0414142
2,666;0,0417249
2,668;0,04192
2,67;0,0419984
2,672;0,0419596
2,674;0,0418036
2,676;0,0415306
2,678;0,0411414
2,68;0,040637
2,682;0,0400189
2,684;0,0392891
2,686;0,0384498
2,688;0,0375037
2,69;0,0364538
2,692;0,0353036
2,694;0,0340569
2,696;0,0327177
2,698;0,0312905
2,7;0,0297801
2,702;0,0281915
2,704;0,0265301
2,706;0,0248014
2,708;0,0230114
2,71;0,021166
2,712;0,0192717
2,714;0,0173347
2,716;0,0153619
2,718;0,0133598
2,72;0,0113354
2,722;0,00929575
2,724;0,00724777
2,726;0,00519857
2,728;0,00315527
2,73;0,00112496
2,732;0,000885301
2,734;0,0028685
2,736;0,00481769
2,738;0,00672607
2,74;0,00858691
2,742;0,0103937
2,744;0,01214
2,746;0,0138196
2,748;0,0154267
2,75;0,0169554
2,752;0,0184003
2,754;0,0197562
2,756;0,0210182
2,758;0,0221818
2,76;0,0232427
2,762;0,024197
2,764;0,0250411
2,766;0,025772
2,768;0,0263868
2,77;0,0268832
2,772;0,0272591
2,774;0,027513
2,776;0,0276439
2,778;0,0276508
2,78;0,0275337
2,782;0,0272926
2,784;0,0269281
2,786;0,0264411
2,788;0,0258332
2,79;0,0251061
2,792;0,0242622
2,794;0,0233041
2,796;0,0222348
2,798;0,0210579
2,8;0,0197772
2,802;0,018397
2,804;0,0169217
2,806;0,0153563
2,808;0,0137061
2,81;0,0119766
2,812;0,0101735
2,814;0,00830309
2,816;0,0063716
2,818;0,00438562
2,82;0,00235191
2,822;0,00027742
2,824;0,00183074
2,826;0,00396533
2,828;0,00611901
2,83;0,00828436
2,832;0,0104539
2,834;0,0126201
2,836;0,0147755
2,838;0,0169125
2,84;0,0190237
2,842;0,0211018
2,844;0,0231394
2,846;0,0251295
2,848;0,027065
2,85;0,028939
2,852;0,030745
2,854;0,0324766
2,856;0,0341276
2,858;0,035692
2,86;0,0371644
2,862;0,0385393
2,864;0,0398119
2,866;0,0409774
2,868;0,0420317
2,87;0,0429708
2,872;0,0437912
2,874;0,0444898
2,876;0,045064
2,878;0,0455114
2,88;0,0458303
2,882;0,0460194
2,884;0,0460775
2,886;0,0460043
2,888;0,0457998
2,89;0,0454644
2,892;0,0449989
2,894;0,0444047
2,896;0,0436836
2,898;0,0428378
2,9;0,04187
2,902;0,0407832
2,904;0,0395811
2,906;0,0382674
2,908;0,0368466
2,91;0,0353232
2,912;0,0337025
2,914;0,0319897
2,916;0,0301907
2,918;0,0283115
2,92;0,0263584
2,922;0,024338
2,924;0,0222572
2,926;0,0201232
2,928;0,0179431
2,93;0,0157244
2,932;0,0134748
2,934;0,0112019
2,936;0,00891365
2,938;0,00661789
2,94;0,00432258
2,942;0,00203567
2,944;0,000234889
2,946;0,00248119
2,948;0,00469541
2,95;0,00686978
2,952;0,00899669
2,954;0,0110687
2,956;0,0130784
2,958;0,0150188
2,96;0,016883
2,962;0,0186644
2,964;0,0203566
2,966;0,0219535
2,968;0,0234494
2,97;0,024839
2,972;0,0261171
2,974;0,0272792
2,976;0,0283208
2,978;0,0292383
2,98;0,030028
2,982;0,030687
2,984;0,0312128
2,986;0,0316032
2,988;0,0318566
2,99;0,0319719
2,992;0,0319482
2,994;0,0317855
2,996;0,0314839
2,998;0,0310443
3;0,0304678
3,002;0,0297562
3,004;0,0289116
3,006;0,0279368
3,008;0,0268347
3,01;0,0256089
3,012;0,0242635
3,014;0,0228028
3,016;0,0212316
3,018;0,0195553
3,02;0,0177792
3,022;0,0159095
3,024;0,0139523
3,026;0,0119143
3,028;0,00980236
3,03;0,00762365
3,032;0,00538559
3,034;0,00309579
3,036;0,000762093
3,038;0,00160751
3,04;0,00400488
3,042;0,00642176
3,044;0,00884982
3,046;0,0112807
3,048;0,0137059
3,05;0,016117
3,052;0,0185057
3,054;0,0208637
3,056;0,0231826
3,058;0,0254544
3,06;0,0276711
3,062;0,0298248
3,064;0,0319081
3,066;0,0339135
3,068;0,0358338
3,07;0,0376623
3,072;0,0393925
3,074;0,041018
3,076;0,0425331
3,078;0,0439323
3,08;0,0452105
3,082;0,0463629
3,084;0,0473853
3,086;0,048274
3,088;0,0490255
3,09;0,0496369
3,092;0,0501058
3,094;0,0504303
3,096;0,050609
3,098;0,0506408
3,1;0,0505255
3,102;0,0502631
3,104;0,0498541
3,106;0,0492997
3,108;0,0486016
3,11;0,0477617
3,112;0,0467827
3,114;0,0456678
3,116;0,0444205
3,118;0,0430447
3,12;0,0415452
3,122;0,0399266
3,124;0,0381945
3,126;0,0363546
3,128;0,034413
3,13;0,0323763
3,132;0,0302512
3,134;0,028045
3,136;0,0257652
3,138;0,0234195
3,14;0,0210159
3,142;0,0185626
3,144;0,016068
3,146;0,0135406
3,148;0,0109892
3,15;0,00842253
3,152;0,00584948
3,154;0,00327894
3,156;0,000719842
3,158;0,00181893
3,16;0,00432852
3,162;0,00680019
3,164;0,00922526
3,166;0,0115952
3,168;0,0139018
3,17;0,0161368
3,172;0,0182924
3,174;0,0203608
3,176;0,0223348
3,178;0,0242073
3,18;0,0259716
3,182;0,0276213
3,184;0,0291505
3,186;0,0305536
3,188;0,0318255
3,19;0,0329616
3,192;0,0339575
3,194;0,0348095
3,196;0,0355143
3,198;0,0360693
3,2;0,0364722
3,202;0,0367211
3,204;0,0368151
3,206;0,0367533
3,208;0,0365357
3,21;0,0361626
3,212;0,0356352
3,214;0,0349548
3,216;0,0341234
3,218;0,0331438
3,22;0,0320188
3,222;0,0307522
3,224;0,029348
3,226;0,0278107
3,228;0,0261455
3,23;0,0243578
3,232;0,0224536
3,234;0,0204392
3,236;0,0183213
3,238;0,0161072
3,24;0,0138041
3,242;0,0114201
3,244;0,00896306
3,246;0,00644143
3,248;0,00386381
3,25;0,00123902
3,252;0,00142396
3,254;0,00411596
3,256;0,00682773
3,258;0,00954989
3,26;0,012273
3,262;0,0149877
3,264;0,0176845
3,266;0,0203541
3,268;0,0229871
3,27;0,0255742
3,272;0,0281065
3,274;0,0305751
3,276;0,0329712
3,278;0,0352865
3,28;0,0375126
3,282;0,0396417
3,284;0,0416662
3,286;0,0435789
3,288;0,0453729
3,29;0,0470416
3,292;0,0485792
3,294;0,0499799
3,296;0,0512386
3,298;0,0523507
3,3;0,0533119
3,302;0,0541187
3,304;0,0547678
3,306;0,0552568
3,308;0,0555835
3,31;0,0557465
3,312;0,0557449
3,314;0,0555783
3,316;0,055247
3,318;0,0547517
3,32;0,0540939
3,322;0,0532754
3,324;0,0522988
3,326;0,051167
3,328;0,0498838
3,33;0,0484532
3,332;0,0468798
3,334;0,0451688
3,336;0,0433259
3,338;0,0413572
3,34;0,0392691
3,342;0,0370688
3,344;0,0347635
3,346;0,0323611
3,348;0,0298697
3,35;0,0272977
3,352;0,0246538
3,354;0,0219472
3,356;0,0191869
3,358;0,0163826
3,36;0,0135437
3,362;0,0106802
3,364;0,00780173
3,366;0,0049184
3,368;0,00204016
3,37;0,000823015
3,372;0,00366116
3,374;0,00646438
3,376;0,00922289
3,378;0,011927
3,38;0,0145673
3,382;0,0171344
3,384;0,0196193
3,386;0,0220132
3,388;0,0243077
3,39;0,0264944
3,392;0,0285658
3,394;0,0305142
3,396;0,0323327
3,398;0,0340147
3,4;0,0355541
3,402;0,0369452
3,404;0,038183
3,406;0,0392627
3,408;0,0401803
3,41;0,0409324
3,412;0,0415158
3,414;0,0419283
3,416;0,042168
3,418;0,0422338
3,42;0,042125
3,422;0,0418417
3,424;0,0413844
3,426;0,0407544
3,428;0,0399535
3,43;0,0389841
3,432;0,0378492
3,434;0,0365524
3,436;0,0350978
3,438;0,0334902
3,44;0,0317347
3,442;0,0298372
3,444;0,027804
3,446;0,0256417
3,448;0,0233576
3,45;0,0209594
3,452;0,0184552
3,454;0,0158533
3,456;0,0131627
3,458;0,0103924
3,46;0,00755185
3,462;0,0046508
3,464;0,00169915
3,466;0,00129296
3,468;0,00431527
3,47;0,00735734
3,472;0,0104087
3,474;0,0134587
3,476;0,0164969
3,478;0,0195127
3,48;0,0224955
3,482;0,025435
3,484;0,0283209
3,486;0,0311431
3,488;0,0338916
3,49;0,0365567
3,492;0,0391291
3,494;0,0415996
3,496;0,0439594
3,498;0,0462002
3,5;0,0483139
3,502;0,0502929
3,504;0,05213
3,506;0,0538187
3,508;0,0553526
3,51;0,0567262
3,512;0,0579344
3,514;0,0589726
3,516;0,0598369
3,518;0,0605238
3,52;0,0610307
3,522;0,0613554
3,524;0,0614963
3,526;0,0614527
3,528;0,0612242
3,53;0,0608113
3,532;0,0602149
3,534;0,0594368
3,536;0,0584793
3,538;0,0573453
3,54;0,0560384
3,542;0,0545627
3,544;0,052923
3,546;0,0511246
3,548;0,0491735
3,55;0,047076
3,552;0,0448391
3,554;0,0424702
3,556;0,0399774
3,558;0,0373689
3,56;0,0346537
3,562;0,0318407
3,564;0,0289397
3,566;0,0259605
3,568;0,0229131
3,57;0,0198082
3,572;0,0166562
3,574;0,0134681
3,576;0,0102547
3,578;0,00702721
3,58;0,00379677
3,582;0,000574556
3,584;0,00262824
3,586;0,00580047
3,588;0,00893108
3,59;0,0120091
3,592;0,0150238
3,594;0,0179646
3,596;0,020821
3,598;0,0235831
3,6;0,0262411
3,602;0,0287854
3,604;0,0312072
3,606;0,0334976
3,608;0,0356485
3,61;0,0376521
3,612;0,0395012
3,614;0,041189
3,616;0,0427093
3,618;0,0440566
3,62;0,0452256
3,622;0,0462122
3,624;0,0470123
3,626;0,0476229
3,628;0,0480414
3,63;0,048266
3,632;0,0482954
3,634;0,0481292
3,636;0,0477675
3,638;0,0472112
3,64;0,0464617
3,642;0,0455213
3,644;0,0443928
3,646;0,0430797
3,648;0,0415862
3,65;0,039917
3,652;0,0380776
3,654;0,036074
3,656;0,0339128
3,658;0,0316011
3,66;0,0291467
3,662;0,0265576
3,664;0,0238428
3,666;0,0210112
3,668;0,0180724
3,67;0,0150364
3,672;0,0119135
3,674;0,00871441
3,676;0,00544998
3,678;0,00213141
3,68;0,00122992
3,682;0,00462244
3,684;0,00803446
3,686;0,0114542
3,688;0,0148698
3,69;0,0182694
3,692;0,0216412
3,694;0,0249735
3,696;0,0282546
3,698;0,031473
3,7;0,0346175
3,702;0,037677
3,704;0,0406406
3,706;0,043498
3,708;0,046239
3,71;0,0488538
3,712;0,0513331
3,714;0,053668
3,716;0,0558501
3,718;0,0578716
3,72;0,059725
3,722;0,0614037
3,724;0,0629013
3,726;0,0642123
3,728;0,0653319
3,73;0,0662556
3,732;0,0669799
3,734;0,0675018
3,736;0,0678191
3,738;0,0679303
3,74;0,0678345
3,742;0,0675316
3,744;0,0670222
3,746;0,0663077
3,748;0,0653901
3,75;0,0642722
3,752;0,0629573
3,754;0,0614496
3,756;0,059754
3,758;0,0578759
3,76;0,0558215
3,762;0,0535974
3,764;0,0512111
3,766;0,0486704
3,768;0,0459839
3,77;0,0431605
3,772;0,0402098
3,774;0,0371416
3,776;0,0339665
3,778;0,0306951
3,78;0,0273386
3,782;0,0239084
3,784;0,0204163
3,786;0,0168743
3,788;0,0132945
3,79;0,00968929
3,792;0,00607106
3,794;0,00245236
3,796;0,00115429
3,798;0,00473634
3,8;0,00828133
3,802;0,0117769
3,804;0,0152108
3,806;0,018571
3,808;0,0218457
3,81;0,0250234
3,812;0,0280929
3,814;0,0310432
3,816;0,0338639
3,818;0,0365449
3,82;0,0390767
3,822;0,0414502
3,824;0,0436567
3,826;0,0456883
3,828;0,0475376
3,83;0,0491977
3,832;0,0506625
3,834;0,0519266
3,836;0,052985
3,838;0,0538338
3,84;0,0544694
3,842;0,0548893
3,844;0,0550915
3,846;0,0550749
3,848;0,0548391
3,85;0,0543843
3,852;0,0537118
3,854;0,0528233
3,856;0,0517215
3,858;0,0504098
3,86;0,0488923
3,862;0,0471737
3,864;0,0452597
3,866;0,0431564
3,868;0,0408707
3,87;0,0384102
3,872;0,0357829
3,874;0,0329978
3,876;0,030064
3,878;0,0269915
3,88;0,0237905
3,882;0,020472
3,884;0,0170471
3,886;0,0135275
3,888;0,00992528
3,89;0,00625266
3,892;0,00252224
3,894;0,00125316
3,896;0,00506056
3,898;0,00888683
3,9;0,0127187
3,902;0,016543
3,904;0,0203464
3,906;0,0241156
3,908;0,0278375
3,91;0,0314992
3,912;0,0350878
3,914;0,0385907
3,916;0,0419955
3,918;0,0452903
3,92;0,0484634
3,922;0,0515036
3,924;0,0544
3,926;0,0571423
3,928;0,0597206
3,93;0,0621256
3,932;0,0643487
3,934;0,0663818
3,936;0,0682174
3,938;0,0698486
3,94;0,0712695
3,942;0,0724747
3,944;0,0734594
3,946;0,0742199
3,948;0,074753
3,95;0,0750563
3,952;0,0751284
3,954;0,0749685
3,956;0,0745767
3,958;0,0739538
3,96;0,0731014
3,962;0,0720221
3,964;0,0707191
3,966;0,0691964
3,968;0,0674589
3,97;0,0655121
3,972;0,0633624
3,974;0,0610167
3,976;0,0584827
3,978;0,0557689
3,98;0,0528842
3,982;0,0498384
3,984;0,0466415
3,986;0,0433044
3,988;0,0398384
3,99;0,0362551
3,992;0,0325669
3,994;0,0287861
3,996;0,0249257
3,998;0,020999
4;0,0170194
4,002;0,0130006
4,004;0,00895645
4,006;0,0049009
4,008;0,000847983
4,01;0,00318823
4,012;0,00719372
4,014;0,0111545
4,016;0,0150568
4,018;0,018887
4,02;0,0226315
4,022;0,0262774
4,024;0,0298116
4,026;0,0332217
4,028;0,0364956
4,03;0,0396217
4,032;0,0425889
4,034;0,0453865
4,036;0,0480044
4,038;0,0504331
4,04;0,052664
4,042;0,0546887
4,044;0,0564999
4,046;0,0580909
4,048;0,0594555
4,05;0,0605887
4,052;0,0614859
4,054;0,0621436
4,056;0,062559
4,058;0,0627302
4,06;0,062656
4,062;0,0623361
4,064;0,0617711
4,066;0,0609625
4,068;0,0599126
4,07;0,0586245
4,072;0,057102
4,074;0,0553501
4,076;0,0533743
4,078;0,051181
4,08;0,0487773
4,082;0,0461711
4,084;0,0433709
4,086;0,0403862
4,088;0,0372268
4,09;0,0339033
4,092;0,0304269
4,094;0,0268094
4,096;0,0230629
4,098;0,0192001
4,1;0,0152343
4,102;0,0111789
4,104;0,00704786
4,106;0,00285527
4,108;0,00138445
4,11;0,0056567
4,112;0,00994674
4,114;0,0142397
4,116;0,0185208
4,118;0,0227751
4,12;0,0269878
4,122;0,0311442
4,124;0,0352298
4,126;0,0392302
4,128;0,0431315
4,13;0,0469199
4,132;0,0505819
4,134;0,0541048
4,136;0,0574758
4,138;0,0606831
4,14;0,0637151
4,142;0,0665611
4,144;0,0692106
4,146;0,0716541
4,148;0,0738827
4,15;0,0758883
4,152;0,0776633
4,154;0,0792012
4,156;0,080496
4,158;0,0815429
4,16;0,0823376
4,162;0,0828768
4,164;0,0831582
4,166;0,0831801
4,168;0,0829421
4,17;0,0824443
4,172;0,0816879
4,174;0,0806749
4,176;0,0794085
4,178;0,0778923
4,18;0,0761312
4,182;0,0741306
4,184;0,0718971
4,186;0,0694379
4,188;0,066761
4,19;0,0638752
4,192;0,0607901
4,194;0,057516
4,196;0,0540638
4,198;0,0504451
4,2;0,0466721
4,202;0,0427575
4,204;0,0387146
4,206;0,0345572
4,208;0,0302994
4,21;0,0259557
4,212;0,0215411
4,214;0,0170707
4,216;0,0125599
4,218;0,00802413
4,22;0,00347919
4,222;0,00105922
4,224;0,00557535
4,226;0,0100535
4,228;0,0144781
4,23;0,0188336
4,232;0,0231049
4,234;0,0272769
4,236;0,0313349
4,238;0,0352647
4,24;0,0390523
4,242;0,0426844
4,244;0,0461479
4,246;0,0494306
4,248;0,0525206
4,25;0,0554069
4,252;0,058079
4,254;0,0605271
4,256;0,0627423
4,258;0,0647165
4,26;0,0664423
4,262;0,0679131
4,264;0,0691233
4,266;0,0700683
4,268;0,070744
4,27;0,0711477
4,272;0,0712772
4,274;0,0711317
4,276;0,070711
4,278;0,070016
4,28;0,0690485
4,282;0,0678113
4,284;0,0663081
4,286;0,0645435
4,288;0,0625231
4,29;0,0602534
4,292;0,0577416
4,294;0,0549961
4,296;0,0520258
4,298;0,0488405
4,3;0,0454508
4,302;0,041868
4,304;0,0381041
4,306;0,0341719
4,308;0,0300845
4,31;0,0258558
4,312;0,0215001
4,314;0,0170324
4,316;0,0124678
4,318;0,00782193
4,32;0,00311077
4,322;0,00164951
4,324;0,00644251
4,326;0,0112517
4,328;0,0160604
4,33;0,020852
4,332;0,0256098
4,334;0,0303172
4,336;0,0349579
4,338;0,0395156
4,34;0,0439743
4,342;0,0483183
4,344;0,0525324
4,346;0,0566017
4,348;0,0605117
4,35;0,0642486
4,352;0,0677989
4,354;0,0711501
4,356;0,0742901
4,358;0,0772076
4,36;0,0798918
4,362;0,0823332
4,364;0,0845226
4,366;0,0864519
4,368;0,088114
4,37;0,0895024
4,372;0,0906118
4,374;0,0914377
4,376;0,0919767
4,378;0,0922263
4,38;0,0921849
4,382;0,0918522
4,384;0,0912287
4,386;0,0903158
4,388;0,0891162
4,39;0,0876333
4,392;0,0858718
4,394;0,0838372
4,396;0,0815358
4,398;0,0789751
4,4;0,0761635
4,402;0,0731102
4,404;0,0698252
4,406;0,0663193
4,408;0,0626044
4,41;0,0586928
4,412;0,0545977
4,414;0,0503329
4,416;0,0459127
4,418;0,0413523
4,42;0,036667
4,422;0,031873
4,424;0,0269865
4,426;0,0220242
4,428;0,0170034
4,43;0,0119412
4,432;0,00685503
4,434;0,00176256
4,436;0,0033186
4,438;0,00837081
4,44;0,0133765
4,442;0,0183182
4,444;0,0231787
4,446;0,0279409
4,448;0,0325881
4,45;0,0371039
4,452;0,0414725
4,454;0,0456784
4,456;0,0497066
4,458;0,0535427
4,46;0,0571732
4,462;0,0605849
4,464;0,0637656
4,466;0,0667038
4,468;0,0693887
4,47;0,0718104
4,472;0,0739602
4,474;0,0758298
4,476;0,0774122
4,478;0,0787014
4,48;0,0796922
4,482;0,0803806
4,484;0,0807635
4,486;0,080839
4,488;0,0806061
4,49;0,080065
4,492;0,0792169
4,494;0,078064
4,496;0,0766099
4,498;0,0748587
4,5;0,072816
4,502;0,0704882
4,504;0,0678829
4,506;0,0650083
4,508;0,061874
4,51;0,0584902
4,512;0,0548682
4,514;0,0510199
4,516;0,0469583
4,518;0,0426969
4,52;0,0382501
4,522;0,033633
4,524;0,0288611
4,526;0,0239507
4,528;0,0189186
4,53;0,0137818
4,532;0,00855799
4,534;0,0032651
4,536;0,00207868
4,538;0,00745495
4,54;0,0128451
4,542;0,0182306
4,544;0,0235926
4,546;0,0289125
4,548;0,0341718
4,55;0,0393522
4,552;0,0444355
4,554;0,0494039
4,556;0,0542399
4,558;0,0589265
4,56;0,063447
4,562;0,0677856
4,564;0,0719267
4,566;0,0758556
4,568;0,0795581
4,57;0,0830211
4,572;0,0862319
4,574;0,0891789
4,576;0,0918514
4,578;0,0942394
4,58;0,0963341
4,582;0,0981275
4,584;0,0996129
4,586;0,100784
4,588;0,101637
4,59;0,102168
4,592;0,102374
4,594;0,102254
4,596;0,101807
4,598;0,101035
4,6;0,0999389
4,602;0,0985225
4,604;0,0967898
4,606;0,0947462
4,608;0,092398
4,61;0,0897528
4,612;0,0868191
4,614;0,0836064
4,616;0,0801253
4,618;0,0763873
4,62;0,0724049
4,622;0,0681912
4,624;0,0637604
4,626;0,0591274
4,628;0,0543078
4,63;0,049318
4,632;0,0441748
4,634;0,0388958
4,636;0,033499
4,638;0,0280028
4,64;0,0224261
4,642;0,0167881
4,644;0,0111081
4,646;0,00540577
4,648;0,000299179
4,65;0,00598698
4,652;0,0116379
4,654;0,0172322
4,656;0,0227504
4,658;0,0281733
4,66;0,0334817
4,662;0,0386572
4,664;0,0436814
4,666;0,0485365
4,668;0,0532055
4,67;0,0576718
4,672;0,0619193
4,674;0,065933
4,676;0,0696984
4,678;0,0732019
4,68;0,0764308
4,682;0,0793734
4,684;0,0820188
4,686;0,0843572
4,688;0,0863799
4,69;0,0880792
4,692;0,0894485
4,694;0,0904823
4,696;0,0911764
4,698;0,0915276
4,7;0,091534
4,702;0,0911948
4,704;0,0905104
4,706;0,0894825
4,708;0,0881139
4,71;0,0864087
4,712;0,084372
4,714;0,0820102
4,716;0,0793307
4,718;0,0763423
4,72;0,0730545
4,722;0,0694781
4,724;0,065625
4,726;0,0615079
4,728;0,0571405
4,73;0,0525375
4,732;0,0477141
4,734;0,0426868
4,736;0,0374725
4,738;0,0320889
4,74;0,0265543
4,742;0,0208875
4,744;0,015108
4,746;0,00923544
4,748;0,00329008
4,75;0,00270766
4,752;0,0087371
4,754;0,0147774
4,756;0,0208076
4,758;0,0268069
4,76;0,0327543
4,762;0,0386291
4,764;0,0444108
4,766;0,0500792
4,768;0,0556144
4,77;0,0609968
4,772;0,0662076
4,774;0,0712282
4,776;0,076041
4,778;0,0806286
4,78;0,0849748
4,782;0,089064
4,784;0,0928815
4,786;0,0964134
4,788;0,0996468
4,79;0,10257
4,792;0,105172
4,794;0,107444
4,796;0,109376
4,798;0,110961
4,8;0,112193
4,802;0,113068
4,804;0,11358
4,806;0,113728
4,808;0,11351
4,81;0,112927
4,812;0,11198
4,814;0,11067
4,816;0,109002
4,818;0,106981
4,82;0,104613
4,822;0,101906
4,824;0,098868
4,826;0,0955091
4,828;0,0918401
4,83;0,0878732
4,832;0,0836216
4,834;0,0790992
4,836;0,0743213
4,838;0,0693038
4,84;0,0640637
4,842;0,0586185
4,844;0,0529869
4,846;0,0471878
4,848;0,041241
4,85;0,0351669
4,852;0,0289861
4,854;0,02272
4,856;0,0163901
4,858;0,0100181
4,86;0,00362604
4,862;0,00276392
4,864;0,00912964
4,866;0,015449
4,868;0,0217
4,87;0,0278608
4,872;0,03391
4,874;0,0398261
4,876;0,0455886
4,878;0,051177
4,88;0,0565716
4,882;0,0617534
4,884;0,0667038
4,886;0,0714053
4,888;0,075841
4,89;0,0799949
4,892;0,0838521
4,894;0,0873986
4,896;0,0906214
4,898;0,0935086
4,9;0,0960495
4,902;0,0982346
4,904;0,100055
4,906;0,101505
4,908;0,102578
4,91;0,103269
4,912;0,103575
4,914;0,103494
4,916;0,103027
4,918;0,102172
4,92;0,100934
4,922;0,0993145
4,924;0,0973192
4,926;0,0949539
4,928;0,0922261
4,93;0,0891445
4,932;0,085719
4,934;0,0819608
4,936;0,0778821
4,938;0,0734964
4,94;0,0688183
4,942;0,0638634
4,944;0,0586483
4,946;0,0531904
4,948;0,0475082
4,95;0,0416209
4,952;0,0355484
4,954;0,0293115
4,956;0,0229314
4,958;0,0164299
4,96;0,00982925
4,962;0,0031522
4,964;0,00357832
4,966;0,0103391
4,968;0,0171067
4,97;0,0238577
4,972;0,0305687
4,974;0,0372164
4,976;0,0437775
4,978;0,0502291
4,98;0,0565486
4,982;0,0627139
4,984;0,0687032
4,986;0,0744954
4,988;0,08007
4,99;0,0854071
4,992;0,0904879
4,994;0,0952941
4,996;0,0998085
4,998;0,104015
5;0,107898
5,002;0,111443
5,004;0,114638
5,006;0,117471
5,008;0,119931
5,01;0,122008
5,012;0,123696
5,014;0,124986
5,016;0,125874
5,018;0,126356
5,02;0,126429
5,022;0,126093
5,024;0,125347
5,026;0,124192
5,028;0,122634
5,03;0,120675
5,032;0,118322
5,034;0,115582
5,036;0,112463
5,038;0,108977
5,04;0,105133
5,042;0,100946
5,044;0,0964271
5,046;0,091593
5,048;0,0864594
5,05;0,0810433
5,052;0,0753631
5,054;0,0694378
5,056;0,0632873
5,058;0,0569327
5,06;0,0503954
5,062;0,0436978
5,064;0,0368626
5,066;0,0299134
5,068;0,0228739
5,07;0,0157684
5,072;0,00862139
5,074;0,0014575
5,076;0,00569844
5,078;0,0128216
5,08;0,0198872
5,082;0,0268707
5,084;0,0337476
5,086;0,040494
5,088;0,047086
5,09;0,0535006
5,092;0,0597152
5,094;0,0657077
5,096;0,0714569
5,098;0,0769424
5,1;0,0821445
5,102;0,0870447
5,104;0,0916254
5,106;0,0958698
5,108;0,0997627
5,11;0,10329
5,112;0,106438
5,114;0,109196
5,116;0,111552
5,118;0,113499
5,12;0,115028
5,122;0,116134
5,124;0,116811
5,126;0,117056
5,128;0,116867
5,13;0,116245
5,132;0,11519
5,134;0,113705
5,136;0,111795
5,138;0,109465
5,14;0,106722
5,142;0,103574
5,144;0,100033
5,146;0,0961095
5,148;0,0918158
5,15;0,0871664
5,152;0,0821767
5,154;0,0768631
5,156;0,0712434
5,158;0,0653365
5,16;0,0591622
5,162;0,0527414
5,164;0,0460957
5,166;0,0392478
5,168;0,0322209
5,17;0,0250391
5,172;0,0177268
5,174;0,0103092
5,176;0,00281178
5,178;0,00473968
5,18;0,0123191
5,182;0,0199003
5,184;0,0274569
5,186;0,0349628
5,188;0,0423918
5,19;0,0497179
5,192;0,0569156
5,194;0,0639596
5,196;0,0708252
5,198;0,0774882
5,2;0,0839251
5,202;0,0901131
5,204;0,0960301
5,206;0,101655
5,208;0,106968
5,21;0,11195
5,212;0,116582
5,214;0,120849
5,216;0,124734
5,218;0,128223
5,22;0,131304
5,222;0,133964
5,224;0,136193
5,226;0,137984
5,228;0,139328
5,23;0,14022
5,232;0,140657
5,234;0,140635
5,236;0,140154
5,238;0,139214
5,24;0,137818
5,242;0,135969
5,244;0,133674
5,246;0,130938
5,248;0,127771
5,25;0,124183
5,252;0,120184
5,254;0,115789
5,256;0,111011
5,258;0,105867
5,26;0,100373
5,262;0,094547
5,264;0,0884095
5,266;0,0819807
5,268;0,0752823
5,27;0,0683369
5,272;0,0611681
5,274;0,0538002
5,276;0,0462584
5,278;0,0385684
5,28;0,0307565
5,282;0,0228497
5,284;0,0148751
5,286;0,00686016
5,288;0,00116736
5,29;0,00917967
5,292;0,017149
5,294;0,0250475
5,296;0,0328478
5,298;0,0405226
5,3;0,048045
5,302;0,0553886
5,304;0,0625276
5,306;0,0694367
5,308;0,0760916
5,31;0,0824687
5,312;0,0885451
5,314;0,0942993
5,316;0,0997105
5,318;0,104759
5,32;0,109428
5,322;0,113698
5,324;0,117555
5,326;0,120985
5,328;0,123974
5,33;0,126512
5,332;0,128588
5,334;0,130194
5,336;0,131324
5,338;0,131974
5,34;0,132138
5,342;0,131817
5,344;0,13101
5,346;0,129718
5,348;0,127946
5,35;0,125698
5,352;0,122982
5,354;0,119805
5,356;0,116178
5,358;0,112111
5,36;0,10762
5,362;0,102717
5,364;0,0974194
5,366;0,0917446
5,368;0,0857113
5,37;0,0793397
5,372;0,0726512
5,374;0,0656683
5,376;0,0584146
5,378;0,0509146
5,38;0,0431938
5,382;0,0352785
5,384;0,0271958
5,386;0,0189733
5,388;0,0106391
5,39;0,00222201
5,392;0,00624903
5,394;0,0147448
5,396;0,0232358
5,398;0,0316927
5,4;0,040086
5,402;0,0483866
5,404;0,0565654
5,406;0,0645938
5,408;0,0724437
5,41;0,0800876
5,412;0,0874984
5,414;0,0946499
5,416;0,101517
5,418;0,108075
5,42;0,1143
5,422;0,120171
5,424;0,125666
5,426;0,130766
5,428;0,135451
5,43;0,139705
5,432;0,143512
5,434;0,146858
5,436;0,149731
5,438;0,152118
5,44;0,154012
5,442;0,155404
5,444;0,156289
5,446;0,156662
5,448;0,156521
5,45;0,155865
5,452;0,154696
5,454;0,153016
5,456;0,150831
5,458;0,148147
5,46;0,144971
5,462;0,141314
5,464;0,137188
5,466;0,132606
5,468;0,127583
5,47;0,122135
5,472;0,11628
5,474;0,110038
5,476;0,103429
5,478;0,096476
5,48;0,089202
5,482;0,0816315
5,484;0,0737902
5,486;0,0657046
5,488;0,0574023
5,49;0,0489115
5,492;0,0402614
5,494;0,0314816
5,496;0,0226021
5,498;0,0136536
5,5;0,00466705
5,502;0,00432662
5,504;0,0132962
5,506;0,0222105
5,508;0,0310386
5,51;0,0397496
5,512;0,0483131
5,514;0,0566991
5,516;0,0648782
5,518;0,0728215
5,52;0,080501
5,522;0,0878896
5,524;0,0949609
5,526;0,10169
5,528;0,108052
5,53;0,114026
5,532;0,119588
5,534;0,124719
5,536;0,129401
5,538;0,133616
5,54;0,137348
5,542;0,140584
5,544;0,143311
5,546;0,145519
5,548;0,147199
5,55;0,148344
5,552;0,148948
5,554;0,14901
5,556;0,148526
5,558;0,147499
5,56;0,145929
5,562;0,143822
5,564;0,141184
5,566;0,138022
5,568;0,134347
5,57;0,13017
5,572;0,125505
5,574;0,120366
5,576;0,114771
5,578;0,108738
5,58;0,102286
5,582;0,0954379
5,584;0,0882161
5,586;0,0806447
5,588;0,0727493
5,59;0,0645566
5,592;0,0560944
5,594;0,0473913
5,596;0,0384771
5,598;0,0293822
5,6;0,0201378
5,602;0,0107756
5,604;0,00132772
5,606;0,00817318
5,608;0,0176943
5,61;0,0272027
5,612;0,0366653
5,614;0,0460493
5,616;0,055322
5,618;0,064451
5,62;0,0734042
5,622;0,0821504
5,624;0,0906588
5,626;0,0988993
5,628;0,106843
5,63;0,114461
5,632;0,121727
5,634;0,128615
5,636;0,1351
5,638;0,141159
5,64;0,14677
5,642;0,151912
5,644;0,156566
5,646;0,160717
5,648;0,164347
5,65;0,167443
5,652;0,169994
5,654;0,171989
5,656;0,173421
5,658;0,174283
5,66;0,17457
5,662;0,174282
5,664;0,173417
5,666;0,171977
5,668;0,169966
5,67;0,16739
5,672;0,164256
5,674;0,160575
5,676;0,156358
5,678;0,151617
5,68;0,146369
5,682;0,140631
5,684;0,134422
5,686;0,127761
5,688;0,120672
5,69;0,113177
5,692;0,105303
5,694;0,0970745
5,696;0,0885206
5,698;0,0796698
5,7;0,0705522
5,702;0,0611989
5,704;0,0516418
5,706;0,0419135
5,708;0,0320475
5,71;0,0220776
5,712;0,0120382
5,714;0,00196387
5,716;0,00811043
5,718;0,0181498
5,72;0,0281194
5,722;0,0379845
5,724;0,0477107
5,726;0,057264
5,728;0,0666108
5,73;0,0757184
5,732;0,0845546
5,734;0,0930883
5,736;0,101289
5,738;0,109128
5,74;0,116577
5,742;0,12361
5,744;0,130201
5,746;0,136326
5,748;0,141963
5,75;0,147092
5,752;0,151694
5,754;0,155751
5,756;0,159249
5,758;0,162174
5,76;0,164515
5,762;0,166262
5,764;0,167408
5,766;0,167948
5,768;0,167878
5,77;0,167199
5,772;0,165909
5,774;0,164014
5,776;0,161518
5,778;0,158428
5,78;0,154754
5,782;0,150508
5,784;0,145702
5,786;0,140353
5,788;0,134477
5,79;0,128095
5,792;0,121226
5,794;0,113895
5,796;0,106124
5,798;0,0979411
5,8;0,0893726
5,802;0,0804478
5,804;0,0711968
5,806;0,0616509
5,808;0,0518427
5,81;0,0418055
5,812;0,0315737
5,814;0,0211823
5,816;0,0106671
5,818;6,41393e-05
5,82;0,0105899
5,822;0,0212583
5,824;0,031904
5,826;0,0424901
5,828;0,0529798
5,83;0,0633365
5,832;0,073524
5,834;0,0835066
5,836;0,0932493
5,838;0,102718
5,84;0,111879
5,842;0,1207
5,844;0,129149
5,846;0,137197
5,848;0,144815
5,85;0,151976
5,852;0,158653
5,854;0,164823
5,856;0,170463
5,858;0,175552
5,86;0,180072
5,862;0,184005
5,864;0,187337
5,866;0,190056
5,868;0,192149
5,87;0,193609
5,872;0,194429
5,874;0,194605
5,876;0,194136
5,878;0,19302
5,88;0,191262
5,882;0,188865
5,884;0,185836
5,886;0,182185
5,888;0,177923
5,89;0,173063
5,892;0,167621
5,894;0,161615
5,896;0,155064
5,898;0,147989
5,9;0,140415
5,902;0,132366
5,904;0,12387
5,906;0,114954
5,908;0,105649
5,91;0,0959861
5,912;0,0859982
5,914;0,0757191
5,916;0,0651839
5,918;0,0544285
5,92;0,0434897
5,922;0,0324052
5,924;0,021213
5,926;0,00995157
5,928;0,00134004
5,93;0,0126228
5,932;0,0238576
5,934;0,0350054
5,936;0,0460273
5,938;0,0568849
5,94;0,0675402
5,942;0,0779558
5,944;0,088095
5,946;0,0979222
5,948;0,107403
5,95;0,116503
5,952;0,12519
5,954;0,133434
5,956;0,141204
5,958;0,148473
5,96;0,155215
5,962;0,161404
5,964;0,167019
5,966;0,172039
5,968;0,176445
5,97;0,18022
5,972;0,18335
5,974;0,185823
5,976;0,187629
5,978;0,188759
5,98;0,18921
5,982;0,188977
5,984;0,188061
5,986;0,186462
5,988;0,184185
5,99;0,181237
5,992;0,177626
5,994;0,173363
5,996;0,168461
5,998;0,162937
6;0,156808
6,002;0,150094
6,004;0,142817
6,006;0,135001
6,008;0,126672
6,01;0,117858
6,012;0,108588
6,014;0,0988941
6,016;0,0888081
6,018;0,0783644
6,02;0,0675985
6,022;0,056547
6,024;0,0452476
6,026;0,033739
6,028;0,0220606
6,03;0,0102525
6,032;0,00164462
6,034;0,0135897
6,036;0,0255414
6,038;0,0374584
6,04;0,0492992
6,042;0,0610227
6,044;0,0725879
6,046;0,0839545
6,048;0,0950825
6,05;0,105933
6,052;0,116468
6,054;0,126649
6,056;0,136442
6,058;0,145811
6,06;0,154722
6,062;0,163145
6,064;0,171048
6,066;0,178403
6,068;0,185184
6,07;0,191366
6,072;0,196925
6,074;0,201842
6,076;0,206099
6,078;0,209678
6,08;0,212566
6,082;0,214752
6,084;0,216226
6,086;0,216982
6,088;0,217016
6,09;0,216325
6,092;0,214912
6,094;0,212779
6,096;0,209932
6,098;0,206379
6,1;0,202132
6,102;0,197203
6,104;0,191609
6,106;0,185366
6,108;0,178496
6,11;0,17102
6,112;0,162964
6,114;0,154355
6,116;0,14522
6,118;0,13559
6,12;0,125498
6,122;0,114978
6,124;0,104065
6,126;0,0927966
6,128;0,0812105
6,13;0,0693464
6,132;0,0572449
6,134;0,0449474
6,136;0,0324961
6,138;0,0199339
6,14;0,00730408
6,142;0,00534971
6,144;0,0179837
6,146;0,030554
6,148;0,0430169
6,15;0,0553289
6,152;0,0674472
6,154;0,0793292
6,156;0,0909332
6,158;0,102219
6,16;0,113145
6,162;0,123675
6,164;0,13377
6,166;0,143394
6,168;0,152514
6,17;0,161096
6,172;0,16911
6,174;0,176526
6,176;0,183318
6,178;0,18946
6,18;0,19493
6,182;0,199709
6,184;0,203776
6,186;0,207118
6,188;0,209721
6,19;0,211573
6,192;0,212668
6,194;0,213
6,196;0,212566
6,198;0,211366
6,2;0,209402
6,202;0,206679
6,204;0,203207
6,206;0,198994
6,208;0,194053
6,21;0,188402
6,212;0,182057
6,214;0,175039
6,216;0,16737
6,218;0,159077
6,22;0,150187
6,222;0,140729
6,224;0,130734
6,226;0,120236
6,228;0,109272
6,23;0,0978761
6,232;0,0860887
6,234;0,0739495
6,236;0,0614997
6,238;0,0487819
6,24;0,0358395
6,242;0,0227171
6,244;0,00945955
6,246;0,00388732
6,248;0,0172775
6,25;0,0306646
6,252;0,0440022
6,254;0,0572441
6,256;0,070344
6,258;0,0832563
6,26;0,0959358
6,262;0,108338
6,264;0,12042
6,266;0,132138
6,268;0,143451
6,27;0,154319
6,272;0,164704
6,274;0,174568
6,276;0,183877
6,278;0,192596
6,28;0,200694
6,282;0,208143
6,284;0,214914
6,286;0,220982
6,288;0,226326
6,29;0,230925
6,292;0,234761
6,294;0,23782
6,296;0,240089
6,298;0,241559
6,3;0,242224
6,302;0,242078
6,304;0,241121
6,306;0,239354
6,308;0,236782
6,31;0,233412
6,312;0,229254
6,314;0,224321
6,316;0,218627
6,318;0,212192
6,32;0,205036
6,322;0,197182
6,324;0,188656
6,326;0,179487
6,328;0,169703
6,33;0,159339
6,332;0,148429
6,334;0,137009
6,336;0,125118
6,338;0,112796
6,34;0,100085
6,342;0,0870283
6,344;0,0736704
6,346;0,0600569
6,348;0,0462344
6,35;0,0322505
6,352;0,0181532
6,354;0,00399116
6,356;0,0101866
6,358;0,0243311
6,36;0,038393
6,362;0,0523236
6,364;0,0660743
6,366;0,0795969
6,368;0,0928442
6,37;0,10577
6,372;0,118328
6,374;0,130474
6,376;0,142165
6,378;0,153361
6,38;0,16402
6,382;0,174106
6,384;0,18358
6,386;0,192411
6,388;0,200565
6,39;0,208013
6,392;0,214727
6,394;0,220683
6,396;0,225858
6,398;0,230233
6,4;0,233791
6,402;0,236518
6,404;0,238402
6,406;0,239436
6,408;0,239614
6,41;0,238933
6,412;0,237394
6,414;0,235
6,416;0,231759
6,418;0,227678
6,42;0,222772
6,422;0,217054
6,424;0,210544
6,426;0,203261
6,428;0,19523
6,43;0,186477
6,432;0,17703
6,434;0,166922
6,436;0,156184
6,438;0,144854
6,44;0,13297
6,442;0,120571
6,444;0,107699
6,446;0,094398
6,448;0,0807132
6,45;0,066691
6,452;0,0523795
6,454;0,0378276
6,456;0,0230852
6,458;0,00820305
6,46;0,00676756
6,462;0,0217749
6,464;0,0367671
6,466;0,0516921
6,468;0,0664981
6,47;0,0811333
6,472;0,0955468
6,474;0,109688
6,476;0,123508
6,478;0,136957
6,48;0,149988
6,482;0,162556
6,484;0,174615
6,486;0,186122
6,488;0,197038
6,49;0,207321
6,492;0,216937
6,494;0,225849
6,496;0,234025
6,498;0,241436
6,5;0,248054
6,502;0,253854
6,504;0,258816
6,506;0,262918
6,508;0,266147
6,51;0,268487
6,512;0,269931
6,514;0,27047
6,516;0,270101
6,518;0,268822
6,52;0,266638
6,522;0,263553
6,524;0,259576
6,526;0,254719
6,528;0,248996
6,53;0,242427
6,532;0,235031
6,534;0,226834
6,536;0,21786
6,538;0,208141
6,54;0,197707
6,542;0,186595
6,544;0,174839
6,546;0,162481
6,548;0,149562
6,55;0,136125
6,552;0,122215
6,554;0,107881
6,556;0,0931703
6,558;0,0781334
6,56;0,0628219
6,562;0,0472883
6,564;0,0315858
6,566;0,0157687
6,568;0,000108627
6,57;0,0159911
6,572;0,0318238
6,574;0,0475516
6,576;0,0631199
6,578;0,0784742
6,58;0,093561
6,582;0,108327
6,584;0,122721
6,586;0,136692
6,588;0,150191
6,59;0,16317
6,592;0,175582
6,594;0,187384
6,596;0,198533
6,598;0,208989
6,6;0,218715
6,602;0,227675
6,604;0,235837
6,606;0,24317
6,608;0,249648
6,61;0,255245
6,612;0,259942
6,614;0,263719
6,616;0,266561
6,618;0,268458
6,62;0,269399
6,622;0,269381
6,624;0,2684
6,626;0,266458
6,628;0,26356
6,63;0,259714
6,632;0,254931
6,634;0,249226
6,636;0,242616
6,638;0,235123
6,64;0,226771
6,642;0,217586
6,644;0,2076
6,646;0,196844
6,648;0,185354
6,65;0,173169
6,652;0,160329
6,654;0,146878
6,656;0,132861
6,658;0,118325
6,66;0,103319
6,662;0,0878953
6,664;0,0721054
6,666;0,0560036
6,668;0,039645
6,67;0,0230857
6,672;0,00638287
6,674;0,010406
6,676;0,027223
6,678;0,0440097
6,68;0,060708
6,682;0,0772597
6,684;0,0936072
6,686;0,109693
6,688;0,125462
6,69;0,140857
6,692;0,155825
6,694;0,170314
6,696;0,184271
6,698;0,197647
6,7;0,210395
6,702;0,222469
6,704;0,233826
6,706;0,244425
6,708;0,254227
6,71;0,263197
6,712;0,271303
6,714;0,278513
6,716;0,284801
6,718;0,290144
6,72;0,294521
6,722;0,297914
6,724;0,30031
6,726;0,301699
6,728;0,302072
6,73;0,301428
6,732;0,299766
6,734;0,297089
6,736;0,293405
6,738;0,288724
6,74;0,28306
6,742;0,276432
6,744;0,268859
6,746;0,260366
6,748;0,250981
6,75;0,240734
6,752;0,229659
6,754;0,217793
6,756;0,205174
6,758;0,191846
6,76;0,177852
6,762;0,16324
6,764;0,14806
6,766;0,132362
6,768;0,1162
6,77;0,0996285
6,772;0,082705
6,774;0,065487
6,776;0,0480335
6,778;0,0304046
6,78;0,0126609
6,782;0,00513621
6,784;0,0229252
6,786;0,0406444
6,788;0,0582323
6,79;0,0756274
6,792;0,0927693
6,794;0,109598
6,796;0,126054
6,798;0,14208
6,8;0,157619
6,802;0,172617
6,804;0,18702
6,806;0,200778
6,808;0,21384
6,81;0,226161
6,812;0,237695
6,814;0,248402
6,816;0,258242
6,818;0,26718
6,82;0,275182
6,822;0,282219
6,824;0,288265
6,826;0,293296
6,828;0,297292
6,83;0,300238
6,832;0,302122
6,834;0,302933
6,836;0,302668
6,838;0,301325
6,84;0,298906
6,842;0,295418
6,844;0,290869
6,846;0,285274
6,848;0,278651
6,85;0,271018
6,852;0,262402
6,854;0,252829
6,856;0,242331
6,858;0,230943
6,86;0,218701
6,862;0,205646
6,864;0,191823
6,866;0,177277
6,868;0,162057
6,87;0,146214
6,872;0,129802
6,874;0,112877
6,876;0,0954969
6,878;0,0777199
6,88;0,0596073
6,882;0,0412211
6,884;0,0226245
6,886;0,00388153
6,888;0,0149432
6,89;0,0337845
6,892;0,0525772
6,894;0,0712561
6,896;0,089756
6,898;0,108013
6,9;0,125962
6,902;0,143541
6,904;0,160688
6,906;0,177344
6,908;0,193448
6,91;0,208944
6,912;0,223777
6,914;0,237895
6,916;0,251246
6,918;0,263783
6,92;0,27546
6,922;0,286236
6,924;0,296071
6,926;0,304928
6,928;0,312776
6,93;0,319585
6,932;0,325328
6,934;0,329984
6,936;0,333535
6,938;0,335965
6,94;0,337263
6,942;0,337424
6,944;0,336444
6,946;0,334323
6,948;0,331067
6,95;0,326685
6,952;0,321189
6,954;0,314596
6,956;0,306927
6,958;0,298206
6,96;0,288461
6,962;0,277723
6,964;0,266028
6,966;0,253414
6,968;0,239923
6,97;0,2256
6,972;0,210492
6,974;0,194651
6,976;0,178129
6,978;0,160983
6,98;0,14327
6,982;0,125051
6,984;0,106389
6,986;0,0873455
6,988;0,0679872
6,99;0,0483802
6,992;0,028592
6,994;0,0086907
6,996;0,0112549
6,998;0,0311757
7;0,0510027
7,002;0,0706669
7,004;0,0900998
7,006;0,109233
7,008;0,128001
7,01;0,146337
7,012;0,164176
7,014;0,181455
7,016;0,198115
7,018;0,214094
7,02;0,229338
7,022;0,24379
7,024;0,2574
7,026;0,270119
7,028;0,281899
7,03;0,2927
7,032;0,30248
7,034;0,311205
7,036;0,318841
7,038;0,325359
7,04;0,330736
7,042;0,334949
7,044;0,337981
7,046;0,33982
7,048;0,340457
7,05;0,339886
7,052;0,338108
7,054;0,335125
7,056;0,330947
7,058;0,325583
7,06;0,319051
7,062;0,311371
7,064;0,302567
7,066;0,292667
7,068;0,281703
7,07;0,26971
7,072;0,256729
7,074;0,242802
7,076;0,227975
7,078;0,212298
7,08;0,195823
7,082;0,178606
7,084;0,160705
7,086;0,14218
7,088;0,123094
7,09;0,103513
7,092;0,0835028
7,094;0,0631322
7,096;0,0424709
7,098;0,0215901
7,1;0,000561572
7,102;0,020542
7,104;0,0416477
7,106;0,0626824
7,108;0,0835729
7,11;0,104247
7,112;0,124631
7,114;0,144655
7,116;0,164249
7,118;0,183344
7,12;0,201872
7,122;0,219768
7,124;0,236968
7,126;0,253413
7,128;0,269041
7,13;0,283799
7,132;0,297633
7,134;0,310493
7,136;0,322332
7,138;0,333107
7,14;0,342779
7,142;0,351312
7,144;0,358673
7,146;0,364834
7,148;0,369772
7,15;0,373468
7,152;0,375904
7,154;0,377071
7,156;0,376962
7,158;0,375574
7,16;0,372909
7,162;0,368974
7,164;0,36378
7,166;0,357342
7,168;0,34968
7,17;0,340817
7,172;0,330782
7,174;0,319608
7,176;0,30733
7,178;0,293988
7,18;0,279628
7,182;0,264295
7,184;0,248042
7,186;0,230923
7,188;0,212994
7,19;0,194318
7,192;0,174956
7,194;0,154975
7,196;0,134442
7,198;0,113428
7,2;0,0920038
7,202;0,0702433
7,204;0,0482211
7,206;0,0260131
7,208;0,00369577
7,21;0,0186537
7,212;0,0409578
7,214;0,0631393
7,216;0,0851209
7,218;0,106826
7,22;0,128179
7,222;0,149105
7,224;0,16953
7,226;0,189383
7,228;0,208593
7,23;0,227093
7,232;0,244817
7,234;0,261702
7,236;0,277687
7,238;0,292715
7,24;0,306732
7,242;0,319688
7,244;0,331535
7,246;0,342229
7,248;0,351732
7,25;0,360007
7,252;0,367024
7,254;0,372755
7,256;0,377177
7,258;0,380273
7,26;0,38203
7,262;0,382437
7,264;0,381491
7,266;0,379193
7,268;0,375546
7,27;0,370562
7,272;0,364254
7,274;0,356642
7,276;0,347748
7,278;0,337602
7,28;0,326236
7,282;0,313686
7,284;0,299994
7,286;0,285204
7,288;0,269366
7,29;0,252532
7,292;0,234758
7,294;0,216104
7,296;0,196633
7,298;0,176411
7,3;0,155505
7,302;0,133988
7,304;0,111931
7,306;0,0894118
7,308;0,0665059
7,31;0,0432924
7,312;0,019851
7,314;0,0037376
7,316;0,0273918
7,318;0,0510298
7,32;0,0745696
7,322;0,0979294
7,324;0,121028
7,326;0,143784
7,328;0,166119
7,33;0,187954
7,332;0,209212
7,334;0,229818
7,336;0,249701
7,338;0,268788
7,34;0,287012
7,342;0,304309
7,344;0,320615
7,346;0,335874
7,348;0,350028
7,35;0,363028
7,352;0,374826
7,354;0,385377
7,356;0,394644
7,358;0,40259
7,36;0,409186
7,362;0,414405
7,364;0,418228
7,366;0,420637
7,368;0,421621
7,37;0,421174
7,372;0,419294
7,374;0,415986
7,376;0,411256
7,378;0,405118
7,38;0,397592
7,382;0,388699
7,384;0,378468
7,386;0,366932
7,388;0,354127
7,39;0,340096
7,392;0,324884
7,394;0,308541
7,396;0,291123
7,398;0,272686
7,4;0,253293
7,402;0,233009
7,404;0,211901
7,406;0,190043
7,408;0,167508
7,41;0,144371
7,412;0,120714
7,414;0,0966156
7,416;0,0721593
7,418;0,047429
7,42;0,0225097
7,422;0,00251245
7,424;0,027551
7,426;0,0525192
7,428;0,0773302
7,43;0,101898
7,432;0,126136
7,434;0,149961
7,436;0,173288
7,438;0,196037
7,44;0,218125
7,442;0,239477
7,444;0,260015
7,446;0,279668
7,448;0,298365
7,45;0,316039
7,452;0,332627
7,454;0,348069
7,456;0,362308
7,458;0,375294
7,46;0,386979
7,462;0,397318
7,464;0,406274
7,466;0,413812
7,468;0,419904
7,47;0,424525
7,472;0,427655
7,474;0,429281
7,476;0,429395
7,478;0,427992
7,48;0,425073
7,482;0,420647
7,484;0,414725
7,486;0,407324
7,488;0,398467
7,49;0,388181
7,492;0,376499
7,494;0,36346
7,496;0,349104
7,498;0,333478
7,5;0,316636
7,502;0,298631
7,504;0,279524
7,506;0,259379
7,508;0,238264
7,51;0,21625
7,512;0,19341
7,514;0,169823
7,516;0,145569
7,518;0,12073
7,52;0,0953917
7,522;0,06964
7,524;0,0435636
7,526;0,0172523
7,528;0,00920321
7,53;0,0357115
7,532;0,0621809
7,534;0,0885195
7,536;0,114636
7,538;0,140438
7,54;0,165838
7,542;0,190744
7,544;0,215071
7,546;0,238733
7,548;0,261646
7,55;0,283729
7,552;0,304903
7,554;0,325094
7,556;0,34423
7,558;0,362241
7,56;0,379063
7,562;0,394636
7,564;0,408901
7,566;0,421808
7,568;0,433309
7,57;0,44336
7,572;0,451924
7,574;0,458968
7,576;0,464464
7,578;0,468389
7,58;0,470728
7,582;0,471468
7,584;0,470604
7,586;0,468135
7,588;0,464065
7,59;0,458407
7,592;0,451176
7,594;0,442393
7,596;0,432087
7,598;0,420289
7,6;0,407036
7,602;0,392373
7,604;0,376347
7,606;0,35901
7,608;0,34042
7,61;0,320638
7,612;0,299731
7,614;0,277768
7,616;0,254824
7,618;0,230976
7,62;0,206305
7,622;0,180894
7,624;0,15483
7,626;0,128202
7,628;0,101101
7,63;0,07362
7,632;0,0458534
7,634;0,0178969
7,636;0,0101529
7,638;0,0381991
7,64;0,0661445
7,642;0,0938919
7,644;0,121345
7,646;0,148407
7,648;0,174984
7,65;0,200984
7,652;0,226313
7,654;0,250884
7,656;0,274609
7,658;0,297405
7,66;0,31919
7,662;0,339886
7,664;0,359421
7,666;0,377722
7,668;0,394725
7,67;0,410368
7,672;0,424593
7,674;0,437348
7,676;0,448586
7,678;0,458264
7,68;0,466346
7,682;0,472801
7,684;0,477602
7,686;0,480729
7,688;0,482168
7,69;0,481911
7,692;0,479953
7,694;0,4763
7,696;0,470959
7,698;0,463946
7,7;0,455282
7,702;0,444992
7,704;0,43311
7,706;0,419672
7,708;0,404723
7,71;0,38831
7,712;0,370488
7,714;0,351315
7,716;0,330855
7,718;0,309177
7,72;0,286352
7,722;0,262457
7,724;0,237573
7,726;0,211784
7,728;0,185178
7,73;0,157845
7,732;0,129878
7,734;0,101372
7,736;0,0724265
7,738;0,0431397
7,74;0,0136125
7,742;0,0160532
7,744;0,0457548
7,746;0,0753894
7,748;0,104854
7,75;0,134047
7,752;0,162865
7,754;0,191208
7,756;0,218978
7,758;0,246075
7,76;0,272406
7,762;0,297877
7,764;0,322398
7,766;0,345882
7,768;0,368245
7,77;0,389408
7,772;0,409294
7,774;0,427831
7,776;0,444954
7,778;0,460599
7,78;0,474709
7,782;0,487231
7,784;0,49812
7,786;0,507333
7,788;0,514835
7,79;0,520597
7,792;0,524595
7,794;0,52681
7,796;0,527233
7,798;0,525857
7,8;0,522684
7,802;0,51772
7,804;0,510979
7,806;0,50248
7,808;0,49225
7,81;0,480319
7,812;0,466727
7,814;0,451515
7,816;0,434735
7,818;0,416439
7,82;0,39669
7,822;0,375551
7,824;0,353093
7,826;0,329392
7,828;0,304527
7,83;0,278581
7,832;0,251643
7,834;0,223802
7,836;0,195155
7,838;0,165799
7,84;0,135833
7,842;0,105361
7,844;0,074487
7,846;0,0433171
7,848;0,0119588
7,85;0,0194795
7,852;0,0508891
7,854;0,082161
7,856;0,113187
7,858;0,143858
7,86;0,174067
7,862;0,203709
7,864;0,23268
7,866;0,260878
7,868;0,288203
7,87;0,31456
7,872;0,339853
7,874;0,363995
7,876;0,386897
7,878;0,408479
7,88;0,428663
7,882;0,447375
7,884;0,464548
7,886;0,480119
7,888;0,494031
7,89;0,506231
7,892;0,516674
7,894;0,52532
7,896;0,532135
7,898;0,537092
7,9;0,540169
7,902;0,541352
7,904;0,540632
7,906;0,538008
7,908;0,533485
7,91;0,527075
7,912;0,518796
7,914;0,508672
7,916;0,496735
7,918;0,483022
7,92;0,467577
7,922;0,45045
7,924;0,431697
7,926;0,411379
7,928;0,389563
7,93;0,366321
7,932;0,341732
7,934;0,315878
7,936;0,288845
7,938;0,260725
7,94;0,231612
7,942;0,201607
7,944;0,17081
7,946;0,139327
7,948;0,107265
7,95;0,0747355
7,952;0,0418488
7,954;0,00871853
7,956;0,0245409
7,958;0,0578145
7,96;0,0909869
7,962;0,123943
7,964;0,156568
7,966;0,188748
7,968;0,220371
7,97;0,251325
7,972;0,281503
7,974;0,310797
7,976;0,339105
7,978;0,366326
7,98;0,392363
7,982;0,417124
7,984;0,44052
7,986;0,462467
7,988;0,482886
7,99;0,501702
7,992;0,518848
7,994;0,53426
7,996;0,547882
7,998;0,559661
8;0,569553
8,002;0,577521
8,004;0,583531
8,006;0,58756
8,008;0,589589
8,01;0,589606
8,012;0,587608
8,014;0,583597
8,016;0,577583
8,018;0,569581
8,02;0,559616
8,022;0,547719
8,024;0,533925
8,026;0,518279
8,028;0,500832
8,03;0,481639
8,032;0,460764
8,034;0,438276
8,036;0,414248
8,038;0,388762
8,04;0,361901
8,042;0,333757
8,044;0,304425
8,046;0,274002
8,048;0,242593
8,05;0,210305
8,052;0,177246
8,054;0,143532
8,056;0,109275
8,058;0,0745955
8,06;0,0396114
8,062;0,00444367
8,064;0,0307862
8,066;0,0659563
8,068;0,100944
8,07;0,135629
8,072;0,169889
8,074;0,203605
8,076;0,236659
8,078;0,268934
8,08;0,300318
8,082;0,3307
8,084;0,359971
8,086;0,388029
8,088;0,414773
8,09;0,440108
8,092;0,463943
8,094;0,486193
8,096;0,506776
8,098;0,525618
8,1;0,542649
8,102;0,557808
8,104;0,571037
8,106;0,582286
8,108;0,591512
8,11;0,598679
8,112;0,603758
8,114;0,606726
8,116;0,607569
8,118;0,606279
8,12;0,602857
8,122;0,597309
8,124;0,58965
8,126;0,579902
8,128;0,568095
8,13;0,554265
8,132;0,538456
8,134;0,520718
8,136;0,501109
8,138;0,479693
8,14;0,45654
8,142;0,431726
8,144;0,405335
8,146;0,377453
8,148;0,348176
8,15;0,317601
8,152;0,285831
8,154;0,252974
8,156;0,219142
8,158;0,18445
8,16;0,149016
8,162;0,112962
8,164;0,0764104
8,166;0,039488
8,168;0,0023217
8,17;0,0349602
8,172;0,0722288
8,174;0,109355
8,176;0,146209
8,178;0,182663
8,18;0,218591
8,182;0,253865
8,184;0,288363
8,186;0,321963
8,188;0,354547
8,19;0,385999
8,192;0,416209
8,194;0,445069
8,196;0,472475
8,198;0,498331
8,2;0,522542
8,202;0,545022
8,204;0,565689
8,206;0,584467
8,208;0,601287
8,21;0,616087
8,212;0,628811
8,214;0,63941
8,216;0,647844
8,218;0,654078
8,22;0,658087
8,222;0,65985
8,224;0,659359
8,226;0,656609
8,228;0,651605
8,23;0,644359
8,232;0,634893
8,234;0,623234
8,236;0,609418
8,238;0,593488
8,24;0,575494
8,242;0,555496
8,244;0,533558
8,246;0,509751
8,248;0,484155
8,25;0,456854
8,252;0,427939
8,254;0,397507
8,256;0,365661
8,258;0,332507
8,26;0,298159
8,262;0,262731
8,264;0,226346
8,266;0,189126
8,268;0,1512
8,27;0,112697
8,272;0,0737497
8,274;0,0344917
8,276;0,00494129
8,278;0,044413
8,28;0,0837867
8,282;0,122926
8,284;0,161694
8,286;0,199956
8,288;0,237578
8,29;0,274428
8,292;0,310377
8,294;0,345299
8,296;0,37907
8,298;0,411571
8,3;0,442686
8,302;0,472304
8,304;0,50032
8,306;0,526633
8,308;0,551148
8,31;0,573777
8,312;0,594436
8,314;0,613051
8,316;0,629552
8,318;0,643877
8,32;0,655972
8,322;0,665791
8,324;0,673295
8,326;0,678452
8,328;0,681239
8,33;0,681643
8,332;0,679657
8,334;0,675281
8,336;0,668528
8,338;0,659413
8,34;0,647966
8,342;0,634219
8,344;0,618216
8,346;0,600007
8,348;0,579651
8,35;0,557214
8,352;0,53277
8,354;0,506398
8,356;0,478185
8,358;0,448227
8,36;0,416623
8,362;0,383478
8,364;0,348905
8,366;0,313021
8,368;0,275947
8,37;0,237808
8,372;0,198736
8,374;0,158863
8,376;0,118326
8,378;0,077264
8,38;0,0358182
8,382;0,0058684
8,384;0,0476519
8,386;0,0893876
8,388;0,130931
8,39;0,172137
8,392;0,212863
8,394;0,252965
8,396;0,292305
8,398;0,330744
8,4;0,368146
8,402;0,40438
8,404;0,439318
8,406;0,472836
8,408;0,504814
8,41;0,535139
8,412;0,563702
8,414;0,5904
8,416;0,615136
8,418;0,637821
8,42;0,658371
8,422;0,676711
8,424;0,692773
8,426;0,706496
8,428;0,717827
8,43;0,726722
8,432;0,733145
8,434;0,737068
8,436;0,738473
8,438;0,737349
8,44;0,733695
8,442;0,727517
8,444;0,718833
8,446;0,707667
8,448;0,694052
8,45;0,67803
8,452;0,659652
8,454;0,638976
8,456;0,616069
8,458;0,591005
8,46;0,563868
8,462;0,534747
8,464;0,503737
8,466;0,470944
8,468;0,436476
8,47;0,40045
8,472;0,362987
8,474;0,324215
8,476;0,284263
8,478;0,24327
8,48;0,201374
8,482;0,158718
8,484;0,11545
8,486;0,0717176
8,488;0,0276715
8,49;0,0165362
8,492;0,0607526
8,494;0,104824
8,496;0,148599
8,498;0,191923
8,5;0,234646
8,502;0,276618
8,504;0,317693
8,506;0,357726
8,508;0,396575
8,51;0,434105
8,512;0,470181
8,514;0,504676
8,516;0,537467
8,518;0,568437
8,52;0,597473
8,522;0,624472
8,524;0,649335
8,526;0,671973
8,528;0,6923
8,53;0,710243
8,532;0,725734
8,534;0,743616
8,536;0,763832
8,538;0,786318
8,54;0,811001
8,542;0,837799
8,544;0,866624
8,546;0,897381
8,548;0,929967
8,55;0,964272
8,552;1,00018
8,554;1,03758
8,556;1,07633
8,558;1,1163
8,56;1,15737
8,562;1,19939
8,564;1,24221
8,566;1,28569
8,568;1,32968
8,57;1,37403
8,572;1,41859
8,574;1,4632
8,576;1,5077
8,578;1,55195
8,58;1,59579
8,582;1,63906
8,584;1,68161
8,586;1,72331
8,588;1,76399
8,59;1,80351
8,592;1,84175
8,594;1,87855
8,596;1,9138
8,598;1,94736
8,6;1,97911
8,602;2,00895
8,604;2,03676
8,606;2,06244
8,608;2,0859
8,61;2,10706
8,612;2,12583
8,614;2,14214
8,616;2,15594
8,618;2,16717
8,62;2,17578
8,622;2,18175
8,624;2,18503
8,626;2,18563
8,628;2,18352
8,63;2,17871
8,632;2,17122
8,634;2,16105
8,636;2,14825
8,638;2,13284
8,64;2,11489
8,642;2,09444
8,644;2,07155
8,646;2,04632
8,648;2,0188
8,65;1,98911
8,652;1,95733
8,654;1,92357
8,656;1,88795
8,658;1,85058
8,66;1,81159
8,662;1,77111
8,664;1,72928
8,666;1,68624
8,668;1,64213
8,67;1,59711
8,672;1,55134
8,674;1,50496
8,676;1,45814
8,678;1,41104
8,68;1,36383
8,682;1,31665
8,684;1,26969
8,686;1,2231
8,688;1,17705
8,69;1,13169
8,692;1,08718
8,694;1,04369
8,696;1,00136
8,698;0,960342
8,7;0,920781
8,702;0,882819
8,704;0,846589
8,706;0,812222
8,708;0,779839
8,71;0,749559
8,712;0,72149
8,714;0,695734
8,716;0,672386
8,718;0,646628
8,72;0,618546
8,722;0,588231
8,724;0,555784
8,726;0,521313
8,728;0,484933
8,73;0,446766
8,732;0,40694
8,734;0,365591
8,736;0,322857
8,738;0,278885
8,74;0,233824
8,742;0,187828
8,744;0,141054
8,746;0,0936632
8,748;0,0458184
8,75;0,00231559
8,752;0,0505725
8,754;0,0987854
8,756;0,146787
8,758;0,19441
8,76;0,241489
8,762;0,28786
8,764;0,33336
8,766;0,37783
8,768;0,421113
8,77;0,463057
8,772;0,503514
8,774;0,542339
8,776;0,579396
8,778;0,614551
8,78;0,647679
8,782;0,678661
8,784;0,707384
8,786;0,733745
8,788;0,757647
8,79;0,779001
8,792;0,797729
8,794;0,813759
8,796;0,827031
8,798;0,837493
8,8;0,845102
8,802;0,849825
8,804;0,851641
8,806;0,850537
8,808;0,84651
8,81;0,839568
8,812;0,829729
8,814;0,817022
8,816;0,801482
8,818;0,78316
8,82;0,762112
8,822;0,738405
8,824;0,712116
8,826;0,683331
8,828;0,652144
8,83;0,618657
8,832;0,582983
8,834;0,54524
8,836;0,505555
8,838;0,46406
8,84;0,420897
8,842;0,376211
8,844;0,330153
8,846;0,282881
8,848;0,234556
8,85;0,185343
8,852;0,13541
8,854;0,0849304
8,856;0,0340765
8,858;0,0169757
8,86;0,0680497
8,862;0,118968
8,864;0,169555
8,866;0,219634
8,868;0,269029
8,87;0,317569
8,872;0,365084
8,874;0,411406
8,876;0,456372
8,878;0,499824
8,88;0,541607
8,882;0,581574
8,884;0,619582
8,886;0,655495
8,888;0,689183
8,89;0,720526
8,892;0,74941
8,894;0,780631
8,896;0,814088
8,898;0,849668
8,9;0,887252
8,902;0,926716
8,904;0,967925
8,906;1,01074
8,908;1,05502
8,91;1,10061
8,912;1,14735
8,914;1,1951
8,916;1,24367
8,918;1,29291
8,92;1,34265
8,922;1,39272
8,924;1,44293
8,926;1,49313
8,928;1,54313
8,93;1,59277
8,932;1,64186
8,934;1,69024
8,936;1,73774
8,938;1,78419
8,94;1,82942
8,942;1,87329
8,944;1,91563
8,946;1,95629
8,948;1,99514
8,95;2,03202
8,952;2,06681
8,954;2,09939
8,956;2,12963
8,958;2,15743
8,96;2,18268
8,962;2,2053
8,964;2,22519
8,966;2,24228
8,968;2,25652
8,97;2,26783
8,972;2,27618
8,974;2,28153
8,976;2,28386
8,978;2,28315
8,98;2,2794
8,982;2,27261
8,984;2,26281
8,986;2,25001
8,988;2,23426
8,99;2,21561
8,992;2,19411
8,994;2,16983
8,996;2,14285
8,998;2,11326
9;2,08116
9,002;2,04664
9,004;2,00984
9,006;1,97086
9,008;1,92984
9,01;1,88691
9,012;1,84223
9,014;1,79594
9,016;1,7482
9,018;1,69917
9,02;1,64902
9,022;1,59793
9,024;1,54605
9,026;1,49359
9,028;1,4407
9,03;1,38759
9,032;1,33442
9,034;1,28139
9,036;1,22868
9,038;1,17647
9,04;1,12494
9,042;1,07428
9,044;1,02466
9,046;0,976263
9,048;0,929248
9,05;0,883785
9,052;0,840037
9,054;0,798156
9,056;0,758294
9,058;0,720593
9,06;0,685187
9,062;0,652205
9,064;0,616863
9,066;0,579279
9,068;0,539579
9,07;0,497895
9,072;0,454367
9,074;0,409144
9,076;0,362377
9,078;0,314226
9,08;0,264855
9,082;0,214431
9,084;0,163129
9,086;0,111123
9,088;0,0585934
9,09;0,00571991
9,092;0,0473145
9,094;0,100326
9,096;0,153132
9,098;0,205547
9,1;0,25739
9,102;0,30848
9,104;0,358637
9,106;0,407687
9,108;0,455456
9,11;0,501777
9,112;0,546485
9,114;0,589422
9,116;0,630435
9,118;0,669379
9,12;0,706114
9,122;0,740508
9,124;0,772436
9,126;0,801783
9,128;0,828441
9,13;0,852313
9,132;0,873309
9,134;0,89135
9,136;0,906369
9,138;0,918305
9,14;0,927112
9,142;0,932752
9,144;0,935199
9,146;0,934437
9,148;0,930462
9,15;0,923282
9,152;0,912914
9,154;0,899387
9,156;0,882742
9,158;0,86303
9,16;0,840312
9,162;0,81466
9,164;0,786158
9,166;0,754899
9,168;0,720983
9,17;0,684525
9,172;0,645643
9,174;0,604469
9,176;0,56114
9,178;0,515802
9,18;0,468606
9,182;0,419714
9,184;0,369291
9,186;0,317509
9,188;0,264543
9,19;0,210576
9,192;0,155792
9,194;0,100379
9,196;0,0445286
9,198;0,0115673
9,2;0,0677145
9,202;0,123718
9,204;0,179385
9,206;0,234519
9,208;0,288931
9,21;0,342428
9,212;0,394824
9,214;0,445935
9,216;0,495581
9,218;0,543586
9,22;0,589781
9,222;0,634002
9,224;0,676091
9,226;0,715897
9,228;0,753279
9,23;0,793003
9,232;0,834937
9,234;0,878941
9,236;0,924865
9,238;0,972556
9,24;1,02185
9,242;1,07258
9,244;1,12458
9,246;1,17766
9,248;1,23165
9,25;1,28636
9,252;1,3416
9,254;1,39718
9,256;1,45291
9,258;1,5086
9,26;1,56405
9,262;1,61907
9,264;1,67347
9,266;1,72706
9,268;1,77965
9,27;1,83106
9,272;1,8811
9,274;1,9296
9,276;1,97639
9,278;2,02131
9,28;2,06419
9,282;2,10487
9,284;2,14323
9,286;2,1791
9,288;2,21238
9,29;2,24293
9,292;2,27064
9,294;2,29542
9,296;2,31717
9,298;2,3358
9,3;2,35125
9,302;2,36346
9,304;2,37237
9,306;2,37795
9,308;2,38018
9,31;2,37903
9,312;2,37451
9,314;2,36662
9,316;2,35539
9,318;2,34084
9,32;2,32301
9,322;2,30198
9,324;2,27779
9,326;2,25052
9,328;2,22027
9,33;2,18714
9,332;2,15122
9,334;2,11265
9,336;2,07154
9,338;2,02804
9,34;1,98229
9,342;1,93444
9,344;1,88466
9,346;1,83312
9,348;1,77998
9,35;1,72544
9,352;1,66967
9,354;1,61287
9,356;1,55523
9,358;1,49695
9,36;1,43823
9,362;1,37928
9,364;1,32029
9,366;1,26147
9,368;1,20303
9,37;1,14517
9,372;1,08809
9,374;1,03199
9,376;0,977063
9,378;0,92351
9,38;0,871515
9,382;0,821262
9,384;0,772929
9,386;0,726688
9,388;0,682703
9,39;0,641132
9,392;0,597222
9,394;0,551119
9,396;0,50298
9,398;0,452965
9,4;0,401245
9,402;0,347996
9,404;0,293398
9,406;0,237639
9,408;0,180908
9,41;0,123401
9,412;0,0653151
9,414;0,00685071
9,416;0,0517905
9,418;0,110406
9,42;0,168791
9,422;0,226744
9,424;0,284064
9,426;0,340549
9,428;0,396002
9,43;0,450229
9,432;0,503039
9,434;0,554246
9,436;0,60367
9,438;0,651134
9,44;0,696471
9,442;0,739518
9,444;0,780122
9,446;0,818136
9,448;0,853423
9,45;0,885856
9,452;0,915314
9,454;0,941691
9,456;0,964888
9,458;0,984818
9,46;1,0014
9,462;1,01458
9,464;1,0243
9,466;1,03052
9,468;1,0332
9,47;1,03234
9,472;1,02792
9,474;1,01996
9,476;1,00848
9,478;0,993504
9,48;0,97508
9,482;0,953264
9,484;0,928126
9,486;0,899744
9,488;0,868212
9,49;0,83363
9,492;0,796113
9,494;0,755785
9,496;0,712778
9,498;0,667237
9,5;0,619315
9,502;0,569171
9,504;0,516976
9,506;0,462905
9,508;0,407142
9,51;0,349878
9,512;0,291306
9,514;0,231628
9,516;0,171048
9,518;0,109775
9,52;0,0480177
9,522;0,014009
9,524;0,0760913
9,526;0,138014
9,528;0,199562
9,53;0,260521
9,532;0,320679
9,534;0,379825
9,536;0,437752
9,538;0,494258
9,54;0,549141
9,542;0,60221
9,544;0,653277
9,546;0,702159
9,548;0,748683
9,55;0,792683
9,552;0,838903
9,554;0,887187
9,556;0,937374
9,558;0,989292
9,56;1,04277
9,562;1,09761
9,564;1,15365
9,566;1,21067
9,568;1,2685
9,57;1,32693
9,572;1,38575
9,574;1,44478
9,576;1,50379
9,578;1,56259
9,58;1,62097
9,582;1,67874
9,584;1,73568
9,586;1,7916
9,588;1,8463
9,59;1,89959
9,592;1,95129
9,594;2,00121
9,596;2,04916
9,598;2,095
9,6;2,13854
9,602;2,17963
9,604;2,21813
9,606;2,2539
9,608;2,28681
9,61;2,31673
9,612;2,34356
9,614;2,36719
9,616;2,38755
9,618;2,40454
9,62;2,41811
9,622;2,42821
9,624;2,43477
9,626;2,43779
9,628;2,43724
9,63;2,43311
9,632;2,42541
9,634;2,41416
9,636;2,39939
9,638;2,38115
9,64;2,35949
9,642;2,33447
9,644;2,30619
9,646;2,27472
9,648;2,24018
9,65;2,20267
9,652;2,16231
9,654;2,11926
9,656;2,07363
9,658;2,0256
9,66;1,97531
9,662;1,92294
9,664;1,86867
9,666;1,81269
9,668;1,75517
9,67;1,69632
9,672;1,63633
9,674;1,57542
9,676;1,5138
9,678;1,45166
9,68;1,38924
9,682;1,32674
9,684;1,26439
9,686;1,20239
9,688;1,14097
9,69;1,08033
9,692;1,0207
9,694;0,962269
9,696;0,905256
9,698;0,849857
9,7;0,796268
9,702;0,744679
9,704;0,695272
9,706;0,648224
9,708;0,5988
9,71;0,547167
9,712;0,493498
9,714;0,437976
9,716;0,380788
9,718;0,322131
9,72;0,262203
9,722;0,20121
9,724;0,139361
9,726;0,0768691
9,728;0,0139489
9,73;0,0491823
9,732;0,112306
9,734;0,175203
9,736;0,237655
9,738;0,299445
9,74;0,360357
9,742;0,420178
9,744;0,478698
9,746;0,535712
9,748;0,591019
9,75;0,644423
9,752;0,695735
9,754;0,744774
9,756;0,791363
9,758;0,835336
9,76;0,876536
9,762;0,914813
9,764;0,950029
9,766;0,982055
9,768;1,01077
9,77;1,03608
9,772;1,05787
9,774;1,07607
9,776;1,09061
9,778;1,10143
9,78;1,10848
9,782;1,11173
9,784;1,11116
9,786;1,10677
9,788;1,09855
9,79;1,08655
9,792;1,07077
9,794;1,05128
9,796;1,02813
9,798;1,0014
9,8;0,971168
9,802;0,937532
9,804;0,900602
9,806;0,8605
9,808;0,817357
9,81;0,771317
9,812;0,722533
9,814;0,671168
9,816;0,617396
9,818;0,561397
9,82;0,50336
9,822;0,443483
9,824;0,381969
9,826;0,319028
9,828;0,254875
9,83;0,18973
9,832;0,123816
9,834;0,0573608
9,836;0,00940664
9,838;0,0762557
9,84;0,142955
9,842;0,209272
9,844;0,274977
9,846;0,339841
9,848;0,403637
9,85;0,466141
9,852;0,527135
9,854;0,586402
9,856;0,643735
9,858;0,698931
9,86;0,751793
9,862;0,802133
9,864;0,854675
9,866;0,90924
9,868;0,965643
9,87;1,02369
9,872;1,08319
9,874;1,14394
9,876;1,20572
9,878;1,26833
9,88;1,33156
9,882;1,39517
9,884;1,45896
9,886;1,5227
9,888;1,58617
9,89;1,64916
9,892;1,71143
9,894;1,77278
9,896;1,83299
9,898;1,89185
9,9;1,94915
9,902;2,00468
9,904;2,05827
9,906;2,1097
9,908;2,15881
9,91;2,20541
9,912;2,24934
9,914;2,29044
9,916;2,32856
9,918;2,36356
9,92;2,39532
9,922;2,42372
9,924;2,44865
9,926;2,47002
9,928;2,48774
9,93;2,50176
9,932;2,51201
9,934;2,51844
9,936;2,52103
9,938;2,51976
9,94;2,51463
9,942;2,50565
9,944;2,49283
9,946;2,47622
9,948;2,45586
9,95;2,43182
9,952;2,40417
9,954;2,37301
9,956;2,33842
9,958;2,30053
9,96;2,25946
9,962;2,21534
9,964;2,16832
9,966;2,11856
9,968;2,06622
9,97;2,01149
9,972;1,95453
9,974;1,89556
9,976;1,83476
9,978;1,77234
9,98;1,70853
9,982;1,64352
9,984;1,57756
9,986;1,51086
9,988;1,44365
9,99;1,37618
9,992;1,30866
9,994;1,24133
9,996;1,17443
9,998;1,1082
10;1,04285
10,002;0,978622
10,004;0,91574
10,006;0,854423
10,008;0,794888
10,01;0,737345
10,012;0,681997
10,014;0,629041
10,016;0,573763
10,018;0,51635
10,02;0,456996
10,022;0,395903
10,024;0,333279
10,026;0,269338
10,028;0,204298
10,03;0,138383
10,032;0,0718195
10,034;0,00483662
10,036;0,0623342
10,038;0,129461
10,04;0,19631
10,042;0,262649
10,044;0,328248
10,046;0,392877
10,048;0,45631
10,05;0,518325
10,052;0,578703
10,054;0,637233
10,056;0,693707
10,058;0,747924
10,06;0,799693
10,062;0,848828
10,064;0,895153
10,066;0,938503
10,068;0,97872
10,07;1,01566
10,072;1,04918
10,074;1,07917
10,076;1,10551
10,078;1,1281
10,08;1,14685
10,082;1,1617
10,084;1,17258
10,086;1,17945
10,088;1,18227
10,09;1,18103
10,092;1,17572
10,094;1,16635
10,096;1,15294
10,098;1,13554
10,1;1,11419
10,102;1,08897
10,104;1,05994
10,106;1,0272
10,108;0,990863
10,11;0,95104
10,112;0,907863
10,114;0,861476
10,116;0,812031
10,118;0,759694
10,12;0,70464
10,122;0,647055
10,124;0,587131
10,126;0,525073
10,128;0,46109
10,13;0,395401
10,132;0,328229
10,134;0,259804
10,136;0,190361
10,138;0,120138
10,14;0,0493765
10,142;0,0216783
10,144;0,0927813
10,146;0,163686
10,148;0,234146
10,15;0,303917
10,152;0,372754
10,154;0,440418
10,156;0,506672
10,158;0,571281
10,16;0,63402
10,162;0,694667
10,164;0,753006
10,166;0,808832
10,168;0,866846
10,17;0,926854
10,172;0,988651
10,174;1,05203
10,176;1,11676
10,178;1,18264
10,18;1,24944
10,182;1,31692
10,184;1,38485
10,186;1,453
10,188;1,52114
10,19;1,58902
10,192;1,65641
10,194;1,72307
10,196;1,78878
10,198;1,85331
10,2;1,91642
10,202;1,97789
10,204;2,03752
10,206;2,09508
10,208;2,15038
10,21;2,20321
10,212;2,25339
10,214;2,30075
10,216;2,3451
10,218;2,38629
10,22;2,42417
10,222;2,45861
10,224;2,48947
10,226;2,51663
10,228;2,54001
10,23;2,5595
10,232;2,57504
10,234;2,58656
10,236;2,59401
10,238;2,59736
10,24;2,59658
10,242;2,59168
10,244;2,58265
10,246;2,56953
10,248;2,55235
10,25;2,53115
10,252;2,50601
10,254;2,47701
10,256;2,44423
10,258;2,40778
10,26;2,36778
10,262;2,32436
10,264;2,27766
10,266;2,22784
10,268;2,17507
10,27;2,11952
10,272;2,06138
10,274;2,00084
10,276;1,93811
10,278;1,8734
10,28;1,80694
10,282;1,73894
10,284;1,66964
10,286;1,59928
10,288;1,52811
10,29;1,45635
10,292;1,38427
10,294;1,31211
10,296;1,24013
10,298;1,16856
10,3;1,09767
10,302;1,02769
10,304;0,958877
10,306;0,891465
10,308;0,825695
10,31;0,761795
10,312;0,699993
10,314;0,640507
10,316;0,578645
10,318;0,514616
10,32;0,448639
10,322;0,380938
10,324;0,311743
10,326;0,241292
10,328;0,169825
10,33;0,0975894
10,332;0,0248329
10,334;0,0481933
10,336;0,121236
10,338;0,194043
10,34;0,266361
10,342;0,337938
10,344;0,408525
10,346;0,477874
10,348;0,545743
10,35;0,611893
10,352;0,676091
10,354;0,738111
10,356;0,797732
10,358;0,854743
10,36;0,908942
10,362;0,960133
10,364;1,00813
10,366;1,05277
10,368;1,09388
10,37;1,13131
10,372;1,16493
10,374;1,19461
10,376;1,22025
10,378;1,24173
10,38;1,25898
10,382;1,27194
10,384;1,28054
10,386;1,28475
10,388;1,28454
10,39;1,27991
10,392;1,27086
10,394;1,25741
10,396;1,2396
10,398;1,21749
10,4;1,19113
10,402;1,16062
10,404;1,12605
10,406;1,08753
10,408;1,04518
10,41;0,999152
10,412;0,949588
10,414;0,896655
10,416;0,840529
10,418;0,781397
10,42;0,719459
10,422;0,654923
10,424;0,588007
10,426;0,518938
10,428;0,447951
10,43;0,375288
10,432;0,301197
10,434;0,225932
10,436;0,149752
10,438;0,0729185
10,44;0,00430344
10,442;0,0816469
10,444;0,158844
10,446;0,235627
10,448;0,311729
10,45;0,386884
10,452;0,460829
10,454;0,533307
10,456;0,604063
10,458;0,672846
10,46;0,739416
10,462;0,803536
10,464;0,869882
10,466;0,938228
10,468;1,00834
10,47;1,07998
10,472;1,15291
10,474;1,22687
10,476;1,3016
10,478;1,37686
10,48;1,45238
10,482;1,5279
10,484;1,60316
10,486;1,6779
10,488;1,75186
10,49;1,82477
10,492;1,89639
10,494;1,96646
10,496;2,03473
10,498;2,10098
10,5;2,16495
10,502;2,22643
10,504;2,2852
10,506;2,34105
10,508;2,39377
10,51;2,44318
10,512;2,4891
10,514;2,53137
10,516;2,56982
10,518;2,60432
10,52;2,63475
10,522;2,66097
10,524;2,68291
10,526;2,70046
10,528;2,71356
10,53;2,72216
10,532;2,72622
10,534;2,7257
10,536;2,72061
10,538;2,71096
10,54;2,69675
10,542;2,67805
10,544;2,65489
10,546;2,62736
10,548;2,59553
10,55;2,55951
10,552;2,51942
10,554;2,47538
10,556;2,42754
10,558;2,37605
10,56;2,3211
10,562;2,26285
10,564;2,20151
10,566;2,13729
10,568;2,07039
10,57;2,00104
10,572;1,92948
10,574;1,85596
10,576;1,78072
10,578;1,70402
10,58;1,62612
10,582;1,5473
10,584;1,46782
10,586;1,38795
10,588;1,30797
10,59;1,22817
10,592;1,14881
10,594;1,07018
10,596;0,992536
10,598;0,916164
10,6;0,841328
10,602;0,76829
10,604;0,697307
10,606;0,62863
10,608;0,557599
10,61;0,484454
10,612;0,409446
10,614;0,332831
10,616;0,25487
10,618;0,17583
10,62;0,0959843
10,622;0,0156071
10,624;0,065024
10,626;0,14563
10,628;0,225931
10,63;0,305649
10,632;0,384505
10,634;0,462226
10,636;0,538537
10,638;0,613173
10,64;0,685871
10,642;0,756374
10,644;0,824434
10,646;0,88981
10,648;0,952268
10,65;1,01159
10,652;1,06755
10,654;1,11997
10,656;1,16864
10,658;1,21339
10,66;1,25406
10,662;1,2905
10,664;1,32257
10,666;1,35015
10,668;1,37314
10,67;1,39144
10,672;1,40499
10,674;1,41372
10,676;1,41761
10,678;1,41661
10,68;1,41073
10,682;1,39997
10,684;1,38437
10,686;1,36396
10,688;1,33881
10,69;1,30899
10,692;1,2746
10,694;1,23574
10,696;1,19255
10,698;1,14516
10,7;1,09372
10,702;1,03841
10,704;0,979416
10,706;0,916926
10,708;0,851153
10,71;0,782316
10,712;0,710649
10,714;0,636394
10,716;0,559803
10,718;0,481135
10,72;0,400661
10,722;0,318654
10,724;0,235395
10,726;0,151172
10,728;0,0662723
10,73;0,0190095
10,732;0,104379
10,734;0,189541
10,736;0,274198
10,738;0,358058
10,74;0,440827
10,742;0,522216
10,744;0,60194
10,746;0,679719
10,748;0,755279
10,75;0,828354
10,752;0,903588
10,754;0,980724
10,756;1,0595
10,758;1,13964
10,76;1,22088
10,762;1,30294
10,764;1,38552
10,766;1,46836
10,768;1,55115
10,77;1,63362
10,772;1,71548
10,774;1,79643
10,776;1,87621
10,778;1,95453
10,78;2,03111
10,782;2,10569
10,784;2,178
10,786;2,24779
10,788;2,31482
10,79;2,37883
10,792;2,43961
10,794;2,49694
10,796;2,5506
10,798;2,60042
10,8;2,64619
10,802;2,68777
10,804;2,72499
10,806;2,75772
10,808;2,78584
10,81;2,80923
10,812;2,8278
10,814;2,84149
10,816;2,85023
10,818;2,85398
10,82;2,85272
10,822;2,84645
10,824;2,83516
10,826;2,8189
10,828;2,79771
10,83;2,77164
10,832;2,74079
10,834;2,70524
10,836;2,66511
10,838;2,62054
10,84;2,57166
10,842;2,51863
10,844;2,46163
10,846;2,40085
10,848;2,3365
10,85;2,26878
10,852;2,19792
10,854;2,12417
10,856;2,04777
10,858;1,96899
10,86;1,88808
10,862;1,80534
10,864;1,72103
10,866;1,63545
10,868;1,54889
10,87;1,46165
10,872;1,37403
10,874;1,28634
10,876;1,19887
10,878;1,11194
10,88;1,02584
10,882;0,940874
10,884;0,85734
10,886;0,77553
10,888;0,695731
10,89;0,618225
10,892;0,538382
10,894;0,456474
10,896;0,37278
10,898;0,287588
10,9;0,201188
10,902;0,113878
10,904;0,0259592
10,906;0,0622657
10,908;0,150491
10,91;0,238412
10,912;0,325721
10,914;0,412116
10,916;0,497295
10,918;0,580961
10,92;0,662818
10,922;0,742581
10,924;0,819968
10,926;0,894706
10,928;0,96653
10,93;1,03519
10,932;1,10043
10,934;1,16202
10,936;1,21975
10,938;1,27339
10,94;1,32277
10,942;1,36769
10,944;1,408
10,946;1,44354
10,948;1,47418
10,95;1,4998
10,952;1,52031
10,954;1,53562
10,956;1,54567
10,958;1,5504
10,96;1,5498
10,962;1,54386
10,964;1,53258
10,966;1,51599
10,968;1,49414
10,97;1,46709
10,972;1,43492
10,974;1,39774
10,976;1,35566
10,978;1,30883
10,98;1,25738
10,982;1,20149
10,984;1,14135
10,986;1,07715
10,988;1,0091
10,99;0,937447
10,992;0,862415
10,994;0,784261
10,996;0,70325
10,998;0,619656
11;0,533764
11,002;0,445867
11,004;0,356265
11,006;0,265265
11,008;0,17318
11,01;0,0803262
11,012;0,0129759
11,014;0,106404
11,016;0,199634
11,018;0,292342
11,02;0,384207
11,022;0,474908
11,024;0,564127
11,026;0,651553
11,028;0,736878
11,03;0,819802
11,032;0,904936
11,034;0,991988
11,036;1,08066
11,038;1,17065
11,04;1,26165
11,042;1,35335
11,044;1,44542
11,046;1,53755
11,048;1,62942
11,05;1,72072
11,052;1,81111
11,054;1,9003
11,056;1,98797
11,058;2,0738
11,06;2,1575
11,062;2,23878
11,064;2,31734
11,066;2,39291
11,068;2,46522
11,07;2,53401
11,072;2,59904
11,074;2,66007
11,076;2,71689
11,078;2,76928
11,08;2,81706
11,082;2,86005
11,084;2,89809
11,086;2,93104
11,088;2,95877
11,09;2,98118
11,092;2,99818
11,094;3,00969
11,096;3,01567
11,098;3,01608
11,1;3,01091
11,102;3,00016
11,104;2,98387
11,106;2,96207
11,108;2,93484
11,11;2,90224
11,112;2,86439
11,114;2,8214
11,116;2,77341
11,118;2,72058
11,12;2,66308
11,122;2,6011
11,124;2,53485
11,126;2,46454
11,128;2,39041
11,13;2,31271
11,132;2,2317
11,134;2,14766
11,136;2,06087
11,138;1,97162
11,14;1,88022
11,142;1,78698
11,144;1,69222
11,146;1,59627
11,148;1,49946
11,15;1,40211
11,152;1,30457
11,154;1,20717
11,156;1,11026
11,158;1,01416
11,16;0,919219
11,162;0,825762
11,164;0,734117
11,166;0,644605
11,168;0,557543
11,17;0,468333
11,172;0,377282
11,174;0,2847
11,176;0,190905
11,178;0,0962199
11,18;0,000971126
11,182;0,0945125
11,184;0,189901
11,186;0,284862
11,188;0,379067
11,19;0,472187
11,192;0,563897
11,194;0,653876
11,196;0,741808
11,198;0,827385
11,2;0,910305
11,202;0,990273
11,204;1,06701
11,206;1,14024
11,208;1,2097
11,21;1,27514
11,212;1,33633
11,214;1,39304
11,216;1,44508
11,218;1,49225
11,22;1,53437
11,222;1,57129
11,224;1,60287
11,226;1,62899
11,228;1,64954
11,23;1,66445
11,232;1,67365
11,234;1,6771
11,236;1,67477
11,238;1,66665
11,24;1,65277
11,242;1,63316
11,244;1,60787
11,246;1,57698
11,248;1,54059
11,25;1,49881
11,252;1,45177
11,254;1,39963
11,256;1,34255
11,258;1,28072
11,26;1,21435
11,262;1,14366
11,264;1,06888
11,266;0,990264
11,268;0,908075
11,27;0,822591
11,272;0,734101
11,274;0,642906
11,276;0,549316
11,278;0,45365
11,28;0,356236
11,282;0,257407
11,284;0,157503
11,286;0,056869
11,288;0,044149
11,29;0,145201
11,292;0,245937
11,294;0,346007
11,296;0,445063
11,298;0,542759
11,3;0,638754
11,302;0,732711
11,304;0,824299
11,306;0,9181
11,308;1,01379
11,31;1,11105
11,312;1,20954
11,314;1,30891
11,316;1,40884
11,318;1,50897
11,32;1,60896
11,322;1,70846
11,324;1,80712
11,326;1,9046
11,328;2,00056
11,33;2,09466
11,332;2,18658
11,334;2,27599
11,336;2,36257
11,338;2,44603
11,34;2,52605
11,342;2,60236
11,344;2,67469
11,346;2,74278
11,348;2,80637
11,35;2,86525
11,352;2,9192
11,354;2,96801
11,356;3,01151
11,358;3,04955
11,36;3,08196
11,362;3,10863
11,364;3,12946
11,366;3,14436
11,368;3,15326
11,37;3,15613
11,372;3,15294
11,374;3,14368
11,376;3,12838
11,378;3,10707
11,38;3,07983
11,382;3,04672
11,384;3,00785
11,386;2,96335
11,388;2,91336
11,39;2,85803
11,392;2,79755
11,394;2,73212
11,396;2,66195
11,398;2,58728
11,4;2,50836
11,402;2,42544
11,404;2,33881
11,406;2,24877
11,408;2,15561
11,41;2,05966
11,412;1,96123
11,414;1,86067
11,416;1,75832
11,418;1,65453
11,42;1,54966
11,422;1,44406
11,424;1,33811
11,426;1,23217
11,428;1,1266
11,43;1,02178
11,432;0,918068
11,434;0,815826
11,436;0,715411
11,438;0,617176
11,44;0,521466
11,442;0,423717
11,444;0,324261
11,446;0,223441
11,448;0,121603
11,45;0,0190978
11,452;0,0837205
11,454;0,186496
11,456;0,288873
11,458;0,390495
11,46;0,491008
11,462;0,590062
11,464;0,68731
11,466;0,782411
11,468;0,875031
11,47;0,964843
11,472;1,05153
11,474;1,13479
11,476;1,21431
11,478;1,28983
11,48;1,36106
11,482;1,42776
11,484;1,48967
11,486;1,54659
11,488;1,59829
11,49;1,64459
11,492;1,68531
11,494;1,72031
11,496;1,74944
11,498;1,77261
11,5;1,7897
11,502;1,80066
11,504;1,80542
11,506;1,80397
11,508;1,79628
11,51;1,78238
11,512;1,7623
11,514;1,7361
11,516;1,70385
11,518;1,66565
11,52;1,62163
11,522;1,57192
11,524;1,51668
11,526;1,45609
11,528;1,39036
11,53;1,31969
11,532;1,24433
11,534;1,16451
11,536;1,08053
11,538;0,99264
11,54;0,901153
11,542;0,806376
11,544;0,70863
11,546;0,608246
11,548;0,505569
11,55;0,400947
11,552;0,294741
11,554;0,187315
11,556;0,079039
11,558;0,0297141
11,56;0,138568
11,562;0,247145
11,564;0,355069
11,566;0,461964
11,568;0,567457
11,57;0,67118
11,572;0,772769
11,574;0,871868
11,576;0,97303
11,578;1,07591
11,58;1,18015
11,582;1,2854
11,584;1,39129
11,586;1,49746
11,588;1,60354
11,59;1,70916
11,592;1,81395
11,594;1,91755
11,596;2,01961
11,598;2,11975
11,6;2,21763
11,602;2,31291
11,604;2,40524
11,606;2,49431
11,608;2,5798
11,61;2,6614
11,612;2,73882
11,614;2,81179
11,616;2,88004
11,618;2,94333
11,62;3,00142
11,622;3,0541
11,624;3,10119
11,626;3,14249
11,628;3,17787
11,63;3,20718
11,632;3,23031
11,634;3,24716
11,636;3,25767
11,638;3,26178
11,64;3,25947
11,642;3,25072
11,644;3,23556
11,646;3,21403
11,648;3,18619
11,65;3,15211
11,652;3,11191
11,654;3,06571
11,656;3,01365
11,658;2,95592
11,66;2,89268
11,662;2,82416
11,664;2,75058
11,666;2,67217
11,668;2,58922
11,67;2,50198
11,672;2,41076
11,674;2,31586
11,676;2,2176
11,678;2,11632
11,68;2,01236
11,682;1,90608
11,684;1,79784
11,686;1,68801
11,688;1,57697
11,69;1,46509
11,692;1,35278
11,694;1,24041
11,696;1,12837
11,698;1,01706
11,7;0,906859
11,702;0,798153
11,704;0,691323
11,706;0,586743
11,708;0,479877
11,71;0,371092
11,712;0,26076
11,714;0,14926
11,716;0,0369762
11,718;0,0757033
11,72;0,188389
11,722;0,30069
11,724;0,412217
11,726;0,522581
11,728;0,631397
11,73;0,738285
11,732;0,84287
11,734;0,944784
11,736;1,04367
11,738;1,13917
11,74;1,23096
11,742;1,31871
11,744;1,4021
11,746;1,48083
11,748;1,55463
11,75;1,62322
11,752;1,68637
11,754;1,74382
11,756;1,79539
11,758;1,84087
11,76;1,88009
11,762;1,9129
11,764;1,93919
11,766;1,95883
11,768;1,97176
11,77;1,9779
11,772;1,97723
11,774;1,96973
11,776;1,95542
11,778;1,93432
11,78;1,90651
11,782;1,87205
11,784;1,83106
11,786;1,78366
11,788;1,73
11,79;1,67026
11,792;1,60463
11,794;1,53333
11,796;1,45659
11,798;1,37466
11,8;1,28782
11,802;1,19636
11,804;1,10058
11,806;1,00082
11,808;0,897396
11,81;0,790673
11,812;0,681008
11,814;0,568778
11,816;0,454364
11,818;0,33816
11,82;0,220563
11,822;0,10198
11,824;0,0171822
11,826;0,13651
11,828;0,255592
11,83;0,374013
11,832;0,491361
11,834;0,607229
11,836;0,72121
11,838;0,832906
11,84;0,946827
11,842;1,06258
11,844;1,17978
11,846;1,29801
11,848;1,41686
11,85;1,53593
11,852;1,65481
11,854;1,77307
11,856;1,89032
11,858;2,00614
11,86;2,12012
11,862;2,23187
11,864;2,341
11,866;2,44712
11,868;2,54986
11,87;2,64885
11,872;2,74374
11,874;2,8342
11,876;2,9199
11,878;3,00053
11,88;3,07581
11,882;3,14547
11,884;3,20924
11,886;3,26689
11,888;3,31822
11,89;3,36303
11,892;3,40115
11,894;3,43243
11,896;3,45676
11,898;3,47403
11,9;3,48417
11,902;3,48712
11,904;3,48287
11,906;3,47141
11,908;3,45276
11,91;3,42698
11,912;3,39414
11,914;3,35433
11,916;3,30769
11,918;3,25436
11,92;3,1945
11,922;3,12832
11,924;3,05602
11,926;2,97785
11,928;2,89407
11,93;2,80494
11,932;2,71078
11,934;2,6119
11,936;2,50862
11,938;2,4013
11,94;2,2903
11,942;2,176
11,944;2,05878
11,946;1,93906
11,948;1,81723
11,95;1,69371
11,952;1,56894
11,954;1,44333
11,956;1,31733
11,958;1,19136
11,96;1,06587
11,962;0,941292
11,964;0,818059
11,966;0,696602
11,968;0,577345
11,97;0,455804
11,972;0,332395
11,974;0,207543
11,976;0,0816758
11,978;0,044771
11,98;0,171361
11,982;0,297654
11,984;0,423214
11,986;0,547603
11,988;0,670387
11,99;0,791137
11,992;0,90943
