0,003;0
0,006;6,36396e-05
0,009;0,000190792
0,012;0,000380794
0,015;0,000632454
0,018;0,000944051
0,021;0,00131335
0,024;0,00173762
0,027;0,00221366
0,03;0,00273778
0,033;0,0033059
0,036;0,00391352
0,039;0,0045558
0,042;0,00522756
0,045;0,00592335
0,048;0,00663748
0,051;0,00736406
0,054;0,00809707
0,057;0,0088304
0,06;0,00955788
0,063;0,0102734
0,066;0,0109708
0,069;0,0116442
0,072;0,0122877
0,075;0,0128957
0,078;0,013463
0,081;0,0139844
0,084;0,0144553
0,087;0,0148715
0,09;0,0152291
0,093;0,0155246
0,096;0,0157553
0,099;0,0159187
0,102;0,0160132
0,105;0,0160373
0,108;0,0159906
0,111;0,0158728
0,114;0,0156846
0,117;0,0154271
0,12;0,015102
0,123;0,0147116
0,126;0,0142588
0,129;0,0137469
0,132;0,0131799
0,135;0,0125622
0,138;0,0118987
0,141;0,0111947
0,144;0,0104557
0,147;0,00968778
0,15;0,00889724
0,153;0,00809054
0,156;0,00727435
0,159;0,00645548
0,162;0,00564078
0,165;0,00483712
0,168;0,00405133
0,171;0,00329011
0,174;0,00256003
0,177;0,00186741
0,18;0,00121831
0,183;0,000618464
0,186;7,32212e-05
0,189;0,000412486
0,192;0,000834198
0,195;0,00118796
0,198;0,00147037
0,201;0,0016786
0,204;0,00181042
0,207;0,00186423
0,21;0,00183909
0,213;0,0017347
0,216;0,00155144
0,219;0,00129032
0,222;0,000953063
0,225;0,000541997
0,228;6,01088e-05
0,231;0,000489008
0,234;0,00110117
0,237;0,00177164
0,24;0,00249516
0,243;0,00326599
0,246;0,00407796
0,249;0,00492451
0,252;0,00579876
0,255;0,00669352
0,258;0,00760143
0,261;0,00851494
0,264;0,0094264
0,267;0,0103282
0,27;0,0112126
0,273;0,0120721
0,276;0,0128994
0,279;0,0136872
0,282;0,0144288
0,285;0,0151175
0,288;0,0157473
0,291;0,0163125
0,294;0,0168079
0,297;0,0172289
0,3;0,0175716
0,303;0,0178325
0,306;0,0180089
0,309;0,0180988
0,312;0,0181009
0,315;0,0180145
0,318;0,01784
0,321;0,0175781
0,324;0,0172305
0,327;0,0167997
0,33;0,0162885
0,333;0,0157009
0,336;0,0150413
0,339;0,0143148
0,342;0,013527
0,345;0,0126842
0,348;0,0117931
0,351;0,0108609
0,354;0,0098951
0,357;0,00890365
0,36;0,0078947
0,363;0,00687662
0,366;0,00585789
0,369;0,00484709
0,372;0,00385273
0,375;0,00288329
0,378;0,00194707
0,381;0,00105213
0,384;0,000206275
0,387;0,000583091
0,39;0,00130897
0,393;0,00196486
0,396;0,0025448
0,399;0,00304344
0,402;0,00345607
0,405;0,00377867
0,408;0,00400795
0,411;0,00414139
0,414;0,00417726
0,417;0,00411462
0,42;0,00395339
0,423;0,00369428
0,426;0,00333883
0,429;0,00288943
0,432;0,00234924
0,435;0,00172221
0,438;0,00101307
0,441;0,000227244
0,444;0,000629163
0,447;0,00154941
0,45;0,00252616
0,453;0,00355159
0,456;0,00461739
0,459;0,00571486
0,462;0,00683499
0,465;0,00796851
0,468;0,009106
0,471;0,0102379
0,474;0,0113547
0,477;0,0124469
0,48;0,0135052
0,483;0,0145204
0,486;0,0154839
0,489;0,016387
0,492;0,0172219
0,495;0,0179812
0,498;0,0186579
0,501;0,0192458
0,504;0,0197395
0,507;0,0201342
0,51;0,0204259
0,513;0,0206115
0,516;0,0206889
0,519;0,0206565
0,522;0,0205141
0,525;0,0202621
0,528;0,019902
0,531;0,0194359
0,534;0,0188673
0,537;0,0182002
0,54;0,0174396
0,543;0,0165913
0,546;0,0156618
0,549;0,0146584
0,552;0,0135892
0,555;0,0124625
0,558;0,0112876
0,561;0,0100741
0,564;0,00883174
0,567;0,00757091
0,57;0,00630206
0,573;0,00503579
0,576;0,00378276
0,579;0,00255357
0,582;0,00135871
0,585;0,000208419
0,588;0,000887341
0,591;0,00191902
0,594;0,00287754
0,597;0,00375439
0,6;0,00454167
0,603;0,0052322
0,606;0,00581956
0,609;0,00629816
0,612;0,00666327
0,615;0,00691111
0,618;0,00703884
0,621;0,00704463
0,624;0,00692763
0,627;0,00668806
0,63;0,00632713
0,633;0,00584711
0,636;0,00525126
0,639;0,00454384
0,642;0,00373009
0,645;0,00281616
0,648;0,00180909
0,651;0,000716732
0,654;0,000452275
0,657;0,0016886
0,66;0,0029823
0,663;0,00432287
0,666;0,00569934
0,669;0,00710039
0,672;0,0085144
0,675;0,00992958
0,678;0,011334
0,681;0,0127159
0,684;0,0140635
0,687;0,0153652
0,69;0,0166098
0,693;0,0177864
0,696;0,0188849
0,699;0,0198954
0,702;0,0208088
0,705;0,021617
0,708;0,0223124
0,711;0,0228884
0,714;0,0233395
0,717;0,0236611
0,72;0,0238496
0,723;0,0239027
0,726;0,0238189
0,729;0,0235982
0,732;0,0232414
0,735;0,0227508
0,738;0,0221296
0,741;0,0213822
0,744;0,020514
0,747;0,0195316
0,75;0,0184424
0,753;0,017255
0,756;0,0159787
0,759;0,0146237
0,762;0,0132008
0,765;0,0117215
0,768;0,010198
0,771;0,00864264
0,774;0,0070684
0,777;0,00548834
0,78;0,00391572
0,783;0,00236377
0,786;0,000845683
0,789;0,000625589
0,792;0,00203738
0,795;0,00337746
0,798;0,0046341
0,801;0,00579622
0,804;0,00685345
0,807;0,00779623
0,81;0,00861592
0,813;0,00930485
0,816;0,00985638
0,819;0,010265
0,822;0,0105264
0,825;0,0106374
0,828;0,0105961
0,831;0,0104019
0,834;0,0100554
0,837;0,00955863
0,84;0,00891474
0,843;0,0081282
0,846;0,00720471
0,849;0,00615115
0,852;0,00497553
0,855;0,00368696
0,858;0,00229554
0,861;0,000812283
0,864;0,000750927
0,867;0,00238147
0,87;0,00406609
0,873;0,00579097
0,876;0,00754189
0,879;0,0093043
0,882;0,0110635
0,885;0,0128046
0,888;0,014513
0,891;0,016174
0,894;0,0177734
0,897;0,0192975
0,9;0,0207328
0,903;0,0220668
0,906;0,0232875
0,909;0,0243842
0,912;0,0253466
0,915;0,026166
0,918;0,0268344
0,921;0,0273454
0,924;0,0276935
0,927;0,0278749
0,93;0,027887
0,933;0,0277285
0,936;0,0273997
0,939;0,0269023
0,942;0,0262394
0,945;0,0254155
0,948;0,0244364
0,951;0,0233095
0,954;0,0220431
0,957;0,0206472
0,96;0,0191325
0,963;0,0175111
0,966;0,0157958
0,969;0,0140005
0,972;0,0121397
0,975;0,0102287
0,978;0,0082832
0,981;0,00631929
0,984;0,00435338
0,987;0,00240195
0,99;0,0004815
0,993;0,00139165
0,996;0,00320145
0,999;0,00493231
1,002;0,00656917
1,005;0,00809769
1,008;0,00950433
1,011;0,0107765
1,014;0,0119026
1,017;0,0128724
1,02;0,0136766
1,023;0,0143073
1,026;0,0147584
1,029;0,0150246
1,032;0,0151028
1,035;0,0149909
1,038;0,0146888
1,041;0,0141977
1,044;0,0135206
1,047;0,0126619
1,05;0,0116277
1,053;0,0104256
1,056;0,00906457
1,059;0,00755506
1,062;0,00590878
1,065;0,0041387
1,068;0,00225888
1,071;0,000284416
1,074;0,00176871
1,077;0,00388376
1,08;0,00604337
1,083;0,00822966
1,086;0,0104245
1,089;0,0126094
1,092;0,014766
1,095;0,0168761
1,098;0,0189215
1,101;0,0208847
1,104;0,0227487
1,107;0,0244971
1,11;0,0261146
1,113;0,0275868
1,116;0,0289003
1,119;0,030043
1,122;0,0310044
1,125;0,0317751
1,128;0,0323475
1,131;0,0327154
1,134;0,0328746
1,137;0,0328222
1,14;0,0325575
1,143;0,0320812
1,146;0,031396
1,149;0,0305063
1,152;0,0294184
1,155;0,02814
1,158;0,0266807
1,161;0,0250515
1,164;0,0232652
1,167;0,0213356
1,17;0,0192781
1,173;0,0171092
1,176;0,0148462
1,179;0,0125078
1,182;0,0101129
1,185;0,00768138
1,188;0,00523343
1,191;0,0027895
1,194;0,000370129
1,197;0,00200419
1,2;0,00431324
1,203;0,00653719
1,206;0,00865682
1,209;0,0106537
1,212;0,0125102
1,215;0,0142098
1,218;0,0157373
1,221;0,0170788
1,224;0,0182217
1,227;0,0191553
1,23;0,0198703
1,233;0,0203593
1,236;0,0206168
1,239;0,0206391
1,242;0,0204246
1,245;0,0199734
1,248;0,019288
1,251;0,0183725
1,254;0,0172332
1,257;0,0158782
1,26;0,0143176
1,263;0,012563
1,266;0,010628
1,269;0,00852773
1,272;0,00627874
1,275;0,00389898
1,278;0,00140759
1,281;0,0011752
1,284;0,00382829
1,287;0,00652985
1,29;0,00925748
1,293;0,0119884
1,296;0,0146998
1,299;0,0173687
1,302;0,0199724
1,305;0,0224887
1,308;0,0248958
1,311;0,0271728
1,314;0,0292998
1,317;0,0312579
1,32;0,0330296
1,323;0,0345988
1,326;0,0359511
1,329;0,0370737
1,332;0,0379557
1,335;0,0385882
1,338;0,0389642
1,341;0,039079
1,344;0,0389298
1,347;0,0385164
1,35;0,0378404
1,353;0,0369058
1,356;0,0357189
1,359;0,034288
1,362;0,0326236
1,365;0,0307381
1,368;0,028646
1,371;0,0263635
1,374;0,0239086
1,377;0,0213008
1,38;0,018561
1,383;0,0157114
1,386;0,0127752
1,389;0,00977658
1,392;0,00674027
1,395;0,00369155
1,398;0,000655951
1,401;0,00234095
1,404;0,00527372
1,407;0,00811733
1,41;0,0108473
1,413;0,01344
1,416;0,0158728
1,419;0,0181241
1,422;0,020174
1,425;0,0220039
1,428;0,023597
1,431;0,0249385
1,434;0,0260154
1,437;0,0268171
1,44;0,027335
1,443;0,0275629
1,446;0,0274972
1,449;0,0271364
1,452;0,0264817
1,455;0,0255367
1,458;0,0243076
1,461;0,0228027
1,464;0,0210331
1,467;0,0190118
1,47;0,0167542
1,473;0,0142778
1,476;0,0116019
1,479;0,00874788
1,482;0,00573845
1,485;0,00259791
1,488;0,000648193
1,491;0,00397326
1,494;0,00734988
1,497;0,01075
1,5;0,0141452
1,503;0,017507
1,506;0,0208069
1,509;0,0240167
1,512;0,027109
1,515;0,030057
1,518;0,0328351
1,521;0,0354187
1,524;0,037785
1,527;0,0399127
1,53;0,0417824
1,533;0,0433767
1,536;0,0446805
1,539;0,045681
1,542;0,0463677
1,545;0,0467331
1,548;0,0467718
1,551;0,0464816
1,554;0,0458627
1,557;0,0449182
1,56;0,043654
1,563;0,0420786
1,566;0,0402034
1,569;0,0380421
1,572;0,035611
1,575;0,0329289
1,578;0,0300167
1,581;0,0268973
1,584;0,0235956
1,587;0,0201383
1,59;0,0165533
1,593;0,01287
1,596;0,00911861
1,599;0,00533027
1,602;0,00153654
1,605;0,00223073
1,608;0,00593973
1,611;0,00955894
1,614;0,0130574
1,617;0,0164049
1,62;0,0195724
1,623;0,0225321
1,626;0,0252578
1,629;0,0277252
1,632;0,0299119
1,635;0,0317976
1,638;0,0333647
1,641;0,0345979
1,644;0,0354847
1,647;0,0360155
1,65;0,0361835
1,653;0,035985
1,656;0,0354193
1,659;0,0344889
1,662;0,0331991
1,665;0,0315586
1,668;0,0295789
1,671;0,0272743
1,674;0,0246623
1,677;0,0217628
1,68;0,0185982
1,683;0,0151936
1,686;0,0115759
1,689;0,00777412
1,692;0,0038191
1,695;0,000256953
1,698;0,00442057
1,701;0,00863735
1,704;0,0128722
1,707;0,0170897
1,71;0,0212542
1,713;0,0253305
1,716;0,0292837
1,719;0,03308
1,722;0,0366862
1,725;0,040071
1,728;0,0432046
1,731;0,0460589
1,734;0,0486082
1,737;0,0508292
1,74;0,052701
1,743;0,0542058
1,746;0,0553285
1,749;0,0560573
1,752;0,0563836
1,755;0,0563019
1,758;0,0558104
1,761;0,0549106
1,764;0,0536074
1,767;0,0519092
1,77;0,0498278
1,773;0,0473781
1,776;0,0445784
1,779;0,0414499
1,782;0,0380169
1,785;0,0343063
1,788;0,0303473
1,791;0,0261718
1,794;0,0218133
1,797;0,0173073
1,8;0,0126907
1,803;0,00800166
1,806;0,00327901
1,809;0,00143777
1,812;0,00610903
1,815;0,0106952
1,818;0,0151573
1,821;0,0194569
1,824;0,023557
1,827;0,0274219
1,83;0,0310174
1,833;0,0343118
1,836;0,0372755
1,839;0,0398813
1,842;0,0421052
1,845;0,043926
1,848;0,0453258
1,851;0,0462902
1,854;0,0468083
1,857;0,0468729
1,86;0,0464805
1,863;0,0456315
1,866;0,0443302
1,869;0,0425845
1,872;0,0404063
1,875;0,0378111
1,878;0,034818
1,881;0,0314497
1,884;0,027732
1,887;0,0236939
1,89;0,0193673
1,893;0,0147867
1,896;0,00998895
1,899;0,00501293
1,902;0,000100692
1,905;0,00530983
1,908;0,0105714
1,911;0,0158414
1,914;0,0210757
1,917;0,0262301
1,92;0,0312609
1,923;0,0361249
1,926;0,0407801
1,929;0,0451863
1,932;0,0493048
1,935;0,0530991
1,938;0,0565352
1,941;0,0595821
1,944;0,0622117
1,947;0,0643992
1,95;0,0661233
1,953;0,0673667
1,956;0,0681158
1,959;0,0683611
1,962;0,0680975
1,965;0,0673237
1,968;0,0660432
1,971;0,0642633
1,974;0,0619958
1,977;0,0592567
1,98;0,056066
1,983;0,0524475
1,986;0,048429
1,989;0,0440416
1,992;0,0393198
1,995;0,0343011
1,998;0,0290258
2,001;0,0235366
2,004;0,0178781
2,007;0,0120969
2,01;0,00624079
2,013;0,000358371
2,016;0,00550106
2,019;0,0112882
2,022;0,0169538
2,025;0,0224497
2,028;0,0277285
2,031;0,0327446
2,034;0,037454
2,037;0,0418154
2,04;0,0457898
2,043;0,0493413
2,046;0,0524375
2,049;0,0550493
2,052;0,0571518
2,055;0,0587241
2,058;0,0597495
2,061;0,0602159
2,064;0,0601159
2,067;0,0594466
2,07;0,05821
2,073;0,056413
2,076;0,0540669
2,079;0,051188
2,082;0,047797
2,085;0,0439192
2,088;0,0395841
2,091;0,034825
2,094;0,0296793
2,097;0,0241877
2,1;0,0183942
2,103;0,0123455
2,106;0,00609065
2,109;0,000318991
2,112;0,00683061
2,115;0,0133902
2,118;0,0199429
2,121;0,0264336
2,124;0,0328075
2,127;0,0390103
2,13;0,0449887
2,133;0,0506911
2,136;0,0560678
2,139;0,0610716
2,142;0,0656581
2,145;0,069786
2,148;0,0734178
2,151;0,0765198
2,154;0,0790625
2,157;0,0810209
2,16;0,082375
2,163;0,0831094
2,166;0,0832141
2,169;0,0826841
2,172;0,0815197
2,175;0,0797268
2,178;0,0773164
2,181;0,0743047
2,184;0,0707132
2,187;0,0665683
2,19;0,0619014
2,193;0,0567483
2,196;0,0511492
2,199;0,0451483
2,202;0,0387933
2,205;0,0321354
2,208;0,0252286
2,211;0,0181294
2,214;0,010896
2,217;0,00358849
2,22;0,00373231
2,223;0,011005
2,226;0,0181681
2,229;0,0251608
2,232;0,0319233
2,235;0,0383973
2,238;0,0445265
2,241;0,0502573
2,244;0,0555389
2,247;0,0603242
2,25;0,0645698
2,253;0,0682365
2,256;0,0712899
2,259;0,0737003
2,262;0,0754434
2,265;0,0765003
2,268;0,0768577
2,271;0,0765082
2,274;0,0754502
2,277;0,0736879
2,28;0,0712317
2,283;0,0680979
2,286;0,0643083
2,289;0,0598906
2,292;0,054878
2,295;0,0493086
2,298;0,0432258
2,301;0,0366773
2,304;0,0297152
2,307;0,0223952
2,31;0,0147767
2,313;0,0069216
2,316;0,00110552
2,319;0,00923837
2,322;0,0174093
2,325;0,0255499
2,328;0,0335917
2,331;0,0414664
2,334;0,0491068
2,337;0,0564472
2,34;0,0634242
2,343;0,0699766
2,346;0,0760468
2,349;0,0815807
2,352;0,0865284
2,355;0,0908446
2,358;0,0944889
2,361;0,0974265
2,364;0,0996281
2,367;0,101071
2,37;0,101737
2,373;0,101617
2,376;0,100706
2,379;0,0990065
2,382;0,0965284
2,385;0,0932873
2,388;0,0893055
2,391;0,0846117
2,394;0,0792407
2,397;0,0732334
2,4;0,0666361
2,403;0,0595005
2,406;0,0518831
2,409;0,0438447
2,412;0,0354502
2,415;0,0267679
2,418;0,0178688
2,421;0,00882625
2,424;0,000284655
2,427;0,00938784
2,43;0,0184068
2,433;0,0272652
2,436;0,0358876
2,439;0,0442002
2,442;0,052131
2,445;0,059611
2,448;0,0665745
2,451;0,0729597
2,454;0,0787093
2,457;0,0837709
2,46;0,0880976
2,463;0,0916483
2,466;0,0943882
2,469;0,0962892
2,472;0,0973299
2,475;0,097496
2,478;0,0967806
2,481;0,095184
2,484;0,092714
2,487;0,0893857
2,49;0,0852217
2,493;0,0802515
2,496;0,0745118
2,499;0,0680458
2,502;0,0609031
2,505;0,0531396
2,508;0,0448163
2,511;0,0359997
2,514;0,0267606
2,517;0,017174
2,52;0,00731807
2,523;0,00272602
2,526;0,0128751
2,529;0,0230447
2,532;0,0331494
2,535;0,0431039
2,538;0,0528238
2,541;0,0622257
2,544;0,0712288
2,547;0,0797548
2,55;0,0877291
2,553;0,0950812
2,556;0,101745
2,559;0,107661
2,562;0,112774
2,565;0,117036
2,568;0,120405
2,571;0,122849
2,574;0,12434
2,577;0,124859
2,58;0,124397
2,583;0,12295
2,586;0,120525
2,589;0,117136
2,592;0,112805
2,595;0,107562
2,598;0,101446
2,601;0,0945019
2,604;0,0867834
2,607;0,07835
2,61;0,0692683
2,613;0,0596102
2,616;0,0494531
2,619;0,0388794
2,622;0,0279749
2,625;0,0168294
2,628;0,0055348
2,631;0,00581494
2,634;0,0171248
2,637;0,0282996
2,64;0,0392446
2,643;0,0498663
2,646;0,0600734
2,649;0,0697777
2,652;0,0788942
2,655;0,0873428
2,658;0,0950481
2,661;0,101941
2,664;0,107957
2,667;0,113042
2,67;0,117146
2,673;0,120229
2,676;0,122258
2,679;0,123209
2,682;0,123068
2,685;0,121828
2,688;0,119494
2,691;0,116077
2,694;0,1116
2,697;0,106093
2,7;0,0995956
2,703;0,0921566
2,706;0,0838322
2,709;0,0746867
2,712;0,0647917
2,715;0,0542255
2,718;0,0430725
2,721;0,0314227
2,724;0,0193708
2,727;0,00701534
2,73;0,00554174
2,733;0,0181963
2,736;0,0308426
2,739;0,0433744
2,742;0,0556857
2,745;0,0676717
2,748;0,0792296
2,751;0,0902596
2,754;0,100666
2,757;0,110356
2,76;0,119246
2,763;0,127254
2,766;0,134308
2,769;0,140343
2,772;0,145301
2,775;0,149134
2,778;0,151802
2,781;0,153276
2,784;0,153536
2,787;0,152571
2,79;0,150382
2,793;0,14698
2,796;0,142384
2,799;0,136627
2,802;0,129749
2,805;0,121801
2,808;0,112842
2,811;0,102942
2,814;0,0921775
2,817;0,0806334
2,82;0,0684017
2,823;0,0555807
2,826;0,0422745
2,829;0,0285916
2,832;0,0146446
2,835;0,000549043
2,838;0,0135777
2,841;0,0276172
2,844;0,041451
2,847;0,0549614
2,85;0,068033
2,853;0,0805531
2,856;0,0924131
2,859;0,103509
2,862;0,113743
2,865;0,123023
2,868;0,131266
2,871;0,138395
2,874;0,144344
2,877;0,149054
2,88;0,152479
2,883;0,154582
2,886;0,155335
2,889;0,154725
2,892;0,152748
2,895;0,149412
2,898;0,144735
2,901;0,13875
2,904;0,131496
2,907;0,123028
2,91;0,113409
2,913;0,102712
2,916;0,09102
2,919;0,0784251
2,922;0,0650271
2,925;0,0509335
2,928;0,0362582
2,931;0,0211208
2,934;0,00564542
2,937;0,01004
2,94;0,0258052
2,943;0,0415181
2,946;0,0570465
2,949;0,0722587
2,952;0,0870249
2,955;0,101218
2,958;0,114716
2,961;0,1274
2,964;0,139159
2,967;0,149887
2,97;0,159489
2,973;0,167876
2,976;0,174971
2,979;0,180704
2,982;0,185021
2,985;0,187874
2,988;0,189231
2,991;0,189071
2,994;0,187385
2,997;0,184178
3;0,179467
3,003;0,173282
3,006;0,165665
3,009;0,156672
3,012;0,146369
3,015;0,134834
3,018;0,122156
3,021;0,108435
3,024;0,0937784
3,027;0,0783041
3,03;0,0621367
3,033;0,0454074
3,036;0,0282534
3,039;0,0108158
3,042;0,00676055
3,045;0,024329
3,048;0,0417418
3,051;0,0588519
3,054;0,0755134
3,057;0,0915836
3,06;0,106924
3,063;0,1214
3,066;0,134886
3,069;0,147261
3,072;0,158415
3,075;0,168246
3,078;0,176663
3,081;0,183587
3,084;0,188948
3,087;0,192694
3,09;0,194781
3,093;0,195181
3,096;0,193881
3,099;0,190881
3,102;0,186194
3,105;0,179849
3,108;0,17189
3,111;0,162372
3,114;0,151366
3,117;0,138954
3,12;0,125232
3,123;0,110306
3,126;0,0942945
3,129;0,0773249
3,132;0,0595336
3,135;0,0410646
3,138;0,0220689
3,141;0,00270262
3,144;0,016874
3,147;0,0364978
3,15;0,0560042
3,153;0,0752287
3,156;0,0940079
3,159;0,112181
3,162;0,129592
3,165;0,14609
3,168;0,161529
3,171;0,175775
3,174;0,188698
3,177;0,200183
3,18;0,210123
3,183;0,218426
3,186;0,22501
3,189;0,229811
3,192;0,232775
3,195;0,233867
3,198;0,233064
3,201;0,230363
3,204;0,225772
3,207;0,21932
3,21;0,211048
3,213;0,201013
3,216;0,189289
3,219;0,175964
3,222;0,16114
3,225;0,14493
3,228;0,127463
3,231;0,108877
3,234;0,0893213
3,237;0,0689537
3,24;0,0479401
3,243;0,026453
3,246;0,00466984
3,249;0,0172283
3,252;0,0390583
3,255;0,0606362
3,258;0,0817793
3,261;0,102307
3,264;0,122043
3,267;0,140817
3,27;0,158464
3,273;0,17483
3,276;0,189768
3,279;0,203144
3,282;0,214835
3,285;0,224733
3,288;0,232743
3,291;0,238786
3,294;0,242798
3,297;0,244732
3,3;0,24456
3,303;0,242268
3,306;0,237863
3,309;0,231368
3,312;0,222824
3,315;0,212291
3,318;0,199843
3,321;0,185573
3,324;0,169589
3,327;0,152015
3,33;0,132988
3,333;0,112658
3,336;0,0911881
3,339;0,0687512
3,342;0,0455296
3,345;0,0217133
3,348;0,00250142
3,351;0,0269138
3,354;0,0513199
3,357;0,0755149
3,36;0,0992939
3,363;0,122455
3,366;0,144799
3,369;0,166133
3,372;0,186272
3,375;0,205039
3,378;0,222268
3,381;0,237803
3,384;0,251504
3,387;0,263243
3,39;0,27291
3,393;0,28041
3,396;0,285666
3,399;0,28862
3,402;0,289232
3,405;0,287482
3,408;0,28337
3,411;0,276914
3,414;0,268155
3,417;0,257151
3,42;0,24398
3,423;0,228739
3,426;0,211543
3,429;0,192523
3,432;0,171828
3,435;0,149621
3,438;0,126079
3,441;0,10139
3,444;0,0757557
3,447;0,0493843
3,45;0,022493
3,453;0,00469567
3,456;0,0319553
3,459;0,0590573
3,462;0,0857731
3,465;0,111876
3,468;0,137142
3,471;0,161354
3,474;0,184303
3,477;0,205786
3,48;0,225615
3,483;0,243611
3,486;0,259613
3,489;0,273473
3,492;0,285061
3,495;0,294265
3,498;0,300992
3,501;0,30517
3,504;0,306749
3,507;0,305696
3,51;0,302006
3,513;0,295691
3,516;0,286789
3,519;0,275357
3,522;0,261475
3,525;0,245244
3,528;0,226786
3,531;0,206241
3,534;0,183769
3,537;0,159545
3,54;0,133762
3,543;0,106627
3,546;0,0783597
3,549;0,0491891
3,552;0,019355
3,555;0,0108962
3,558;0,0413132
3,561;0,0716415
3,564;0,101626
3,567;0,131012
3,57;0,159549
3,573;0,186992
3,576;0,213104
3,579;0,237657
3,582;0,260434
3,585;0,281233
3,588;0,299866
3,591;0,316163
3,594;0,329973
3,597;0,341162
3,6;0,349621
3,603;0,355261
3,606;0,358017
3,609;0,357847
3,612;0,354733
3,615;0,348683
3,618;0,339729
3,621;0,327928
3,624;0,31336
3,627;0,296131
3,63;0,276367
3,633;0,254219
3,636;0,229857
3,639;0,203473
3,642;0,175274
3,645;0,145486
3,648;0,114348
3,651;0,0821149
3,654;0,0490491
3,657;0,0154233
3,66;0,0184836
3,663;0,0523887
3,666;0,086007
3,669;0,119054
3,672;0,15125
3,675;0,182317
3,678;0,211988
3,681;0,240004
3,684;0,26612
3,687;0,290104
3,69;0,311741
3,693;0,330834
3,696;0,347207
3,699;0,360705
3,702;0,371195
3,705;0,378571
3,708;0,38275
3,711;0,383677
3,714;0,381324
3,717;0,375689
3,72;0,366799
3,723;0,354706
3,726;0,339494
3,729;0,321268
3,732;0,300164
3,735;0,276339
3,738;0,249977
3,741;0,221283
3,744;0,190483
3,747;0,157822
3,75;0,123563
3,753;0,0879824
3,756;0,0513718
3,759;0,0140318
3,762;0,0237287
3,765;0,0615952
3,768;0,0992503
3,771;0,136376
3,774;0,172658
3,777;0,207785
3,78;0,241456
3,783;0,273377
3,786;0,303269
3,789;0,33087
3,792;0,355931
3,795;0,378226
3,798;0,397551
3,801;0,413723
3,804;0,426588
3,807;0,436015
3,81;0,441903
3,813;0,444181
3,816;0,442806
3,819;0,437766
3,822;0,429081
3,825;0,416799
3,828;0,401001
3,831;0,381797
3,834;0,359327
3,837;0,333758
3,84;0,305286
3,843;0,274131
3,846;0,240537
3,849;0,204771
3,852;0,16712
3,855;0,127888
3,858;0,0873945
3,861;0,0459711
3,864;0,00396004
3,867;0,0382895
3,87;0,0804241
3,873;0,122089
3,876;0,162932
3,879;0,202604
3,882;0,240764
3,885;0,277082
3,888;0,311241
3,891;0,342942
3,894;0,3719
3,897;0,397857
3,9;0,420574
3,903;0,439839
3,906;0,45547
3,909;0,467311
3,912;0,475239
3,915;0,479162
3,918;0,479022
3,921;0,474793
3,924;0,466486
3,927;0,454143
3,93;0,437842
3,933;0,417696
3,936;0,393848
3,939;0,366476
3,942;0,335787
3,945;0,302017
3,948;0,26543
3,951;0,226316
3,954;0,184987
3,957;0,141776
3,96;0,0970339
3,963;0,0511266
3,966;0,00443232
3,969;0,0426616
3,972;0,0897623
3,975;0,136474
3,978;0,182402
3,981;0,227155
3,984;0,270351
3,987;0,311615
3,99;0,35059
3,993;0,386932
3,996;0,420321
3,999;0,450456
4,002;0,477064
4,005;0,499899
4,008;0,518744
4,011;0,533416
4,014;0,543765
4,017;0,549676
4,02;0,551072
4,023;0,547911
4,026;0,54019
4,029;0,527947
4,032;0,511254
4,035;0,490223
4,038;0,465004
4,041;0,43578
4,044;0,402773
4,047;0,366235
4,05;0,32645
4,053;0,283732
4,056;0,238421
4,059;0,190881
4,062;0,141497
4,065;0,0906717
4,068;0,0388233
4,071;0,0136195
4,074;0,0662198
4,077;0,118537
4,08;0,170129
4,083;0,220559
4,086;0,269396
4,089;0,316218
4,092;0,360621
4,095;0,402214
4,098;0,440632
4,101;0,47553
4,104;0,506594
4,107;0,533537
4,11;0,556108
4,113;0,574088
4,116;0,587297
4,119;0,595594
4,122;0,598877
4,125;0,597087
4,128;0,590206
4,131;0,57826
4,134;0,561317
4,137;0,539486
4,14;0,512921
4,143;0,481813
4,146;0,446395
4,149;0,406937
4,152;0,363745
4,155;0,317157
4,158;0,267543
4,161;0,215301
4,164;0,160852
4,167;0,10464
4,17;0,0471258
4,173;0,0112162
4,176;0,069901
4,179;0,128438
4,182;0,186334
4,185;0,243099
4,188;0,29825
4,191;0,351311
4,194;0,401825
4,197;0,44935
4,2;0,493468
4,203;0,533788
4,206;0,569945
4,209;0,60161
4,212;0,628487
4,215;0,650321
4,218;0,666896
4,221;0,678038
4,224;0,68362
4,227;0,683559
4,23;0,677819
4,233;0,666412
4,236;0,649398
4,239;0,626884
4,242;0,599024
4,245;0,566017
4,248;0,528108
4,251;0,485584
4,254;0,438772
4,257;0,388039
4,26;0,333786
4,263;0,276445
4,266;0,216478
4,269;0,154373
4,272;0,0906371
4,275;0,0257958
4,278;0,0396135
4,281;0,105045
4,284;0,169949
4,287;0,233778
4,29;0,295988
4,293;0,356045
4,296;0,413433
4,299;0,467652
4,302;0,518225
4,305;0,564706
4,308;0,606677
4,311;0,643757
4,314;0,675603
4,317;0,701914
4,32;0,722433
4,323;0,736952
4,326;0,75719
4,329;0,783012
4,332;0,814237
4,335;0,850639
4,338;0,891944
4,341;0,937837
4,344;0,987962
4,347;1,04192
4,35;1,0993
4,353;1,15962
4,356;1,2224
4,359;1,28713
4,362;1,35328
4,365;1,4203
4,368;1,48763
4,371;1,55472
4,374;1,62099
4,377;1,68588
4,38;1,74884
4,383;1,80934
4,386;1,86683
4,389;1,92083
4,392;1,97086
4,395;2,01646
4,398;2,05724
4,401;2,09281
4,404;2,12285
4,407;2,14706
4,41;2,1652
4,413;2,17709
4,416;2,18259
4,419;2,1816
4,422;2,1741
4,425;2,1601
4,428;2,13968
4,431;2,11298
4,434;2,08017
4,437;2,04149
4,44;1,99723
4,443;1,94773
4,446;1,89337
4,449;1,83457
4,452;1,7718
4,455;1,70556
4,458;1,63638
4,461;1,56483
4,464;1,4915
4,467;1,41698
4,47;1,3419
4,473;1,26689
4,476;1,19256
4,479;1,11956
4,482;1,0485
4,485;0,980002
4,488;0,914644
4,491;0,853001
4,494;0,795614
4,497;0,742992
4,5;0,695608
4,503;0,653894
4,506;0,606356
4,509;0,553356
4,512;0,495306
4,515;0,43266
4,518;0,365915
4,521;0,295606
4,524;0,2223
4,527;0,146594
4,53;0,069108
4,533;0,00951778
4,536;0,0886305
4,539;0,167569
4,542;0,245668
4,545;0,322267
4,548;0,396714
4,551;0,468367
4,554;0,536609
4,557;0,600844
4,56;0,660506
4,563;0,715066
4,566;0,764031
4,569;0,806956
4,572;0,843441
4,575;0,873138
4,578;0,895755
4,581;0,911055
4,584;0,918864
4,587;0,919069
4,59;0,911618
4,593;0,896525
4,596;0,873869
4,599;0,843791
4,602;0,806496
4,605;0,762252
4,608;0,711385
4,611;0,65428
4,614;0,591378
4,617;0,523169
4,62;0,450193
4,623;0,373032
4,626;0,292307
4,629;0,208674
4,632;0,122816
4,635;0,0354405
4,638;0,0527281
4,641;0,140954
4,644;0,228498
4,647;0,314618
4,65;0,398583
4,653;0,479674
4,656;0,557191
4,659;0,63046
4,662;0,698839
4,665;0,761721
4,668;0,818544
4,671;0,88067
4,674;0,947612
4,677;1,01884
4,68;1,09378
4,683;1,17182
4,686;1,25234
4,689;1,33467
4,692;1,41814
4,695;1,50204
4,698;1,58567
4,701;1,66834
4,704;1,74933
4,707;1,82797
4,71;1,90357
4,713;1,97548
4,716;2,04308
4,719;2,10575
4,722;2,16296
4,725;2,21418
4,728;2,25895
4,731;2,29684
4,734;2,3275
4,737;2,35062
4,74;2,36595
4,743;2,37333
4,746;2,37263
4,749;2,36382
4,752;2,3469
4,755;2,32199
4,758;2,28922
4,761;2,24883
4,764;2,2011
4,767;2,1464
4,77;2,08514
4,773;2,01778
4,776;1,94486
4,779;1,86695
4,782;1,78467
4,785;1,69869
4,788;1,60971
4,791;1,51846
4,794;1,42568
4,797;1,33214
4,8;1,23864
4,803;1,14594
4,806;1,05485
4,809;0,966121
4,812;0,880529
4,815;0,798808
4,818;0,72167
4,821;0,649792
4,824;0,583811
4,827;0,512441
4,83;0,436246
4,833;0,355834
4,836;0,271856
4,839;0,184993
4,842;0,0959565
4,845;0,00548039
4,848;0,0856844
4,851;0,176777
4,854;0,26703
4,857;0,355682
4,86;0,441978
4,863;0,525176
4,866;0,60456
4,869;0,679436
4,872;0,749149
4,875;0,813078
4,878;0,87065
4,881;0,921341
4,884;0,96468
4,887;1,00026
4,89;1,02772
4,893;1,0468
4,896;1,05726
4,899;1,05898
4,902;1,05187
4,905;1,03595
4,908;1,01129
4,911;0,978033
4,914;0,936416
4,917;0,886731
4,92;0,829342
4,923;0,764683
4,926;0,693251
4,929;0,615602
4,932;0,532349
4,935;0,444155
4,938;0,351729
4,941;0,25582
4,944;0,157213
4,947;0,0567172
4,95;0,0448343
4,953;0,146595
4,956;0,247713
4,959;0,347333
4,962;0,444609
4,965;0,53871
4,968;0,628824
4,971;0,714169
4,974;0,793998
4,977;0,879483
4,98;0,969944
4,983;1,06465
4,986;1,16284
4,989;1,2637
4,992;1,36641
4,995;1,47012
4,998;1,57395
5,001;1,67705
5,004;1,77853
5,007;1,87754
5,01;1,97322
5,013;2,06476
5,016;2,15136
5,019;2,23225
5,022;2,30673
5,025;2,37413
5,028;2,43382
5,031;2,48528
5,034;2,528
5,037;2,56157
5,04;2,58566
5,043;2,6
5,046;2,6044
5,049;2,59878
5,052;2,5831
5,055;2,55744
5,058;2,52195
5,061;2,47686
5,064;2,4225
5,067;2,35925
5,07;2,2876
5,073;2,20809
5,076;2,12134
5,079;2,02803
5,082;1,9289
5,085;1,82475
5,088;1,71642
5,091;1,6048
5,094;1,49079
5,097;1,37536
5,1;1,25944
5,103;1,14402
5,106;1,03007
5,109;0,918547
5,112;0,810414
5,115;0,706597
5,118;0,607996
5,121;0,503594
5,124;0,394229
5,127;0,280789
5,13;0,164201
5,133;0,0454235
5,136;0,0745591
5,139;0,194747
5,142;0,314132
5,145;0,431706
5,148;0,546469
5,151;0,657441
5,154;0,763663
5,157;0,864215
5,16;0,958214
5,163;1,04483
5,166;1,12329
5,169;1,19287
5,172;1,25295
5,175;1,30295
5,178;1,34239
5,181;1,37086
5,184;1,38807
5,187;1,3938
5,19;1,38791
5,193;1,37039
5,196;1,34132
5,199;1,30085
5,202;1,24926
5,205;1,18691
5,208;1,11426
5,211;1,03184
5,214;0,940293
5,217;0,840325
5,22;0,732722
5,223;0,618339
5,226;0,498094
5,229;0,372958
5,232;0,243953
5,235;0,112137
5,238;0,0214018
5,241;0,155551
5,244;0,289189
5,247;0,42119
5,25;0,550433
5,253;0,675817
5,256;0,796262
5,259;0,910726
5,262;1,03009
5,265;1,15338
5,268;1,27958
5,271;1,40766
5,274;1,53656
5,277;1,66518
5,28;1,79246
5,283;1,91731
5,286;2,03867
5,289;2,15549
5,292;2,26678
5,295;2,37155
5,298;2,46889
5,301;2,55793
5,304;2,63786
5,307;2,70797
5,31;2,76759
5,313;2,81616
5,316;2,85321
5,319;2,87833
5,322;2,89126
5,325;2,8918
5,328;2,87987
5,331;2,85549
5,334;2,81878
5,337;2,76997
5,34;2,7094
5,343;2,6375
5,346;2,55479
5,349;2,46192
5,352;2,35958
5,355;2,24859
5,358;2,12981
5,361;2,0042
5,364;1,87277
5,367;1,73658
5,37;1,59674
5,373;1,45441
5,376;1,31078
5,379;1,16702
5,382;1,02436
5,385;0,884001
5,388;0,747131
5,391;0,614924
5,394;0,488522
5,397;0,357144
5,4;0,221862
5,403;0,0837858
5,406;0,0559411
5,409;0,196156
5,412;0,335684
5,415;0,473349
5,418;0,607983
5,421;0,738435
5,424;0,863582
5,427;0,98234
5,43;1,09367
5,433;1,19659
5,436;1,29018
5,439;1,3736
5,442;1,44607
5,445;1,50693
5,448;1,55558
5,451;1,59153
5,454;1,61442
5,457;1,62395
5,46;1,61997
5,463;1,60241
5,466;1,57135
5,469;1,52695
5,472;1,46951
5,475;1,39941
5,478;1,31718
5,481;1,22342
5,484;1,11885
5,487;1,00428
5,49;0,880593
5,493;0,748787
5,496;0,60991
5,499;0,465085
5,502;0,31549
5,505;0,162352
5,508;0,00693288
5,511;0,149475
5,514;0,305565
5,517;0,460024
5,52;0,611543
5,523;0,758831
5,526;0,900625
5,529;1,04758
5,532;1,19848
5,535;1,35211
5,538;1,50717
5,541;1,66238
5,544;1,81644
5,547;1,96804
5,55;2,11589
5,553;2,25873
5,556;2,39533
5,559;2,5245
5,562;2,64511
5,565;2,75608
5,568;2,85643
5,571;2,94524
5,574;3,0217
5,577;3,08508
5,58;3,13477
5,583;3,17026
5,586;3,19116
5,589;3,1972
5,592;3,18824
5,595;3,16426
5,598;3,12537
5,601;3,07178
5,604;3,00387
5,607;2,9221
5,61;2,82709
5,613;2,71953
5,616;2,60025
5,619;2,47019
5,622;2,33036
5,625;2,18187
5,628;2,02592
5,631;1,86378
5,634;1,69675
5,637;1,52622
5,64;1,35359
5,643;1,18031
5,646;1,00781
5,649;0,837563
5,652;0,671006
5,655;0,509562
5,658;0,342741
5,661;0,171909
5,664;0,00152354
5,667;0,176117
5,67;0,350412
5,673;0,522943
5,676;0,692248
5,679;0,856886
5,682;1,01544
5,685;1,16655
5,688;1,30889
5,691;1,44121
5,694;1,56233
5,697;1,67117
5,7;1,76673
5,703;1,84812
5,706;1,91458
5,709;1,96544
5,712;2,00018
5,715;2,0184
5,718;2,01985
5,721;2,00441
5,724;1,9721
5,727;1,92307
5,73;1,85765
5,733;1,77626
5,736;1,67949
5,739;1,56807
5,742;1,44282
5,745;1,30471
5,748;1,15482
5,751;0,994339
5,754;0,82454
5,757;0,646792
5,76;0,462537
5,763;0,273281
5,766;0,080582
5,769;0,113964
5,772;0,308734
5,775;0,502093
5,778;0,692409
5,781;0,878062
5,784;1,05746
5,787;1,24095
5,79;1,427
5,793;1,61407
5,796;1,80059
5,799;1,985
5,802;2,16573
5,805;2,34124
5,808;2,51003
5,811;2,67062
5,814;2,82163
5,817;2,96172
5,82;3,08964
5,823;3,20424
5,826;3,30447
5,829;3,38941
5,832;3,45823
5,835;3,51026
5,838;3,54495
5,841;3,56191
5,844;3,56087
5,847;3,54172
5,85;3,50452
5,853;3,44946
5,856;3,37688
5,859;3,28729
5,862;3,18133
5,865;3,05979
5,868;2,92358
5,871;2,77375
5,874;2,61149
5,877;2,43806
5,88;2,25486
5,883;2,06337
5,886;1,86513
5,889;1,66177
5,892;1,45496
5,895;1,24643
5,898;1,03791
5,901;0,831148
5,904;0,6279
5,907;0,429892
5,91;0,226942
5,913;0,0207231
5,916;0,187053
5,919;0,394652
5,922;0,600327
5,925;0,80234
5,928;0,99897
5,931;1,18853
5,934;1,36938
5,937;1,53996
5,94;1,69875
5,943;1,84435
5,946;1,97545
5,949;2,09087
5,952;2,18952
5,955;2,27048
5,958;2,33294
5,961;2,37627
5,964;2,39999
5,967;2,40376
5,97;2,38742
5,973;2,35099
5,976;2,29464
5,979;2,21872
5,982;2,12374
5,985;2,01038
5,988;1,87946
5,991;1,73199
5,994;1,56908
5,997;1,39202
6;1,2022
6,003;1,00112
6,006;0,790414
6,009;0,571782
6,012;0,347011
6,015;0,117951
6,018;0,113503
6,021;0,34542
6,024;0,575857
6,027;0,802868
6,03;1,02452
6,033;1,25081
6,036;1,47985
6,039;1,70974
6,042;1,93856
6,045;2,16437
6,048;2,38527
6,051;2,59935
6,054;2,80479
6,057;2,9998
6,06;3,18268
6,063;3,3518
6,066;3,50567
6,069;3,64289
6,072;3,76221
6,075;3,8625
6,078;3,94281
6,081;4,00232
6,084;4,04041
6,087;4,05663
6,09;4,05068
6,093;4,02249
6,096;3,97215
6,099;3,89993
6,102;3,8063
6,105;3,69192
6,108;3,55762
6,111;3,40438
6,114;3,23338
6,117;3,04594
6,12;2,84354
6,123;2,62777
6,126;2,40035
6,129;2,16314
6,132;1,91805
6,135;1,6671
6,138;1,41236
6,141;1,15594
6,144;0,899979
6,147;0,646638
6,15;0,39806
6,153;0,144484
6,156;0,111992
6,159;0,369233
6,162;0,625082
6,165;0,877381
6,168;1,12399
6,171;1,3628
6,174;1,59175
6,177;1,80886
6,18;2,01223
6,183;2,20006
6,186;2,37068
6,189;2,52254
6,192;2,65424
6,195;2,76456
6,198;2,85242
6,201;2,91695
6,204;2,95746
6,207;2,97344
6,21;2,96461
6,213;2,93089
6,216;2,8724
6,219;2,78946
6,222;2,68263
6,225;2,55265
6,228;2,40045
6,231;2,22718
6,234;2,03415
6,237;1,82287
6,24;1,59499
6,243;1,35231
6,246;1,09678
6,249;0,830475
6,252;0,555548
6,255;0,274259
6,258;0,011071
6,261;0,29807
6,264;0,584339
6,267;0,867467
6,27;1,14506
6,273;1,42662
6,276;1,70982
6,279;1,99228
6,282;2,27164
6,285;2,54551
6,288;2,81157
6,291;3,06753
6,294;3,31118
6,297;3,54039
6,3;3,75314
6,303;3,94755
6,306;4,12185
6,309;4,27446
6,312;4,40396
6,315;4,50911
6,318;4,58888
6,321;4,64242
6,324;4,66912
6,327;4,66859
6,33;4,64066
6,333;4,58538
6,336;4,50305
6,339;4,39418
6,342;4,25952
6,345;4,10003
6,348;3,9169
6,351;3,7115
6,354;3,48544
6,357;3,24046
6,36;2,97851
6,363;2,70169
6,366;2,41221
6,369;2,11243
6,372;1,80481
6,375;1,49187
6,378;1,17621
6,381;0,86047
6,384;0,547296
6,387;0,239335
6,39;0,0726699
6,393;0,386125
6,396;0,698407
6,399;1,00688
6,402;1,30894
6,405;1,602
6,408;1,88354
6,411;2,15113
6,414;2,40242
6,417;2,6352
6,42;2,8474
6,423;3,03711
6,426;3,20258
6,429;3,34227
6,432;3,45484
6,435;3,53918
6,438;3,59439
6,441;3,61983
6,444;3,61509
6,447;3,58001
6,45;3,5147
6,453;3,41951
6,456;3,29505
6,459;3,14218
6,462;2,96201
6,465;2,75586
6,468;2,5253
6,471;2,27213
6,474;1,99831
6,477;1,70601
6,48;1,39758
6,483;1,0755
6,486;0,742382
6,489;0,400963
6,492;0,0540551
6,495;0,295464
6,498;0,644674
6,501;0,99064
6,504;1,33044
6,507;1,67305
6,51;2,01561
6,513;2,35525
6,516;2,6891
6,519;3,01431
6,522;3,3281
6,525;3,62776
6,528;3,91067
6,531;4,17437
6,534;4,4165
6,537;4,6349
6,54;4,82758
6,543;4,99275
6,546;5,12886
6,549;5,23458
6,552;5,30881
6,555;5,35075
6,558;5,35982
6,561;5,33574
6,564;5,27851
6,567;5,18838
6,57;5,06591
6,573;4,91192
6,576;4,7275
6,579;4,514
6,582;4,27304
6,585;4,00645
6,588;3,71632
6,591;3,40494
6,594;3,07477
6,597;2,72848
6,6;2,36887
6,603;1,99887
6,606;1,62153
6,609;1,23997
6,612;0,857375
6,615;0,47694
6,618;0,101879
6,621;0,276501
6,624;0,655044
6,627;1,03057
6,63;1,39991
6,633;1,75991
6,636;2,1075
6,639;2,43968
6,642;2,75355
6,645;3,04636
6,648;3,31552
6,651;3,55862
6,654;3,77345
6,657;3,95801
6,66;4,11058
6,663;4,22965
6,666;4,31402
6,669;4,36276
6,672;4,37523
6,675;4,35108
6,678;4,2903
6,681;4,19316
6,684;4,06023
6,687;3,89241
6,69;3,69088
6,693;3,45713
6,696;3,1929
6,699;2,90022
6,702;2,58137
6,705;2,23887
6,708;1,87542
6,711;1,49396
6,714;1,09758
6,717;0,689499
6,72;0,27308
6,723;0,148234
6,726;0,570936
6,729;0,991483
6,732;1,40633
6,735;1,82383
6,738;2,24051
6,741;2,65284
6,744;3,05735
6,747;3,45057
6,75;3,82915
6,753;4,1898
6,756;4,52938
6,759;4,8449
6,762;5,13356
6,765;5,39276
6,768;5,62013
6,771;5,81357
6,774;5,97123
6,777;6,09155
6,78;6,17329
6,783;6,21552
6,786;6,21762
6,789;6,17932
6,792;6,10068
6,795;5,98211
6,798;5,82435
6,801;5,62847
6,804;5,39588
6,807;5,12828
6,81;4,82771
6,813;4,49648
6,816;4,13718
6,819;3,75264
6,822;3,34593
6,825;2,92033
6,828;2,47929
6,831;2,02642
6,834;1,56544
6,837;1,10018
6,84;0,634514
6,843;0,172355
6,846;0,294274
6,849;0,761481
6,852;1,22534
6,855;1,68195
6,858;2,12741
6,861;2,55792
6,864;2,96975
6,867;3,35934
6,87;3,72327
6,873;4,05832
6,876;4,36149
6,879;4,63002
6,882;4,86144
6,885;5,05357
6,888;5,20455
6,891;5,31283
6,894;5,37725
6,897;5,39697
6,9;5,37155
6,903;5,30091
6,906;5,18535
6,909;5,02556
6,912;4,82259
6,915;4,57788
6,918;4,29321
6,921;3,97072
6,924;3,61288
6,927;3,22246
6,93;2,80254
6,933;2,35646
6,936;1,88779
6,939;1,40032
6,942;0,898036
6,945;0,385058
6,948;0,134375
6,951;0,655939
6,954;1,17527
6,957;1,68798
6,96;2,20162
6,963;2,71186
6,966;3,21441
6,969;3,70499
6,972;4,1794
6,975;4,63355
6,978;5,06351
6,981;5,4655
6,984;5,83597
6,987;6,1716
6,99;6,46935
6,993;6,72649
6,996;6,94058
6,999;7,10956
7,002;7,23171
7,005;7,30572
7,008;7,33065
7,011;7,30597
7,014;7,23159
7,017;7,10779
7,02;6,93532
7,023;6,7153
7,026;6,44928
7,029;6,1392
7,032;5,78738
7,035;5,39651
7,038;4,96962
7,041;4,51008
7,044;4,02152
7,047;3,50787
7,05;2,97329
7,053;2,42212
7,056;1,85889
7,059;1,28827
7,062;0,71498
7,065;0,143835
7,068;0,420358
7,071;0,984695
7,074;1,54444
7,077;2,09485
7,08;2,63125
7,083;3,14905
7,086;3,64377
7,089;4,11111
7,092;4,54698
7,095;4,94751
7,098;5,3091
7,101;5,62847
7,104;5,90267
7,107;6,12911
7,11;6,30558
7,113;6,43027
7,116;6,50181
7,119;6,51926
7,122;6,48212
7,125;6,39035
7,128;6,24439
7,131;6,0451
7,134;5,79382
7,137;5,49232
7,14;5,14283
7,143;4,74796
7,146;4,31075
7,149;3,83459
7,152;3,32324
7,155;2,78076
7,158;2,21152
7,161;1,62012
7,164;1,01139
7,167;0,390327
7,17;0,237921
7,173;0,868128
7,176;1,49501
7,179;2,12517
7,182;2,75332
7,185;3,37418
7,188;3,98248
7,191;4,57304
7,194;5,14079
7,197;5,6808
7,2;6,18836
7,203;6,659
7,206;7,08854
7,209;7,4731
7,212;7,80916
7,215;8,09359
7,218;8,32367
7,221;8,49712
7,224;8,61212
7,227;8,66733
7,23;8,66191
7,233;8,5955
7,236;8,46828
7,239;8,28094
7,242;8,03464
7,245;7,7311
7,248;7,37249
7,251;6,96147
7,254;6,50116
7,257;5,99511
7,26;5,44727
7,263;4,86199
7,266;4,24394
7,269;3,5981
7,272;2,92972
7,275;2,24427
7,278;1,54739
7,281;0,844872
7,284;0,142576
7,287;0,553596
7,29;1,24964
7,293;1,9397
7,296;2,61795
7,299;3,27861
7,302;3,91603
7,305;4,52469
7,308;5,0993
7,311;5,63483
7,314;6,12651
7,317;6,56993
7,32;6,96108
7,323;7,29631
7,326;7,57247
7,329;7,78685
7,332;7,93725
7,335;8,02201
7,338;8,03999
7,341;7,99061
7,344;7,87386
7,347;7,69028
7,35;7,441
7,353;7,12768
7,356;6,75254
7,359;6,31835
7,362;5,82836
7,365;5,28635
7,368;4,69652
7,371;4,06354
7,374;3,39243
7,377;2,68859
7,38;1,95773
7,383;1,20581
7,386;0,439017
7,389;0,336312
7,392;1,11371
7,395;1,88667
7,398;2,66055
7,401;3,42884
7,404;4,18506
7,407;4,92279
7,41;5,6357
7,413;6,31765
7,416;6,96271
7,419;7,56523
7,422;8,11987
7,425;8,62167
7,428;9,06608
7,431;9,44899
7,434;9,76679
7,437;10,0164
7,44;10,1953
7,443;10,3015
7,446;10,3337
7,449;10,2911
7,452;10,1736
7,455;9,98166
7,458;9,7165
7,461;9,37983
7,464;8,97404
7,467;8,50209
7,47;7,96751
7,473;7,3744
7,476;6,72736
7,479;6,03149
7,482;5,29232
7,485;4,51578
7,488;3,70815
7,491;2,87602
7,494;2,02622
7,497;1,16577
7,5;0,301847
7,503;0,558329
7,506;1,41938
7,509;2,27409
7,512;3,11523
7,515;3,93564
7,518;4,72831
7,521;5,4864
7,524;6,20332
7,527;6,87279
7,53;7,48887
7,533;8,04605
7,536;8,53927
7,539;8,96399
7,542;9,31618
7,545;9,59244
7,548;9,78996
7,551;9,90657
7,554;9,94077
7,557;9,89175
7,56;9,75939
7,563;9,54427
7,566;9,24766
7,569;8,87154
7,572;8,41856
7,575;7,89202
7,578;7,29588
7,581;6,63471
7,584;5,91364
7,587;5,13834
7,59;4,31498
7,593;3,45017
7,596;2,55091
7,599;1,62452
7,602;0,678631
7,605;0,278953
7,608;1,24026
7,611;2,19723
7,614;3,15369
7,617;4,1016
7,62;5,03294
7,623;5,93977
7,626;6,81433
7,629;7,64906
7,632;8,4367
7,635;9,17033
7,638;9,84343
7,641;10,45
7,644;10,9844
7,647;11,4419
7,65;11,8179
7,653;12,109
7,656;12,3119
7,659;12,4246
7,662;12,4454
7,665;12,3737
7,668;12,2094
7,671;11,9532
7,674;11,6069
7,677;11,1726
7,68;10,6535
7,683;10,0535
7,686;9,37694
7,689;8,62912
7,692;7,81584
7,695;6,94352
7,698;6,01911
7,701;5,05004
7,704;4,04416
7,707;3,00969
7,71;1,95513
7,713;0,889221
7,716;0,179169
7,719;1,24108
7,722;2,29942
7,725;3,34528
7,728;4,3698
7,731;5,36423
7,734;6,32004
7,737;7,22893
7,74;8,08298
7,743;8,87467
7,746;9,59694
7,749;10,2433
7,752;10,8078
7,755;11,2852
7,758;11,6709
7,761;11,9611
7,764;12,1527
7,767;12,2436
7,77;12,2323
7,773;12,1182
7,776;11,9016
7,779;11,5838
7,782;11,1666
7,785;10,6531
7,788;10,0469
7,791;9,35241
7,794;8,57501
7,797;7,72068
7,8;6,79609
7,803;5,80856
7,806;4,76597
7,809;3,67675
7,812;2,54973
7,815;1,39415
7,818;0,219523
7,821;0,964401
7,824;2,14774
7,827;3,33242
7,83;4,50851
7,833;5,66608
7,836;6,79527
7,839;7,88642
7,842;8,93013
7,845;9,91731
7,848;10,8393
7,851;11,688
7,854;12,4558
7,857;13,1356
7,86;13,7213
7,863;14,2073
7,866;14,5889
7,869;14,8621
7,872;15,0241
7,875;15,0728
7,878;15,007
7,881;14,8265
7,884;14,5321
7,887;14,1256
7,89;13,6096
7,893;12,9879
7,896;12,2648
7,899;11,446
7,902;10,5375
7,905;9,5466
7,908;8,48094
7,911;7,34903
7,914;6,15997
7,917;4,92336
7,92;3,6493
7,923;2,34825
7,926;1,03096
7,929;0,291601
7,932;1,60836
7,935;2,92011
7,938;4,21578
7,941;5,4844
7,944;6,71513
7,947;7,89739
7,95;9,02095
7,953;10,076
7,956;11,0532
7,959;11,9439
7,962;12,74
7,965;13,4343
7,968;14,0202
7,971;14,4921
7,974;14,8455
7,977;15,0764
7,98;15,1822
7,983;15,1613
7,986;15,0129
7,989;14,7375
7,992;14,3367
7,995;13,8129
7,998;13,1698
8,001;12,412
8,004;11,5451
8,007;10,5758
8,01;9,51155
8,013;8,36063
8,016;7,13217
8,019;5,83601
8,022;4,48259
8,025;3,08293
8,028;1,64847
8,031;0,191044
8,034;1,27725
8,037;2,74414
8,04;4,20919
8,043;5,66008
8,046;7,08452
8,049;8,47038
8,052;9,80578
8,055;11,0792
8,058;12,2795
8,061;13,3961
8,064;14,4192
8,067;15,3395
8,07;16,1487
8,073;16,8392
8,076;17,4045
8,079;17,839
8,082;18,1383
8,085;18,299
8,088;18,3188
8,091;18,1966
8,094;17,9327
8,097;17,5282
8,1;16,9857
8,103;16,3089
8,106;15,5026
8,109;14,5727
8,112;13,5262
8,115;12,3713
8,118;11,1169
8,121;9,77284
8,124;8,34993
8,127;6,85959
8,13;5,31391
8,133;3,72552
8,136;2,10748
8,139;0,473197
8,142;1,1637
8,145;2,80137
8,148;4,42605
8,151;6,02401
8,154;7,58166
8,157;9,08565
8,16;10,523
8,163;11,8813
8,166;13,1484
8,169;14,3134
8,172;15,3656
8,175;16,2955
8,178;17,0946
8,181;17,7552
8,184;18,271
8,187;18,6367
8,19;18,8482
8,193;18,9028
8,196;18,7991
8,199;18,5369
8,202;18,1173
8,205;17,5429
8,208;16,8175
8,211;15,9463
8,214;14,9357
8,217;13,7931
8,22;12,5275
8,223;11,1486
8,226;9,66729
8,229;8,09535
8,232;6,44541
8,235;4,73084
8,238;2,96562
8,241;1,16425
8,244;0,65836
8,247;2,48704
8,25;4,30647
8,253;6,11319
8,256;7,89193
8,259;9,62759
8,262;11,3053
8,265;12,9106
8,268;14,4295
8,271;15,8488
8,274;17,1558
8,277;18,3389
8,28;19,3874
8,283;20,2915
8,286;21,0427
8,289;21,6339
8,292;22,0589
8,295;22,3131
8,298;22,3934
8,301;22,2979
8,304;22,0263
8,307;21,5797
8,31;20,9609
8,313;20,1738
8,316;19,224
8,319;18,1185
8,322;16,8656
8,325;15,4747
8,328;13,9568
8,331;12,3238
8,334;10,5886
8,337;8,76513
8,34;6,86821
8,343;4,91328
8,346;2,91638
8,349;0,894016
8,352;1,13698
8,355;3,15961
8,358;5,16871
8,361;7,14732
8,364;9,07861
8,367;10,9461
8,37;12,7336
8,373;14,4257
8,376;16,0074
8,379;17,465
8,382;18,7851
8,385;19,9561
8,388;20,9669
8,391;21,8081
8,394;22,4717
8,397;22,9507
8,4;23,2401
8,403;23,3362
8,406;23,237
8,409;22,942
8,412;22,4524
8,415;21,7712
8,418;20,9028
8,421;19,8533
8,424;18,6305
8,427;17,2433
8,43;15,7025
8,433;14,02
8,436;12,209
8,439;10,284
8,442;8,26027
8,445;6,1543
8,448;3,98322
8,451;1,76484
8,454;0,482493
8,457;2,74009
8,46;4,98906
8,463;7,22233
8,466;9,42104
8,469;11,5665
8,472;13,6403
8,475;15,6247
8,478;17,5023
8,481;19,2568
8,484;20,8725
8,487;22,3351
8,49;23,6312
8,493;24,7489
8,496;25,6777
8,499;26,4086
8,502;26,9341
8,505;27,2486
8,508;27,348
8,511;27,2301
8,514;26,8946
8,517;26,3428
8,52;25,578
8,523;24,6053
8,526;23,4315
8,529;22,0652
8,532;20,5166
8,535;18,7975
8,538;16,9214
8,541;14,9029
8,544;12,7582
8,547;10,5044
8,55;8,15971
8,553;5,74331
8,556;3,27502
8,559;0,775239
8,562;1,73524
8,565;4,23539
8,568;6,71603
8,571;9,1562
8,574;11,5351
8,577;13,8325
8,58;16,0284
8,583;18,1037
8,586;20,0404
8,589;21,8212
8,592;23,4301
8,595;24,8526
8,598;26,0755
8,601;27,0872
8,604;27,878
8,607;28,4397
8,61;28,7662
8,613;28,8531
8,616;28,6984
8,619;28,3016
8,622;27,6647
8,625;26,7913
8,628;25,6874
8,631;24,3607
8,634;22,8209
8,637;21,0796
8,64;19,1502
8,643;17,0477
8,646;14,7886
8,649;12,3908
8,652;9,87367
8,655;7,25756
8,658;4,56381
8,661;1,81455
8,664;0,967489
8,667;3,75914
8,67;6,5489
8,673;9,31332
8,676;12,029
8,679;14,6729
8,682;17,2222
8,685;19,655
8,688;21,9501
8,691;24,0873
8,694;26,0476
8,697;27,8136
8,7;29,369
8,703;30,6994
8,706;31,7924
8,709;32,6371
8,712;33,2248
8,715;33,5491
8,718;33,6054
8,721;33,3916
8,724;32,9078
8,727;32,1563
8,73;31,1416
8,733;29,8707
8,736;28,3526
8,739;26,5984
8,742;24,6214
8,745;22,4367
8,748;20,0614
8,751;17,5141
8,754;14,8153
8,757;11,9866
8,76;9,05084
8,763;6,03212
8,766;2,95524
8,769;0,154353
8,772;3,27073
8,775;6,37964
8,778;9,45492
8,781;12,4705
8,784;15,4007
8,787;18,2204
8,79;20,9051
8,793;23,4315
8,796;25,7773
8,799;27,9216
8,802;29,8452
8,805;31,5304
8,808;32,9617
8,811;34,1253
8,814;35,0097
8,817;35,6058
8,82;35,9067
8,823;35,9079
8,826;35,6076
8,829;35,0063
8,832;34,1072
8,835;32,9159
8,838;31,4406
8,841;29,6917
8,844;27,6824
8,847;25,4277
8,85;22,945
8,853;20,2538
8,856;17,3753
8,859;14,3325
8,862;11,1498
8,865;7,85324
8,868;4,46965
8,871;1,02692
8,874;2,44641
8,877;5,92135
8,88;9,38061
8,883;12,795
8,886;16,1356
8,889;19,3739
8,892;22,482
8,895;25,4329
8,898;28,2009
8,901;30,7615
8,904;33,0919
8,907;35,1711
8,91;36,98
8,913;38,5016
8,916;39,7214
8,919;40,6272
8,922;41,2093
8,925;41,4607
8,928;41,3774
8,931;40,9577
8,934;40,2031
8,937;39,1178
8,94;37,7088
8,943;35,9858
8,946;33,9614
8,949;31,6505
8,952;29,0708
8,955;26,2422
8,958;23,1868
8,961;19,929
8,964;16,4947
8,967;12,9117
8,97;9,20917
8,973;5,41736
8,976;1,5676
8,979;2,30815
8,982;6,17751
8,985;10,0198
8,988;13,8026
8,991;17,4937
8,994;21,0615
8,997;24,4754
9;27,7055
9,003;30,7237
9,006;33,5031
9,009;36,019
9,012;38,2485
9,015;40,1711
9,018;41,7685
9,021;43,0254
9,024;43,929
9,027;44,4695
9,03;44,6399
9,033;44,4365
9,036;43,8586
9,039;42,9086
9,042;41,5922
9,045;39,9181
9,048;37,898
9,051;35,5467
9,054;32,8818
9,057;29,9237
9,06;26,6954
9,063;23,2222
9,066;19,5318
9,069;15,6538
9,072;11,6196
9,075;7,46196
9,078;3,21513
9,081;1,08583
9,084;5,40514
9,087;9,71849
9,09;13,9896
9,093;18,1824
9,096;22,2611
9,099;26,1907
9,102;29,9373
9,105;33,4682
9,108;36,7524
9,111;39,7607
9,114;42,4661
9,117;44,8439
9,12;46,8721
9,123;48,5313
9,126;49,8053
9,129;50,6808
9,132;51,1481
9,135;51,2006
9,138;50,8351
9,141;50,0521
9,144;48,8554
9,147;47,2526
9,15;45,2543
9,153;42,875
9,156;40,132
9,159;37,0463
9,162;33,6414
9,165;29,9439
9,168;25,9831
9,171;21,7905
9,174;17,3998
9,177;12,8467
9,18;8,16834
9,183;3,40325
9,186;1,40911
9,189;6,22862
9,192;11,0267
9,195;15,763
9,198;20,3972
9,201;24,8898
9,204;29,2021
9,207;33,2968
9,21;37,1381
9,213;40,6921
9,216;43,927
9,219;46,8138
9,222;49,3258
9,225;51,4397
9,228;53,135
9,231;54,395
9,234;55,2061
9,237;55,5588
9,24;55,447
9,243;54,8689
9,246;53,8263
9,249;52,3249
9,252;50,3744
9,255;47,9884
9,258;45,184
9,261;41,9822
9,264;38,4074
9,267;34,4871
9,27;30,2521
9,273;25,7359
9,276;20,9747
9,279;16,0069
9,282;10,8729
9,285;5,61484
9,288;0,275988
9,291;5,09929
9,294;10,4661
9,297;15,7911
9,3;21,0294
9,303;26,1364
9,306;31,0683
9,309;35,7826
9,312;40,2384
9,315;44,3965
9,318;48,22
9,321;51,6749
9,324;54,7295
9,327;57,3558
9,33;59,529
9,333;61,2278
9,336;62,435
9,339;63,1373
9,342;63,3256
9,345;62,9949
9,348;62,1448
9,351;60,779
9,354;58,9058
9,357;56,5375
9,36;53,6911
9,363;50,3872
9,366;46,6507
9,369;42,5103
9,372;37,9981
9,375;33,1497
9,378;28,0036
9,381;22,6011
9,384;16,986
9,387;11,2042
9,39;5,30298
9,393;0,668695
9,396;6,66115
9,399;12,6361
9,402;18,5432
9,405;24,3323
9,408;29,9543
9,411;35,3606
9,414;40,5046
9,417;45,3413
9,42;49,8282
9,423;53,9253
9,426;57,5957
9,429;60,8058
9,432;63,5258
9,435;65,7297
9,438;67,3956
9,441;68,5061
9,444;69,0483
9,447;69,014
9,45;68,3999
9,453;67,2073
9,456;65,4427
9,459;63,1171
9,462;60,2464
9,465;56,8514
9,468;52,9572
9,471;48,5933
9,474;43,7933
9,477;38,5949
9,48;33,039
9,483;27,1701
9,486;21,0354
9,489;14,6849
9,492;8,17045
9,495;1,54572
9,498;5,13432
9,501;11,8139
9,504;18,4489
9,507;24,9831
9,51;31,3611
9,513;37,5283
9,516;43,4316
9,519;49,0196
9,522;54,2435
9,525;59,0569
9,528;63,4169
9,531;67,2839
9,534;70,6223
9,537;73,4007
9,54;75,5921
9,543;77,1743
9,546;78,1302
9,549;78,4478
9,552;78,1203
9,555;77,1462
9,558;75,5297
9,561;73,2803
9,564;70,4127
9,567;66,9471
9,57;62,9087
9,573;58,328
9,576;53,2397
9,579;47,6835
9,582;41,703
9,585;35,3458
9,588;28,6627
9,591;21,708
9,594;14,5382
9,597;7,21221
9,6;0,209434
9,603;7,665
9,606;15,104
9,609;22,4637
9,612;29,6819
9,615;36,6971
9,618;43,449
9,621;49,8791
9,624;55,9315
9,627;61,5529
9,63;66,6933
9,633;71,3064
9,636;75,3501
9,639;78,7868
9,642;81,5838
9,645;83,7134
9,648;85,1536
9,651;85,8877
9,654;85,9051
9,657;85,2011
9,66;83,777
9,663;81,6401
9,666;78,8038
9,669;75,2875
9,672;71,1163
9,675;66,3211
9,678;60,9382
9,681;55,009
9,684;48,5798
9,687;41,7015
9,69;34,429
9,693;26,8207
9,696;18,9386
9,699;10,8469
9,702;2,61248
9,705;5,69657
9,708;14,0109
9,711;22,2725
9,714;30,4118
9,717;38,3595
9,72;46,0476
9,723;53,41
9,726;60,3827
9,729;66,9045
9,732;72,918
9,735;78,3692
9,738;83,2089
9,741;87,3924
9,744;90,8803
9,747;93,639
9,75;95,6407
9,753;96,8635
9,756;97,2924
9,759;96,9185
9,762;95,74
9,765;93,7615
9,768;90,9946
9,771;87,4574
9,774;83,1748
9,777;78,1779
9,78;72,5041
9,783;66,1969
9,786;59,305
9,789;51,8826
9,792;43,9888
9,795;35,6867
9,798;27,0436
9,801;18,1298
9,804;9,01845
9,807;0,215129
9,81;9,49418
9,813;18,7529
9,816;27,9135
9,819;36,8983
9,822;45,6306
9,825;54,0357
9,828;62,0407
9,831;69,5758
9,834;76,5748
9,837;82,9755
9,84;88,7201
9,843;93,7564
9,846;98,0374
9,849;101,522
9,852;104,177
9,855;105,973
9,858;106,891
9,861;106,917
9,864;106,045
9,867;104,277
9,87;101,621
9,873;98,0955
9,876;93,723
9,879;88,5353
9,882;82,5708
9,885;75,8746
9,888;68,4982
9,891;60,4993
9,894;51,9411
9,897;42,8919
9,9;33,4245
9,903;23,6159
9,906;13,5461
9,909;3,29823
9,912;7,04292
9,915;17,391
9,918;27,6711
9,921;37,7963
9,924;47,6807
9,927;57,2396
9,93;66,3907
9,933;75,0545
9,936;83,1551
9,939;90,6209
9,942;97,385
9,945;103,386
9,948;108,569
9,951;112,885
9,954;116,292
9,957;118,756
9,96;120,25
9,963;120,756
9,966;120,262
9,969;118,766
9,972;116,275
9,975;112,803
9,978;108,374
9,981;103,017
9,984;96,7725
9,987;89,6871
9,99;81,8147
9,993;73,2165
9,996;63,9601
9,999;54,119
10,002;43,7721
10,005;33,0032
10,008;21,8999
10,011;10,5534
10,014;0,942555
10,017;12,4923
10,02;24,0112
10,023;35,4021
10,026;46,5686
10,029;57,4155
10,032;67,8495
10,035;77,7805
10,038;87,1217
10,041;95,791
10,044;103,711
10,047;110,811
10,05;117,025
10,053;122,297
10,056;126,574
10,059;129,816
10,062;131,989
10,065;133,066
10,068;133,033
10,071;131,882
10,074;129,616
10,077;126,247
10,08;121,796
10,083;116,293
10,086;109,779
10,089;102,3
10,092;93,9147
10,095;84,6866
10,098;74,6882
10,101;63,9985
10,104;52,7029
10,107;40,8923
10,11;28,6627
10,113;16,1142
10,116;3,34998
10,119;9,52396
10,122;22,4002
10,125;35,1826
10,128;47,763
10,131;60,0345
10,134;71,8921
10,137;83,2335
10,14;93,9602
10,143;103,978
10,146;113,198
10,149;121,539
10,152;128,923
10,155;135,284
10,158;140,561
10,161;144,703
10,164;147,667
10,167;149,422
10,17;149,945
10,173;149,223
10,176;147,256
10,179;144,05
10,182;139,626
10,185;134,012
10,188;127,249
10,191;119,385
10,194;110,48
10,197;100,602
10,2;89,8267
10,203;78,2402
10,206;65,9342
10,209;53,0073
10,212;39,5643
10,215;25,7147
10,218;11,5723
10,221;2,74598
10,224;17,121
10,227;31,4443
10,23;45,5952
10,233;59,4538
10,236;72,9017
10,239;85,8233
10,242;98,1068
10,245;109,645
10,248;120,336
10,251;130,084
10,254;138,803
10,257;146,411
10,26;152,838
10,263;158,023
10,266;161,913
10,269;164,468
10,272;165,659
10,275;165,465
10,278;163,88
10,281;160,909
10,284;156,567
10,287;150,882
10,29;143,893
10,293;135,651
10,296;126,217
10,299;115,662
10,302;104,069
10,305;91,5265
10,308;78,1355
10,311;64,0024
10,314;49,2413
10,317;33,9722
10,32;18,3201
10,323;2,41395
10,326;13,6142
10,329;29,6305
10,332;45,5122
10,335;61,1251
10,338;76,3363
10,341;91,0154
10,344;105,036
10,347;118,275
10,35;130,618
10,353;141,954
10,356;152,182
10,359;161,21
10,362;168,952
10,365;175,337
10,368;180,301
10,371;183,795
10,374;185,779
10,377;186,227
10,38;185,125
10,383;182,473
10,386;178,283
10,389;172,581
10,392;165,404
10,395;156,804
10,398;146,843
10,401;135,597
10,404;123,151
10,407;109,604
10,41;95,0604
10,413;79,6375
10,416;63,4586
10,419;46,655
10,422;29,3638
10,425;11,7271
10,428;6,10922
10,431;23,9965
10,434;41,7968
10,437;59,36
10,44;76,537
10,443;93,1811
10,446;109,149
10,449;124,303
10,452;138,509
10,455;151,643
10,458;163,587
10,461;174,233
10,464;183,484
10,467;191,253
10,47;197,466
10,473;202,059
10,476;204,985
10,479;206,208
10,482;205,706
10,485;203,473
10,488;199,517
10,491;193,86
10,494;186,538
10,497;177,602
10,5;167,118
10,503;155,162
10,506;141,827
10,509;127,215
10,512;111,441
10,515;94,6301
10,518;76,9168
10,521;58,444
10,524;39,3622
10,527;19,8276
10,53;0,0015869
10,533;19,9513
10,536;39,8642
10,539;59,5816
10,542;78,9364
10,545;97,7639
10,548;115,902
10,551;133,195
10,554;149,492
10,557;164,649
10,56;178,532
10,563;191,015
10,566;201,986
10,569;211,342
10,572;218,995
10,575;224,869
10,578;228,903
10,581;231,052
10,584;231,286
10,587;229,591
10,59;225,968
10,593;220,435
10,596;213,027
10,599;203,794
10,602;192,802
10,605;180,132
10,608;165,88
10,611;150,154
10,614;133,079
10,617;114,788
10,62;95,4281
10,623;75,1542
10,626;54,131
10,629;32,5305
10,632;10,5302
10,635;11,6875
10,638;33,9374
10,641;56,0447
10,644;77,8227
10,647;99,0865
10,65;119,654
10,653;139,348
10,656;157,998
10,659;175,44
10,662;191,52
10,665;206,094
10,668;219,031
10,671;230,21
10,674;239,527
10,677;246,892
10,68;252,23
10,683;255,484
10,686;256,613
10,689;255,593
10,692;252,42
10,695;247,106
10,698;239,683
10,701;230,198
10,704;218,72
10,707;205,331
10,71;190,131
10,713;173,237
10,716;154,78
10,719;134,905
10,722;113,769
10,725;91,5428
10,728;68,4051
10,731;44,5448
10,734;20,1577
10,737;4,55475
10,74;29,387
10,743;54,1432
10,746;78,6148
10,749;102,595
10,752;125,878
10,755;148,264
10,758;169,561
10,761;189,581
10,764;208,148
10,767;225,098
10,77;240,277
10,773;253,547
10,776;264,784
10,779;273,881
10,782;280,746
10,785;285,31
10,788;287,517
10,791;287,336
10,794;284,751
10,797;279,77
10,8;272,419
10,803;262,744
10,806;250,812
10,809;236,709
10,812;220,539
10,815;202,425
10,818;182,506
10,821;160,938
10,824;137,893
10,827;113,553
10,83;88,1159
10,833;61,7874
10,836;34,7831
10,839;7,32569
10,842;20,3572
10,845;48,0344
10,848;75,4853
10,851;102,478
10,854;128,783
10,857;154,174
10,86;178,433
10,863;201,348
10,866;222,718
10,869;242,355
10,872;260,082
10,875;275,737
10,878;289,177
10,881;300,273
10,884;308,918
10,887;315,024
10,89;318,523
10,893;319,368
10,896;317,537
10,899;313,026
10,902;305,857
10,905;296,073
10,908;283,74
10,911;268,944
10,914;251,795
10,917;232,42
10,92;210,97
10,923;187,61
10,926;162,525
10,929;135,914
10,932;107,991
10,935;78,9823
10,938;49,1247
10,941;18,6633
10,944;12,1497
10,947;43,0578
10,95;73,8138
10,953;104,158
10,956;133,834
10,959;162,587
10,962;190,171
10,965;216,345
10,968;240,881
10,971;263,563
10,974;284,188
10,977;302,57
10,98;318,539
10,983;331,946
10,986;342,663
10,989;350,582
10,992;355,619
10,995;357,712
10,998;356,826
11,001;352,949
11,004;346,093
11,007;336,299
11,01;323,629
11,013;308,171
11,016;290,037
11,019;269,363
11,022;246,306
11,025;221,044
11,028;193,775
11,031;164,716
11,034;134,099
11,037;102,171
11,04;69,193
11,043;35,4343
11,046;1,17375
11,049;33,3042
11,052;67,7111
11,055;101,77
11,058;135,191
11,061;167,691
11,064;198,991
11,067;228,819
11,07;256,916
11,073;283,035
11,076;306,944
11,079;328,428
11,082;347,29
11,085;363,356
11,088;376,472
11,091;386,51
11,094;393,366
11,097;396,961
11,1;397,245
11,103;394,194
11,106;387,813
11,109;378,133
11,112;365,214
11,115;349,146
11,118;330,042
11,121;308,043
11,124;283,316
11,127;256,05
11,13;226,46
11,133;194,778
11,136;161,257
11,139;126,167
11,142;89,7931
11,145;52,432
11,148;14,3913
11,151;24,0136
11,154;62,4626
11,157;100,645
11,16;138,238
11,163;174,922
11,166;210,383
11,169;244,316
11,172;276,426
11,175;306,431
11,178;334,066
11,181;359,083
11,184;381,256
11,187;400,38
11,19;416,275
11,193;428,787
11,196;437,789
11,199;443,183
11,202;444,901
11,205;442,904
11,208;437,186
11,211;427,771
11,214;414,714
11,217;398,102
11,22;378,051
11,223;354,708
11,226;328,248
11,229;298,873
11,232;266,812
11,235;232,316
11,238;195,659
11,241;157,136
11,244;117,058
11,247;75,7528
11,25;33,5584
11,253;9,1762
11,256;52,0954
11,259;94,8517
11,262;137,085
11,265;178,437
11,268;218,555
11,271;257,094
11,274;293,72
11,277;328,113
11,28;359,971
11,283;389,008
11,286;414,964
11,289;437,6
11,292;456,705
11,295;472,097
11,298;483,621
11,301;491,157
11,304;494,615
11,307;493,94
11,31;489,113
11,313;480,146
11,316;467,088
11,319;450,024
11,322;429,07
11,325;404,377
11,328;376,13
11,331;344,543
11,334;309,86
11,337;272,352
11,34;232,316
11,343;190,072
11,346;145,962
11,349;100,343
11,352;53,5896
11,355;6,08674
11,358;41,7712
11,361;89,5844
11,364;136,963
11,367;183,506
11,37;228,817
11,373;272,509
11,376;314,202
11,379;353,535
11,382;390,162
11,385;423,757
11,388;454,02
11,391;480,674
11,394;503,474
11,397;522,202
11,4;536,675
11,403;546,744
11,406;552,297
11,409;553,258
11,412;549,59
11,415;541,293
11,418;528,408
11,421;511,014
11,424;489,228
11,427;463,205
11,43;433,137
11,433;399,249
11,436;361,802
11,439;321,089
11,442;277,429
11,445;231,172
11,448;182,688
11,451;132,372
11,454;80,6333
11,457;27,8979
11,46;25,3974
11,463;78,8087
11,466;131,9
11,469;184,223
11,472;235,333
11,475;284,794
11,478;332,18
11,481;377,078
11,484;419,096
11,487;457,863
11,49;493,032
11,493;524,284
11,496;551,333
11,499;573,924
11,502;591,838
11,505;604,896
11,508;612,956
11,511;615,919
11,514;613,727
11,517;606,366
11,52;593,865
11,523;576,295
11,526;553,771
11,529;526,452
11,532;494,536
11,535;458,262
11,538;417,906
11,541;373,782
11,544;326,236
11,547;275,645
11,55;222,414
11,553;166,975
11,556;109,779
11,559;51,2942
11,562;7,99549
11,565;67,5974
11,568;127,025
11,571;185,777
11,574;243,357
11,577;299,273
11,58;353,045
11,583;404,207
11,586;452,313
11,589;496,939
11,592;537,689
11,595;574,194
11,598;606,122
11,601;633,174
11,604;655,093
11,607;671,661
11,61;682,705
11,613;688,096
11,616;687,754
11,619;681,645
11,622;669,782
11,625;652,229
11,628;629,097
11,631;600,544
11,634;566,776
11,637;528,043
11,64;484,637
11,643;436,895
11,646;385,19
11,649;329,929
11,652;271,556
11,655;210,539
11,658;147,375
11,661;82,5812
11,664;16,6905
11,667;49,7503
11,67;116,187
11,673;182,072
11,676;246,85
11,679;309,969
11,682;370,888
11,685;429,082
11,688;484,044
11,691;535,292
11,694;582,371
11,697;624,86
11,7;662,372
11,703;694,56
11,706;721,12
11,709;741,793
11,712;756,367
11,715;764,681
11,718;766,625
11,721;762,141
11,724;751,227
11,727;733,933
11,73;710,363
11,733;680,676
11,736;645,081
11,739;603,839
11,742;557,261
11,745;505,704
11,748;449,57
11,751;389,3
11,754;325,374
11,757;258,306
11,76;188,639
11,763;116,941
11,766;43,8025
11,769;30,172
11,772;104,367
11,775;178,171
11,778;250,963
11,781;322,124
11,784;391,047
11,787;457,139
11,79;519,824
11,793;578,557
11,796;632,817
11,799;682,121
11,802;726,022
11,805;764,117
11,808;796,05
11,811;821,512
11,814;840,247
11,817;852,057
11,82;856,797
11,823;854,381
11,826;844,786
11,829;828,044
11,832;804,252
11,835;773,563
11,838;736,192
11,841;692,409
11,844;642,542
11,847;586,97
11,85;526,124
11,853;460,481
11,856;390,561
11,859;316,925
11,862;240,168
11,865;160,913
11,868;79,8117
11,871;2,46749
11,874;85,2407
11,877;167,828
11,88;249,534
11,883;329,666
11,886;407,543
11,889;482,495
11,892;553,873
11,895;621,056
11,898;683,452
11,901;740,506
11,904;791,705
11,907;836,582
11,91;874,719
11,913;905,752
11,916;929,376
11,919;945,344
11,922;953,473
11,925;953,645
11,928;945,808
11,931;929,976
11,934;906,231
11,937;874,722
11,94;835,663
11,943;789,335
11,946;736,08
11,949;676,302
11,952;610,46
11,955;539,068
11,958;462,692
11,961;381,94
11,964;297,463
11,967;209,947
11,97;120,108
11,973;28,684
11,976;63,5654
11,979;155,871
11,982;247,47
11,985;337,589
11,988;425,46
11,991;510,332
11,994;591,471
