0,003;0
0,006;6,36396e-05
0,009;0,000190792
0,012;0,000380832
0,015;0,000632645
0,018;0,000944622
0,021;0,00131468
0,024;0,00174027
0,027;0,0022184
0,03;0,00274563
0,033;0,00331814
0,036;0,00393174
0,039;0,00458186
0,042;0,00526366
0,045;0,00597199
0,048;0,00670149
0,051;0,00744659
0,054;0,00820157
0,057;0,00896059
0,06;0,00971777
0,063;0,0104672
0,066;0,0112029
0,069;0,0119192
0,072;0,0126103
0,075;0,0132707
0,078;0,013895
0,081;0,0144782
0,084;0,0150155
0,087;0,0155025
0,09;0,015935
0,093;0,0163093
0,096;0,0166223
0,099;0,016871
0,102;0,0170533
0,105;0,0171672
0,108;0,0172115
0,111;0,0171855
0,114;0,0170889
0,117;0,016922
0,12;0,0166859
0,123;0,0163819
0,126;0,016012
0,129;0,0155787
0,132;0,015085
0,135;0,0145344
0,138;0,0139309
0,141;0,0132788
0,144;0,0125831
0,147;0,0118488
0,15;0,0110815
0,153;0,0102869
0,156;0,00947111
0,159;0,00864036
0,162;0,00780103
0,165;0,00695963
0,168;0,0061227
0,171;0,0052968
0,174;0,00448844
0,177;0,00370401
0,18;0,00294979
0,183;0,00223182
0,186;0,00155592
0,189;0,000927601
0,192;0,000352043
0,195;0,00016596
0,198;0,000622033
0,201;0,00101226
0,204;0,00133321
0,207;0,00158199
0,21;0,00175623
0,213;0,00185415
0,216;0,00187453
0,219;0,00181676
0,222;0,00168085
0,225;0,00146741
0,228;0,00117764
0,231;0,000813361
0,234;0,000376988
0,237;0,000128496
0,24;0,000699549
0,243;0,0013321
0,246;0,00202156
0,249;0,0027629
0,252;0,00355063
0,255;0,00437886
0,258;0,00524139
0,261;0,00613168
0,264;0,00704294
0,267;0,00796819
0,27;0,0089003
0,273;0,00983203
0,276;0,0107561
0,279;0,0116653
0,282;0,0125524
0,285;0,0134104
0,288;0,0142324
0,291;0,0150118
0,294;0,0157423
0,297;0,0164178
0,3;0,0170329
0,303;0,0175823
0,306;0,0180613
0,309;0,018466
0,312;0,0187925
0,315;0,0190381
0,318;0,0192002
0,321;0,0192771
0,324;0,0192677
0,327;0,0191716
0,33;0,0189891
0,333;0,0187211
0,336;0,0183691
0,339;0,0179354
0,342;0,0174229
0,345;0,0168353
0,348;0,0161765
0,351;0,0154514
0,354;0,0146652
0,357;0,0138237
0,36;0,0129331
0,363;0,0120001
0,366;0,0110317
0,369;0,0100353
0,372;0,00901855
0,375;0,00798915
0,378;0,0069551
0,381;0,00592444
0,384;0,00490524
0,387;0,00390551
0,39;0,00293315
0,393;0,00199591
0,396;0,00110131
0,399;0,00025657
0,402;0,000531431
0,405;0,00125622
0,408;0,00191177
0,411;0,00249257
0,414;0,00299366
0,417;0,00341067
0,42;0,00373985
0,423;0,00397813
0,426;0,00412313
0,429;0,00417316
0,432;0,0041273
0,435;0,00398533
0,438;0,00374782
0,441;0,00341606
0,444;0,00299209
0,447;0,00247868
0,45;0,00187932
0,453;0,00119819
0,456;0,000440116
0,459;0,000389423
0,462;0,00128438
0,465;0,00223814
0,468;0,00324362
0,471;0,00429327
0,474;0,00537916
0,477;0,00649303
0,48;0,00762636
0,483;0,00877041
0,486;0,00991633
0,489;0,0110552
0,492;0,0121781
0,495;0,0132761
0,498;0,0143406
0,501;0,015363
0,504;0,0163352
0,507;0,0172493
0,51;0,0180977
0,513;0,0188735
0,516;0,0195703
0,519;0,0201821
0,522;0,0207037
0,525;0,0211304
0,528;0,0214585
0,531;0,0216847
0,534;0,0218067
0,537;0,021823
0,54;0,0217328
0,543;0,0215362
0,546;0,0212341
0,549;0,0208282
0,552;0,0203212
0,555;0,0197164
0,558;0,019018
0,561;0,0182307
0,564;0,0173604
0,567;0,0164132
0,57;0,0153962
0,573;0,0143168
0,576;0,0131831
0,579;0,0120037
0,582;0,0107874
0,585;0,00954355
0,588;0,0082817
0,591;0,00701158
0,594;0,00574304
0,597;0,00448598
0,6;0,00325028
0,603;0,00204571
0,606;0,000881825
0,609;0,000232044
0,612;0,00128692
0,615;0,00227425
0,618;0,00318591
0,621;0,00401438
0,624;0,0047527
0,627;0,00539459
0,63;0,00593449
0,633;0,00636759
0,636;0,0066899
0,639;0,00689825
0,642;0,00699037
0,645;0,00696485
0,648;0,00682122
0,651;0,00655992
0,654;0,00618229
0,657;0,00569061
0,66;0,00508805
0,663;0,00437867
0,666;0,00356739
0,669;0,00265993
0,672;0,00166282
0,675;0,00058332
0,678;0,000570631
0,681;0,00179046
0,684;0,00306705
0,687;0,00439075
0,69;0,00575152
0,693;0,00713896
0,696;0,00854241
0,699;0,009951
0,702;0,0113538
0,705;0,0127398
0,708;0,0140981
0,711;0,015418
0,714;0,0166889
0,717;0,0179006
0,72;0,0190434
0,723;0,0201079
0,726;0,0210854
0,729;0,0219677
0,732;0,0227474
0,735;0,0234179
0,738;0,0239732
0,741;0,0244084
0,744;0,0247194
0,747;0,024903
0,75;0,0249571
0,753;0,0248804
0,756;0,0246729
0,759;0,0243354
0,762;0,0238698
0,765;0,0232788
0,768;0,0225666
0,771;0,0217378
0,774;0,0207983
0,777;0,0197548
0,78;0,0186147
0,783;0,0173865
0,786;0,0160792
0,789;0,0147026
0,792;0,0132669
0,795;0,011783
0,798;0,0102623
0,801;0,00871634
0,804;0,00715707
0,807;0,00559657
0,81;0,004047
0,813;0,00252052
0,816;0,00102917
0,819;0,000415223
0,822;0,00180111
0,825;0,00311735
0,828;0,00435327
0,831;0,00549877
0,834;0,00654438
0,837;0,00748136
0,84;0,00830179
0,843;0,00899858
0,846;0,00956558
0,849;0,00999762
0,852;0,0102905
0,855;0,0104413
0,858;0,0104478
0,861;0,0103092
0,864;0,0100258
0,867;0,00959884
0,87;0,00903093
0,873;0,00832565
0,876;0,00748769
0,879;0,00652283
0,882;0,00543786
0,885;0,00424054
0,888;0,00293956
0,891;0,00154447
0,894;6,55986e-05
0,897;0,001486
0,9;0,00309865
0,903;0,00476012
0,906;0,00645774
0,909;0,00817848
0,912;0,00990904
0,915;0,011636
0,918;0,0133458
0,921;0,0150251
0,924;0,0166606
0,927;0,0182393
0,93;0,0197485
0,933;0,021176
0,936;0,0225103
0,939;0,0237404
0,942;0,0248561
0,945;0,025848
0,948;0,0267077
0,951;0,0274277
0,954;0,0280016
0,957;0,028424
0,96;0,0286908
0,963;0,0287991
0,966;0,0287469
0,969;0,0285339
0,972;0,0281607
0,975;0,0276293
0,978;0,026943
0,981;0,0261062
0,984;0,0251245
0,987;0,0240048
0,99;0,0227551
0,993;0,0213842
0,996;0,0199022
0,999;0,01832
1,002;0,0166494
1,005;0,0149029
1,008;0,0130936
1,011;0,0112354
1,014;0,00934235
1,017;0,00742912
1,02;0,00551049
1,023;0,00360139
1,026;0,00171676
1,029;0,00012855
1,032;0,00191992
1,035;0,00364306
1,038;0,00528415
1,041;0,00682989
1,044;0,00826769
1,047;0,0095857
1,05;0,0107729
1,053;0,0118194
1,056;0,0127161
1,059;0,0134552
1,062;0,01403
1,065;0,014435
1,068;0,0146661
1,071;0,0147206
1,074;0,0145969
1,077;0,014295
1,08;0,0138162
1,083;0,0131632
1,086;0,0123402
1,089;0,0113524
1,092;0,0102068
1,095;0,00891121
1,098;0,00747499
1,101;0,00590849
1,104;0,00422319
1,107;0,00243153
1,11;0,000546872
1,113;0,00141662
1,116;0,00344409
1,119;0,0055201
1,122;0,00762873
1,125;0,00975373
1,128;0,0118786
1,131;0,0139868
1,134;0,0160618
1,137;0,0180871
1,14;0,0200468
1,143;0,0219251
1,146;0,0237069
1,149;0,0253778
1,152;0,0269241
1,155;0,0283329
1,158;0,0295926
1,161;0,0306924
1,164;0,0316228
1,167;0,0323756
1,17;0,0329439
1,173;0,0333221
1,176;0,0335063
1,179;0,0334938
1,182;0,0332837
1,185;0,0328763
1,188;0,0322738
1,191;0,0314797
1,194;0,0304991
1,197;0,0293386
1,2;0,0280061
1,203;0,0265111
1,206;0,0248642
1,209;0,0230776
1,212;0,0211641
1,215;0,0191382
1,218;0,0170148
1,221;0,0148101
1,224;0,0125407
1,227;0,010224
1,23;0,00787768
1,233;0,00551998
1,236;0,00316919
1,239;0,000843684
1,242;0,00143825
1,245;0,00365856
1,248;0,00579958
1,251;0,00784413
1,254;0,00977572
1,257;0,0115786
1,26;0,013238
1,263;0,0147402
1,266;0,0160724
1,269;0,0172234
1,272;0,018183
1,275;0,0189428
1,278;0,0194955
1,281;0,0198358
1,284;0,0199597
1,287;0,0198649
1,29;0,0195511
1,293;0,0190193
1,296;0,0182724
1,299;0,017315
1,302;0,0161533
1,305;0,0147953
1,308;0,0132504
1,311;0,0115295
1,314;0,00964506
1,317;0,00761082
1,32;0,00544178
1,323;0,00315408
1,326;0,000764859
1,329;0,00170782
1,332;0,00424516
1,335;0,00682775
1,338;0,00943569
1,341;0,0120488
1,344;0,0146467
1,347;0,0172091
1,35;0,0197158
1,353;0,0221468
1,356;0,0244829
1,359;0,0267052
1,362;0,0287957
1,365;0,0307373
1,368;0,0325141
1,371;0,0341113
1,374;0,0355153
1,377;0,036714
1,38;0,037697
1,383;0,0384553
1,386;0,0389816
1,389;0,0392706
1,392;0,0393186
1,395;0,0391238
1,398;0,0386864
1,401;0,0380083
1,404;0,0370935
1,407;0,0359477
1,41;0,0345784
1,413;0,0329952
1,416;0,0312091
1,419;0,0292328
1,422;0,0270806
1,425;0,0247684
1,428;0,0223132
1,431;0,0197334
1,434;0,0170484
1,437;0,0142784
1,44;0,0114446
1,443;0,00856879
1,446;0,00567308
1,449;0,00277996
1,452;8,79761e-05
1,455;0,00290822
1,458;0,00565851
1,461;0,00831696
1,464;0,0108623
1,467;0,0132741
1,47;0,0155327
1,473;0,0176195
1,476;0,0195174
1,479;0,0212105
1,482;0,0226843
1,485;0,023926
1,488;0,0249247
1,491;0,0256711
1,494;0,026158
1,497;0,0263801
1,5;0,026334
1,503;0,0260186
1,506;0,0254348
1,509;0,0245856
1,512;0,023476
1,515;0,0221133
1,518;0,0205065
1,521;0,0186668
1,524;0,0166072
1,527;0,0143425
1,53;0,0118892
1,533;0,0092652
1,536;0,00649011
1,539;0,00358466
1,542;0,000570762
1,545;0,00252871
1,548;0,00569007
1,551;0,00888903
1,554;0,0121008
1,557;0,0153005
1,56;0,0184631
1,563;0,0215636
1,566;0,0245776
1,569;0,0274809
1,572;0,0302504
1,575;0,0328637
1,578;0,0352994
1,581;0,0375375
1,584;0,0395595
1,587;0,0413482
1,59;0,0428885
1,593;0,0441668
1,596;0,0451716
1,599;0,0458936
1,602;0,0463255
1,605;0,0464621
1,608;0,0463008
1,611;0,045841
1,614;0,0450847
1,617;0,0440359
1,62;0,0427012
1,623;0,0410894
1,626;0,0392113
1,629;0,0370802
1,632;0,0347111
1,635;0,0321211
1,638;0,0293292
1,641;0,026356
1,644;0,0232236
1,647;0,0199556
1,65;0,0165765
1,653;0,0131123
1,656;0,00958924
1,659;0,00603464
1,662;0,00247599
1,665;0,00105897
1,668;0,00454254
1,671;0,00794724
1,674;0,0112461
1,677;0,0144126
1,68;0,0174215
1,683;0,0202484
1,686;0,02287
1,689;0,0252648
1,692;0,0274128
1,695;0,0292959
1,698;0,0308976
1,701;0,0322041
1,704;0,0332032
1,707;0,0338856
1,71;0,0342439
1,713;0,0342736
1,716;0,0339725
1,719;0,033341
1,722;0,0323822
1,725;0,0311016
1,728;0,0295073
1,731;0,02761
1,734;0,0254226
1,737;0,0229607
1,74;0,0202417
1,743;0,0172855
1,746;0,0141136
1,749;0,0107496
1,752;0,00721859
1,755;0,00354718
1,758;0,000236843
1,761;0,0041046
1,764;0,00802642
1,767;0,011972
1,77;0,0159107
1,773;0,0198119
1,776;0,0236447
1,779;0,027379
1,782;0,030985
1,785;0,034434
1,788;0,0376979
1,791;0,0407504
1,794;0,0435664
1,797;0,0461225
1,8;0,0483974
1,803;0,0503716
1,806;0,0520279
1,809;0,0533517
1,812;0,0543307
1,815;0,0549552
1,818;0,0552183
1,821;0,0551159
1,824;0,0546467
1,827;0,0538121
1,83;0,0526165
1,833;0,0510673
1,836;0,0491744
1,839;0,0469506
1,842;0,0444113
1,845;0,0415745
1,848;0,0384607
1,851;0,0350924
1,854;0,0314945
1,857;0,0276937
1,86;0,0237185
1,863;0,0195989
1,866;0,0153661
1,869;0,0110526
1,872;0,00669149
1,875;0,00231654
1,878;0,00203822
1,881;0,00633869
1,884;0,010551
1,887;0,0146419
1,89;0,0185786
1,893;0,0223296
1,896;0,0258645
1,899;0,0291546
1,902;0,0321726
1,905;0,0348937
1,908;0,0372946
1,911;0,039355
1,914;0,0410567
1,917;0,0423844
1,92;0,0433256
1,923;0,0438706
1,926;0,044013
1,929;0,0437493
1,932;0,0430791
1,935;0,0420054
1,938;0,0405342
1,941;0,0386747
1,944;0,036439
1,947;0,0338426
1,95;0,0309034
1,953;0,0276426
1,956;0,0240835
1,959;0,0202524
1,962;0,0161774
1,965;0,0118889
1,968;0,00741921
1,971;0,00280207
1,974;0,00192734
1,977;0,00673279
1,98;0,0115772
1,983;0,0164231
1,986;0,0212326
1,989;0,0259681
1,992;0,0305921
1,995;0,0350679
1,998;0,0393598
2,001;0,0434332
2,004;0,0472552
2,007;0,0507943
2,01;0,0540214
2,013;0,0569095
2,016;0,0594341
2,019;0,0615734
2,022;0,0633085
2,025;0,0646234
2,028;0,0655056
2,031;0,0659456
2,034;0,0659374
2,037;0,0654784
2,04;0,0645698
2,043;0,0632158
2,046;0,0614246
2,049;0,0592074
2,052;0,0565793
2,055;0,0535582
2,058;0,0501655
2,061;0,0464255
2,064;0,0423653
2,067;0,0380147
2,07;0,033406
2,073;0,0285737
2,076;0,0235541
2,079;0,0183853
2,082;0,0131068
2,085;0,00775902
2,088;0,00238338
2,091;0,00297839
2,094;0,00828439
2,097;0,0134929
2,1;0,0185628
2,103;0,0234536
2,106;0,0281262
2,109;0,0325429
2,112;0,0366677
2,115;0,0404668
2,118;0,0439086
2,121;0,0469643
2,124;0,0496078
2,127;0,051816
2,13;0,0535692
2,133;0,0548511
2,136;0,055649
2,139;0,0559537
2,142;0,0557602
2,145;0,055067
2,148;0,0538766
2,151;0,0521954
2,154;0,0500337
2,157;0,0474056
2,16;0,0443288
2,163;0,0408247
2,166;0,0369183
2,169;0,0326376
2,172;0,0280139
2,175;0,0230812
2,178;0,0178762
2,181;0,012438
2,184;0,00680752
2,187;0,00102769
2,19;0,00485733
2,193;0,0108022
2,196;0,016761
2,199;0,0226872
2,202;0,0285345
2,205;0,0342568
2,208;0,0398087
2,211;0,0451459
2,214;0,0502256
2,217;0,0550066
2,22;0,0594499
2,223;0,063519
2,226;0,0671798
2,229;0,0704015
2,232;0,0731564
2,235;0,0754203
2,238;0,0771727
2,241;0,0783969
2,244;0,0790804
2,247;0,0792147
2,25;0,0787955
2,253;0,0778229
2,256;0,0763013
2,259;0,0742394
2,262;0,07165
2,265;0,0685505
2,268;0,0649618
2,271;0,0609094
2,274;0,0564219
2,277;0,051532
2,28;0,0462754
2,283;0,040691
2,286;0,0348205
2,289;0,0287079
2,292;0,0223997
2,295;0,0159437
2,298;0,00938961
2,301;0,00278789
2,304;0,00381022
2,307;0,0103532
2,31;0,0167898
2,313;0,0230691
2,316;0,0291413
2,319;0,0349577
2,322;0,0404716
2,325;0,0456381
2,328;0,050415
2,331;0,0547627
2,334;0,0586448
2,337;0,0620284
2,34;0,0648841
2,343;0,0671867
2,346;0,0689149
2,349;0,070052
2,352;0,0705856
2,355;0,0705081
2,358;0,0698165
2,361;0,0685128
2,364;0,0666034
2,367;0,0640998
2,37;0,0610181
2,373;0,0573789
2,376;0,0532074
2,379;0,0485331
2,382;0,0433895
2,385;0,0378139
2,388;0,0318474
2,391;0,0255343
2,394;0,0189217
2,397;0,0120596
2,4;0,00499996
2,403;0,00220327
2,406;0,00949473
2,409;0,0168181
2,412;0,0241163
2,415;0,0313325
2,418;0,0384097
2,421;0,045292
2,424;0,0519246
2,427;0,0582543
2,43;0,06423
2,433;0,0698029
2,436;0,0749274
2,439;0,0795608
2,442;0,0836642
2,445;0,0872024
2,448;0,0901445
2,451;0,0924643
2,454;0,0941399
2,457;0,0951546
2,46;0,0954966
2,463;0,0951594
2,466;0,0941416
2,469;0,0924472
2,472;0,0900856
2,475;0,0870712
2,478;0,0834239
2,481;0,0791683
2,484;0,0743341
2,487;0,0689558
2,49;0,063072
2,493;0,0567258
2,496;0,049964
2,499;0,0428369
2,502;0,0353979
2,505;0,0277033
2,508;0,0198117
2,511;0,0117834
2,514;0,00368025
2,517;0,00443495
2,52;0,012499
2,523;0,0204487
2,526;0,0282213
2,529;0,0357553
2,532;0,0429904
2,535;0,0498685
2,538;0,056334
2,541;0,0623338
2,544;0,0678186
2,547;0,0727426
2,55;0,0770642
2,553;0,080746
2,556;0,0837558
2,559;0,0860661
2,562;0,0876548
2,565;0,0885054
2,568;0,0886069
2,571;0,0879543
2,574;0,0865482
2,577;0,0843952
2,58;0,0815078
2,583;0,0779042
2,586;0,0736085
2,589;0,0686501
2,592;0,0630638
2,595;0,0568895
2,598;0,0501721
2,601;0,0429607
2,604;0,0353088
2,607;0,0272734
2,61;0,0189151
2,613;0,0102971
2,616;0,00148516
2,619;0,00745311
2,622;0,0164487
2,625;0,0254319
2,628;0,0343324
2,631;0,0430803
2,634;0,0516067
2,637;0,0598435
2,64;0,0677251
2,643;0,0751877
2,646;0,0821708
2,649;0,088617
2,652;0,0944731
2,655;0,09969
2,658;0,104223
2,661;0,108033
2,664;0,111086
2,667;0,113354
2,67;0,114815
2,673;0,115452
2,676;0,115257
2,679;0,114224
2,682;0,112358
2,685;0,109669
2,688;0,106172
2,691;0,101891
2,694;0,0968535
2,697;0,091095
2,7;0,0846563
2,703;0,0775835
2,706;0,0699282
2,709;0,0617467
2,712;0,0530998
2,715;0,0440521
2,718;0,0346721
2,721;0,0250308
2,724;0,015202
2,727;0,00526123
2,73;0,00471457
2,733;0,0146478
2,736;0,0244608
2,739;0,0340762
2,742;0,043418
2,745;0,0524117
2,748;0,0609851
2,751;0,0690688
2,754;0,0765971
2,757;0,083508
2,76;0,0897439
2,763;0,0952524
2,766;0,0999862
2,769;0,103904
2,772;0,10697
2,775;0,109156
2,778;0,11044
2,781;0,110806
2,784;0,110247
2,787;0,10876
2,79;0,106353
2,793;0,103039
2,796;0,0988381
2,799;0,0937783
2,802;0,0878941
2,805;0,0812266
2,808;0,0738232
2,811;0,0657374
2,814;0,0570283
2,817;0,0477602
2,82;0,0380022
2,823;0,0278275
2,826;0,0173132
2,829;0,00653916
2,832;0,004412
2,835;0,0154559
2,838;0,0265069
2,841;0,037479
2,844;0,0482859
2,847;0,0588426
2,85;0,0690651
2,853;0,0788719
2,856;0,088184
2,859;0,0969259
2,862;0,105026
2,865;0,112418
2,868;0,119039
2,871;0,124834
2,874;0,129752
2,877;0,133751
2,88;0,136793
2,883;0,138849
2,886;0,139898
2,889;0,139925
2,892;0,138925
2,895;0,136899
2,898;0,133857
2,901;0,129817
2,904;0,124805
2,907;0,118854
2,91;0,112004
2,913;0,104306
2,916;0,095812
2,919;0,0865855
2,922;0,0766938
2,925;0,0662101
2,928;0,0552128
2,931;0,0437847
2,934;0,0320125
2,937;0,0199859
2,94;0,00779732
2,943;0,00445915
2,946;0,0166883
2,949;0,0287945
2,952;0,0406828
2,955;0,052259
2,958;0,0634311
2,961;0,0741096
2,964;0,0842083
2,967;0,0936452
2,97;0,102343
2,973;0,110229
2,976;0,117237
2,979;0,123308
2,982;0,128389
2,985;0,132434
2,988;0,135406
2,991;0,137275
2,994;0,138021
2,997;0,137631
3;0,136101
3,003;0,133438
3,006;0,129654
3,009;0,124774
3,012;0,118828
3,015;0,111858
3,018;0,103911
3,021;0,0950433
3,024;0,0853196
3,027;0,0748103
3,03;0,0635929
3,033;0,0517508
3,036;0,0393727
3,039;0,026552
3,042;0,0133863
3,045;2,38483e-05
3,048;0,0135752
3,051;0,027163
3,054;0,0406813
3,057;0,0540243
3,06;0,067087
3,063;0,0797658
3,066;0,0919596
3,069;0,103571
3,072;0,114505
3,075;0,124672
3,078;0,133991
3,081;0,142381
3,084;0,149774
3,087;0,156104
3,09;0,161318
3,093;0,165367
3,096;0,168213
3,099;0,169827
3,102;0,17019
3,105;0,169291
3,108;0,16713
3,111;0,163717
3,114;0,15907
3,117;0,153219
3,12;0,146203
3,123;0,138069
3,126;0,128875
3,129;0,118686
3,132;0,107576
3,135;0,0956258
3,138;0,0829242
3,141;0,0695657
3,144;0,0556507
3,147;0,0412846
3,15;0,0265768
3,153;0,0116401
3,156;0,00341046
3,159;0,0184581
3,162;0,0333853
3,165;0,0480751
3,168;0,0624115
3,171;0,0762806
3,174;0,0895714
3,177;0,102177
3,18;0,113995
3,183;0,124929
3,186;0,134888
3,189;0,14379
3,192;0,151557
3,195;0,158124
3,198;0,163432
3,201;0,167433
3,204;0,170087
3,207;0,171366
3,21;0,171252
3,213;0,169738
3,216;0,166828
3,219;0,162536
3,222;0,156887
3,225;0,149919
3,228;0,141677
3,231;0,132218
3,234;0,12161
3,237;0,109928
3,24;0,0972575
3,243;0,083691
3,246;0,0693294
3,249;0,05428
3,252;0,0386564
3,255;0,0225769
3,258;0,00616451
3,261;0,0104548
3,264;0,0271527
3,267;0,0437992
3,27;0,0602643
3,273;0,0764184
3,276;0,0921339
3,279;0,107285
3,282;0,121752
3,285;0,135416
3,288;0,148167
3,291;0,159899
3,294;0,170517
3,297;0,179929
3,3;0,188056
3,303;0,194827
3,306;0,200181
3,309;0,204069
3,312;0,206451
3,315;0,2073
3,318;0,206601
3,321;0,20435
3,324;0,200556
3,327;0,195239
3,33;0,188431
3,333;0,180179
3,336;0,170536
3,339;0,159571
3,342;0,147362
3,345;0,133996
3,348;0,119571
3,351;0,104193
3,354;0,0879767
3,357;0,071044
3,36;0,0535225
3,363;0,0355457
3,366;0,0172509
3,369;0,00122088
3,372;0,0197266
3,375;0,0381222
3,378;0,0562635
3,381;0,0740075
3,384;0,0912135
3,387;0,107744
3,39;0,123467
3,393;0,138254
3,396;0,151985
3,399;0,164546
3,402;0,175833
3,405;0,18575
3,408;0,194213
3,411;0,201146
3,414;0,206487
3,417;0,210184
3,42;0,2122
3,423;0,212508
3,426;0,211098
3,429;0,207969
3,432;0,203135
3,435;0,196626
3,438;0,188482
3,441;0,178757
3,444;0,167517
3,447;0,154842
3,45;0,140822
3,453;0,125558
3,456;0,109163
3,459;0,0917582
3,462;0,0734728
3,465;0,0544445
3,468;0,0348176
3,471;0,0147417
3,474;0,00562937
3,477;0,0261383
3,48;0,0466259
3,483;0,0669323
3,486;0,0868981
3,489;0,106365
3,492;0,12518
3,495;0,14319
3,498;0,160252
3,501;0,176227
3,504;0,190983
3,507;0,204399
3,51;0,216362
3,513;0,22677
3,516;0,235533
3,519;0,242574
3,522;0,247828
3,525;0,251242
3,528;0,25278
3,531;0,252419
3,534;0,25015
3,537;0,245981
3,54;0,239933
3,543;0,232042
3,546;0,222359
3,549;0,210948
3,552;0,19789
3,555;0,183276
3,558;0,167212
3,561;0,149814
3,564;0,13121
3,567;0,111538
3,57;0,0909458
3,573;0,0695884
3,576;0,047628
3,579;0,0252324
3,582;0,00257372
3,585;0,0201728
3,588;0,0428303
3,591;0,0652215
3,594;0,0871702
3,597;0,108503
3,6;0,129049
3,603;0,148644
3,606;0,16713
3,609;0,184355
3,612;0,200179
3,615;0,21447
3,618;0,227107
3,621;0,237983
3,624;0,247001
3,627;0,254082
3,63;0,259158
3,633;0,262178
3,636;0,263108
3,639;0,261927
3,642;0,258632
3,645;0,253237
3,648;0,245773
3,651;0,236284
3,654;0,224833
3,657;0,211499
3,66;0,196374
3,663;0,179566
3,666;0,161196
3,669;0,141399
3,672;0,12032
3,675;0,0981174
3,678;0,0749566
3,681;0,0510132
3,684;0,0264694
3,687;0,00151315
3,69;0,0236633
3,693;0,0488648
3,696;0,073895
3,699;0,0985577
3,702;0,122658
3,705;0,146006
3,708;0,168413
3,711;0,1897
3,714;0,209695
3,717;0,228234
3,72;0,245164
3,723;0,260343
3,726;0,273644
3,729;0,284951
3,732;0,294164
3,735;0,3012
3,738;0,305991
3,741;0,308487
3,744;0,308654
3,747;0,306479
3,75;0,301964
3,753;0,295132
3,756;0,286021
3,759;0,27469
3,762;0,261215
3,765;0,245687
3,768;0,228217
3,771;0,208929
3,774;0,187963
3,777;0,165473
3,78;0,141626
3,783;0,116599
3,786;0,090581
3,789;0,0637694
3,792;0,0363685
3,795;0,0085887
3,798;0,0193556
3,801;0,0472474
3,804;0,0748687
3,807;0,102003
3,81;0,128435
3,813;0,153955
3,816;0,178358
3,819;0,201448
3,822;0,223038
3,825;0,242949
3,828;0,261017
3,831;0,27709
3,834;0,291031
3,837;0,30272
3,84;0,312051
3,843;0,318939
3,846;0,323316
3,849;0,325132
3,852;0,32436
3,855;0,320989
3,858;0,315031
3,861;0,306518
3,864;0,295501
3,867;0,282052
3,87;0,266261
3,873;0,248237
3,876;0,22811
3,879;0,206023
3,882;0,182137
3,885;0,156628
3,888;0,129686
3,891;0,101512
3,894;0,0723201
3,897;0,0423307
3,9;0,0117735
3,903;0,0191163
3,906;0,0500999
3,909;0,080936
3,912;0,111383
3,915;0,141202
3,918;0,170156
3,921;0,198014
3,924;0,224553
3,927;0,249558
3,93;0,272826
3,933;0,294163
3,936;0,313394
3,939;0,330355
3,942;0,344902
3,945;0,356906
3,948;0,36626
3,951;0,372875
3,954;0,376683
3,957;0,377639
3,96;0,375719
3,963;0,370921
3,966;0,363265
3,969;0,352795
3,972;0,339576
3,975;0,323695
3,978;0,305261
3,981;0,284403
3,984;0,261269
3,987;0,236026
3,99;0,20886
3,993;0,179971
3,996;0,149574
3,999;0,117898
4,002;0,0851818
4,005;0,0516753
4,008;0,0176351
4,011;0,0166765
4,014;0,0509933
4,017;0,0850478
4,02;0,118573
4,023;0,151304
4,026;0,182981
4,029;0,213351
4,032;0,242169
4,035;0,269202
4,038;0,294228
4,041;0,31704
4,044;0,337449
4,047;0,35528
4,05;0,37038
4,053;0,382614
4,056;0,391872
4,059;0,398063
4,062;0,401121
4,065;0,401005
4,068;0,397697
4,071;0,391204
4,074;0,381558
4,077;0,368816
4,08;0,35306
4,083;0,334395
4,086;0,31295
4,089;0,288876
4,092;0,262345
4,095;0,233551
4,098;0,202704
4,101;0,170034
4,104;0,135784
4,107;0,100213
4,11;0,0635901
4,113;0,0261953
4,116;0,0116844
4,119;0,0497563
4,122;0,0877246
4,125;0,125292
4,128;0,162165
4,131;0,198049
4,134;0,232661
4,137;0,265722
4,14;0,296966
4,143;0,326139
4,146;0,353001
4,149;0,377328
4,152;0,398917
4,155;0,417584
4,158;0,433165
4,161;0,445522
4,164;0,454539
4,167;0,460126
4,17;0,46222
4,173;0,460785
4,176;0,455811
4,179;0,447317
4,182;0,435348
4,185;0,419977
4,188;0,401305
4,191;0,379458
4,194;0,354588
4,197;0,326872
4,2;0,29651
4,203;0,263722
4,206;0,22875
4,209;0,191855
4,212;0,153313
4,215;0,113415
4,218;0,0724655
4,221;0,0307764
4,224;0,0113309
4,227;0,0535305
4,23;0,0954936
4,233;0,136892
4,236;0,177398
4,239;0,216693
4,242;0,254461
4,245;0,2904
4,248;0,324219
4,251;0,355641
4,254;0,384408
4,257;0,410279
4,26;0,433037
4,263;0,452486
4,266;0,468454
4,269;0,480798
4,272;0,489399
4,275;0,494169
4,278;0,495049
4,281;0,492008
4,284;0,485049
4,287;0,474202
4,29;0,45953
4,293;0,441125
4,296;0,419109
4,299;0,393633
4,302;0,364874
4,305;0,333039
4,308;0,298359
4,311;0,261086
4,314;0,221497
4,317;0,179887
4,32;0,136569
4,323;0,0918705
4,326;0,0461328
4,329;0,000293628
4,332;0,0470507
4,335;0,0937756
4,338;0,140104
4,341;0,185671
4,344;0,230119
4,347;0,273093
4,35;0,314249
4,353;0,353257
4,356;0,389799
4,359;0,423577
4,362;0,45431
4,365;0,481741
4,368;0,505638
4,371;0,525792
4,374;0,542027
4,377;0,554191
4,38;0,562166
4,383;0,565867
4,386;0,565239
4,389;0,560262
4,392;0,55095
4,395;0,53735
4,398;0,519544
4,401;0,497645
4,404;0,471801
4,407;0,442192
4,41;0,409024
4,413;0,372538
4,416;0,332998
4,419;0,290695
4,422;0,245943
4,425;0,199077
4,428;0,150449
4,431;0,10043
4,434;0,0494005
4,437;0,00224633
4,44;0,0541116
4,443;0,105792
4,446;0,156883
4,449;0,206983
4,452;0,255696
4,455;0,302633
4,458;0,347419
4,461;0,38969
4,464;0,429104
4,467;0,465335
4,47;0,498083
4,473;0,527073
4,476;0,552056
4,479;0,572814
4,482;0,589161
4,485;0,600943
4,488;0,608043
4,491;0,610378
4,494;0,607902
4,497;0,600606
4,5;0,588519
4,503;0,571709
4,506;0,550277
4,509;0,524366
4,512;0,494151
4,515;0,459842
4,518;0,421684
4,521;0,379952
4,524;0,334951
4,527;0,287012
4,53;0,236493
4,533;0,183773
4,536;0,129249
4,539;0,0733382
4,542;0,016467
4,545;0,0409261
4,548;0,0983964
4,551;0,155496
4,554;0,211778
4,557;0,266798
4,56;0,32012
4,563;0,371318
4,566;0,41998
4,569;0,465712
4,572;0,50814
4,575;0,546915
4,578;0,581712
4,581;0,612237
4,584;0,638228
4,587;0,659455
4,59;0,675724
4,593;0,686882
4,596;0,692809
4,599;0,693431
4,602;0,688712
4,605;0,678656
4,608;0,663313
4,611;0,64277
4,614;0,617159
4,617;0,586648
4,62;0,551448
4,623;0,511807
4,626;0,468007
4,629;0,420366
4,632;0,369234
4,635;0,314989
4,638;0,258035
4,641;0,198803
4,644;0,13774
4,647;0,0753119
4,65;0,0119981
4,653;0,0517129
4,656;0,115326
4,659;0,178346
4,662;0,240276
4,665;0,300627
4,668;0,35892
4,671;0,414688
4,674;0,467481
4,677;0,516871
4,68;0,562451
4,683;0,603845
4,686;0,640706
4,689;0,672719
4,692;0,699607
4,695;0,721131
4,698;0,737091
4,701;0,758361
4,704;0,784807
4,707;0,816251
4,71;0,852479
4,713;0,893235
4,716;0,938227
4,719;0,987129
4,722;1,03958
4,725;1,0952
4,728;1,15356
4,731;1,21423
4,734;1,27675
4,737;1,34064
4,74;1,40541
4,743;1,47057
4,746;1,53559
4,749;1,59999
4,752;1,66324
4,755;1,72486
4,758;1,78434
4,761;1,84122
4,764;1,89504
4,767;1,94535
4,77;1,99175
4,773;2,03385
4,776;2,0713
4,779;2,10377
4,782;2,13099
4,785;2,15272
4,788;2,16875
4,791;2,17892
4,794;2,18312
4,797;2,18128
4,8;2,17339
4,803;2,15947
4,806;2,13959
4,809;2,11387
4,812;2,08248
4,815;2,04564
4,818;2,00359
4,821;1,95663
4,824;1,90511
4,827;1,8494
4,83;1,78991
4,833;1,72708
4,836;1,66138
4,839;1,59331
4,842;1,52338
4,845;1,45213
4,848;1,38011
4,851;1,30787
4,854;1,23598
4,857;1,165
4,86;1,09549
4,863;1,028
4,866;0,96306
4,869;0,901204
4,872;0,842926
4,875;0,788704
4,878;0,738981
4,881;0,694174
4,884;0,65466
4,887;0,609746
4,89;0,559752
4,893;0,505039
4,896;0,446005
4,899;0,383086
4,902;0,316751
4,905;0,247497
4,908;0,175846
4,911;0,102345
4,914;0,0275563
4,917;0,0479452
4,92;0,123574
4,923;0,198742
4,926;0,272859
4,929;0,345341
4,932;0,415614
4,935;0,483116
4,938;0,547304
4,941;0,60766
4,944;0,66369
4,947;0,714931
4,95;0,760957
4,953;0,801378
4,956;0,835847
4,959;0,864059
4,962;0,885759
4,965;0,90074
4,968;0,908845
4,971;0,909972
4,974;0,904071
4,977;0,891148
4,98;0,871263
4,983;0,84453
4,986;0,811119
4,989;0,77125
4,992;0,725199
4,995;0,673287
4,998;0,615886
5,001;0,553412
5,004;0,486322
5,007;0,415114
5,01;0,340319
5,013;0,262499
5,016;0,182243
5,019;0,100165
5,022;0,0168924
5,025;0,0669311
5,028;0,150655
5,031;0,233626
5,034;0,315192
5,037;0,394709
5,04;0,471545
5,043;0,545085
5,046;0,614736
5,049;0,679932
5,052;0,74014
5,055;0,79486
5,058;0,854664
5,061;0,919117
5,064;0,987741
5,067;1,06003
5,07;1,13543
5,073;1,21338
5,076;1,29329
5,079;1,37454
5,082;1,4565
5,085;1,53855
5,088;1,62004
5,091;1,70034
5,094;1,7788
5,097;1,85482
5,1;1,92777
5,103;1,99708
5,106;2,06217
5,109;2,12253
5,112;2,17765
5,115;2,22708
5,118;2,27038
5,121;2,30719
5,124;2,33719
5,127;2,3601
5,13;2,3757
5,133;2,38383
5,136;2,38438
5,139;2,3773
5,142;2,3626
5,145;2,34036
5,148;2,3107
5,151;2,27381
5,154;2,22994
5,157;2,17939
5,16;2,12252
5,163;2,05972
5,166;1,99147
5,169;1,91825
5,172;1,84061
5,175;1,75913
5,178;1,67443
5,181;1,58714
5,184;1,49793
5,187;1,40748
5,19;1,31651
5,193;1,2257
5,196;1,13577
5,199;1,04743
5,202;0,961376
5,205;0,878289
5,208;0,798838
5,211;0,723662
5,214;0,653372
5,217;0,588546
5,22;0,518689
5,223;0,444318
5,226;0,365986
5,229;0,284281
5,232;0,199822
5,235;0,11325
5,238;0,0252298
5,241;0,0635618
5,244;0,152436
5,247;0,240701
5,25;0,327664
5,253;0,412638
5,256;0,494951
5,259;0,573945
5,262;0,648983
5,265;0,719458
5,268;0,784794
5,271;0,844451
5,274;0,89793
5,277;0,94478
5,28;0,984596
5,283;1,01703
5,286;1,04178
5,289;1,05861
5,292;1,06734
5,295;1,06787
5,298;1,06013
5,301;1,04414
5,304;1,01998
5,307;0,987782
5,31;0,94776
5,313;0,900176
5,316;0,845359
5,319;0,783694
5,322;0,715622
5,325;0,641637
5,328;0,562282
5,331;0,478144
5,334;0,389852
5,337;0,298071
5,34;0,203497
5,343;0,10685
5,346;0,00887303
5,349;0,0896779
5,352;0,188037
5,355;0,285437
5,358;0,381111
5,361;0,474304
5,364;0,564274
5,367;0,650302
5,37;0,731692
5,373;0,807783
5,376;0,888982
5,379;0,974686
5,382;1,06425
5,385;1,157
5,388;1,25223
5,391;1,34922
5,394;1,4472
5,397;1,54544
5,4;1,64316
5,403;1,7396
5,406;1,83399
5,409;1,92559
5,412;2,01368
5,415;2,09753
5,418;2,17648
5,421;2,24987
5,424;2,31711
5,427;2,37764
5,43;2,43093
5,433;2,47654
5,436;2,51407
5,439;2,54317
5,442;2,56357
5,445;2,57506
5,448;2,5775
5,451;2,57081
5,454;2,555
5,457;2,53014
5,46;2,49637
5,463;2,45389
5,466;2,403
5,469;2,34403
5,472;2,27741
5,475;2,2036
5,478;2,12315
5,481;2,03663
5,484;1,94469
5,487;1,84802
5,49;1,74734
5,493;1,64342
5,496;1,53704
5,499;1,42902
5,502;1,3202
5,505;1,21142
5,508;1,10352
5,511;0,997355
5,514;0,893764
5,517;0,793567
5,52;0,697567
5,523;0,606537
5,526;0,510183
5,529;0,409228
5,532;0,304432
5,535;0,196589
5,538;0,0865244
5,541;0,0249175
5,544;0,136875
5,547;0,248478
5,55;0,358853
5,553;0,467134
5,556;0,572462
5,559;0,674
5,562;0,770933
5,565;0,862479
5,568;0,947892
5,571;1,02647
5,574;1,09756
5,577;1,16057
5,58;1,21495
5,583;1,26024
5,586;1,29602
5,589;1,32196
5,592;1,33781
5,595;1,34338
5,598;1,33856
5,601;1,32334
5,604;1,29778
5,607;1,262
5,61;1,21624
5,613;1,16079
5,616;1,09603
5,619;1,02241
5,622;0,940445
5,625;0,850736
5,628;0,753936
5,631;0,650756
5,634;0,541967
5,637;0,428382
5,64;0,310861
5,643;0,190297
5,646;0,0676132
5,649;0,0562459
5,652;0,180321
5,655;0,303646
5,658;0,425253
5,661;0,544186
5,664;0,6595
5,667;0,770275
5,67;0,875621
5,673;0,985715
5,676;1,09973
5,679;1,21679
5,682;1,33601
5,685;1,45646
5,688;1,57722
5,691;1,69735
5,694;1,8159
5,697;1,93194
5,7;2,04455
5,703;2,15284
5,706;2,25593
5,709;2,35298
5,712;2,44322
5,715;2,52589
5,718;2,6003
5,721;2,66583
5,724;2,72191
5,727;2,76805
5,73;2,80384
5,733;2,82894
5,736;2,84308
5,739;2,84609
5,742;2,83789
5,745;2,81847
5,748;2,78793
5,751;2,74642
5,754;2,69423
5,757;2,63168
5,76;2,55921
5,763;2,47732
5,766;2,3866
5,769;2,28771
5,772;2,18137
5,775;2,06837
5,778;1,94954
5,781;1,82578
5,784;1,69804
5,787;1,56727
5,79;1,43449
5,793;1,30071
5,796;1,16699
5,799;1,03435
5,802;0,903839
5,805;0,776491
5,808;0,653315
5,811;0,535295
5,814;0,412352
5,817;0,285416
5,82;0,155454
5,823;0,0234621
5,826;0,109542
5,829;0,242527
5,832;0,374455
5,835;0,504291
5,838;0,631011
5,841;0,753607
5,844;0,8711
5,847;0,982543
5,85;1,08703
5,853;1,18371
5,856;1,27178
5,859;1,35051
5,862;1,41922
5,865;1,47733
5,868;1,52431
5,871;1,55974
5,874;1,58327
5,877;1,59465
5,88;1,59373
5,883;1,58043
5,886;1,55479
5,889;1,51694
5,892;1,4671
5,895;1,40559
5,898;1,33282
5,901;1,2493
5,904;1,15562
5,907;1,05244
5,91;0,940514
5,913;0,82067
5,916;0,693793
5,919;0,560832
5,922;0,422789
5,925;0,280712
5,928;0,135684
5,931;0,0111792
5,934;0,158744
5,937;0,305862
5,94;0,451384
5,943;0,594166
5,946;0,733078
5,949;0,867014
5,952;1,00593
5,955;1,14878
5,958;1,29445
5,961;1,44185
5,964;1,58982
5,967;1,73721
5,97;1,88288
5,973;2,02567
5,976;2,16446
5,979;2,29814
5,982;2,42563
5,985;2,54591
5,988;2,658
5,991;2,76097
5,994;2,85398
5,997;2,93622
6;3,00701
6,003;3,06572
6,006;3,11183
6,009;3,1449
6,012;3,1646
6,015;3,1707
6,018;3,16306
6,021;3,14168
6,024;3,10664
6,027;3,05812
6,03;2,99645
6,033;2,922
6,036;2,83531
6,039;2,73696
6,042;2,62766
6,045;2,50819
6,048;2,37944
6,051;2,24235
6,054;2,09794
6,057;1,94729
6,06;1,79156
6,063;1,63191
6,066;1,46957
6,069;1,30579
6,072;1,14185
6,075;0,979019
6,078;0,818573
6,081;0,661779
6,084;0,509881
6,087;0,353061
6,09;0,192514
6,093;0,0294706
6,096;0,134812
6,099;0,299059
6,102;0,46199
6,105;0,622327
6,108;0,778802
6,111;0,930174
6,114;1,07523
6,117;1,21281
6,12;1,34179
6,123;1,46111
6,126;1,56979
6,129;1,66693
6,132;1,75169
6,135;1,82333
6,138;1,88124
6,141;1,92487
6,144;1,95381
6,147;1,96774
6,15;1,96646
6,153;1,9499
6,156;1,9181
6,159;1,87122
6,162;1,80953
6,165;1,73344
6,168;1,64344
6,171;1,54017
6,174;1,42435
6,177;1,29682
6,18;1,15849
6,183;1,01038
6,186;0,853605
6,189;0,689322
6,192;0,518772
6,195;0,343251
6,198;0,164098
6,201;0,017311
6,204;0,199573
6,207;0,381272
6,21;0,560987
6,213;0,737305
6,216;0,908832
6,219;1,08523
6,222;1,26516
6,225;1,44722
6,228;1,63003
6,231;1,81214
6,234;1,99215
6,237;2,16862
6,24;2,34018
6,243;2,50544
6,246;2,66308
6,249;2,81184
6,252;2,95049
6,255;3,0779
6,258;3,19301
6,261;3,29484
6,264;3,38254
6,267;3,45533
6,27;3,51255
6,273;3,55368
6,276;3,57829
6,279;3,58611
6,282;3,57696
6,285;3,55083
6,288;3,50782
6,291;3,44816
6,294;3,37223
6,297;3,28052
6,3;3,17366
6,303;3,05239
6,306;2,91758
6,309;2,7702
6,312;2,61132
6,315;2,44212
6,318;2,26386
6,321;2,07787
6,324;1,88556
6,327;1,6884
6,33;1,48789
6,333;1,28558
6,336;1,08303
6,339;0,881835
6,342;0,683558
6,345;0,489766
6,348;0,290967
6,351;0,0886809
6,354;0,115533
6,357;0,320094
6,36;0,523409
6,363;0,723884
6,366;0,919939
6,369;1,11002
6,372;1,29261
6,375;1,46624
6,378;1,6295
6,381;1,78106
6,384;1,91967
6,387;2,04418
6,39;2,15353
6,393;2,24678
6,396;2,32311
6,399;2,38182
6,402;2,42236
6,405;2,44431
6,408;2,44738
6,411;2,43144
6,414;2,39651
6,417;2,34275
6,42;2,27046
6,423;2,18011
6,426;2,07229
6,429;1,94775
6,432;1,80736
6,435;1,65212
6,438;1,48316
6,441;1,30171
6,444;1,10912
6,447;0,906822
6,45;0,696344
6,453;0,479277
6,456;0,257277
6,459;0,0320454
6,462;0,194678
6,465;0,421135
6,468;0,645557
6,471;0,866181
6,474;1,08127
6,477;1,30013
6,48;1,52109
6,483;1,74244
6,486;1,96244
6,489;2,17938
6,492;2,39155
6,495;2,59726
6,498;2,79487
6,501;2,9828
6,504;3,15952
6,507;3,32358
6,51;3,47364
6,513;3,60845
6,516;3,72685
6,519;3,82784
6,522;3,91053
6,525;3,97416
6,528;4,01813
6,531;4,04198
6,534;4,04541
6,537;4,02827
6,54;3,99058
6,543;3,93251
6,546;3,8544
6,549;3,75674
6,552;3,64017
6,555;3,50551
6,558;3,35368
6,561;3,18579
6,564;3,00304
6,567;2,80677
6,57;2,59844
6,573;2,3796
6,576;2,15189
6,579;1,91705
6,582;1,67686
6,585;1,43317
6,588;1,18785
6,591;0,942808
6,594;0,69996
6,597;0,461211
6,6;0,217415
6,603;0,0295534
6,606;0,277788
6,609;0,525359
6,612;0,770331
6,615;1,01078
6,618;1,2448
6,621;1,47054
6,624;1,68617
6,627;1,88997
6,63;2,08028
6,633;2,25552
6,636;2,41425
6,639;2,55514
6,642;2,67697
6,645;2,7787
6,648;2,8594
6,651;2,91833
6,654;2,95491
6,657;2,96871
6,66;2,9595
6,663;2,92722
6,666;2,87198
6,669;2,79408
6,672;2,69401
6,675;2,5724
6,678;2,43008
6,681;2,26805
6,684;2,08745
6,687;1,88958
6,69;1,6759
6,693;1,44796
6,696;1,20747
6,699;0,956237
6,702;0,696147
6,705;0,429183
6,708;0,157386
6,711;0,117151
6,714;0,392303
6,717;0,665928
6,72;0,935881
6,723;1,20004
6,726;1,46733
6,729;1,7357
6,732;2,00305
6,735;2,2673
6,738;2,52636
6,741;2,77818
6,744;3,02077
6,747;3,25216
6,75;3,4705
6,753;3,674
6,756;3,861
6,759;4,02992
6,762;4,17937
6,765;4,30804
6,768;4,41483
6,771;4,49877
6,774;4,55907
6,777;4,59513
6,78;4,60652
6,783;4,59302
6,786;4,55458
6,789;4,49135
6,792;4,4037
6,795;4,29215
6,798;4,15745
6,801;4,0005
6,804;3,82241
6,807;3,62444
6,81;3,40801
6,813;3,17472
6,816;2,92627
6,819;2,66453
6,822;2,39145
6,825;2,10911
6,828;1,81964
6,831;1,52527
6,834;1,22826
6,837;0,93091
6,84;0,635545
6,843;0,344477
6,846;0,0489705
6,849;0,248696
6,852;0,546212
6,855;0,841257
6,858;1,13152
6,861;1,4147
6,864;1,68855
6,867;1,95088
6,87;2,19958
6,873;2,43263
6,876;2,64812
6,879;2,84427
6,882;3,01943
6,885;3,17213
6,888;3,30103
6,891;3,40499
6,894;3,48306
6,897;3,53448
6,9;3,55869
6,903;3,55535
6,906;3,52432
6,909;3,46569
6,912;3,37974
6,915;3,267
6,918;3,12819
6,921;2,96423
6,924;2,77627
6,927;2,56563
6,93;2,33381
6,933;2,08251
6,936;1,81357
6,939;1,529
6,942;1,2309
6,945;0,921546
6,948;0,603269
6,951;0,278504
6,954;0,0502532
6,957;0,380462
6,96;0,709554
6,963;1,03496
6,966;1,36514
6,969;1,69756
6,972;2,02963
6,975;2,35877
6,978;2,68238
6,981;2,99792
6,984;3,30287
6,987;3,59479
6,99;3,87133
6,993;4,13025
6,996;4,36942
6,999;4,58686
7,002;4,78076
7,005;4,94945
7,008;5,09149
7,011;5,2056
7,014;5,29074
7,017;5,34608
7,02;5,371
7,023;5,36514
7,026;5,32836
7,029;5,26078
7,032;5,16274
7,035;5,03482
7,038;4,87786
7,041;4,69292
7,044;4,48126
7,047;4,24438
7,05;3,984
7,053;3,70199
7,056;3,40044
7,059;3,08159
7,062;2,74782
7,065;2,40164
7,068;2,0457
7,071;1,68269
7,074;1,31543
7,077;0,946742
7,08;0,579499
7,083;0,216573
7,086;0,150211
7,089;0,518014
7,092;0,883974
7,095;1,24522
7,098;1,59892
7,101;1,94226
7,104;2,27251
7,107;2,58701
7,11;2,88322
7,113;3,15872
7,116;3,41124
7,119;3,63869
7,122;3,83913
7,125;4,01086
7,128;4,15236
7,131;4,26236
7,134;4,33981
7,137;4,38393
7,14;4,39417
7,143;4,37026
7,146;4,31219
7,149;4,2202
7,152;4,09483
7,155;3,93686
7,158;3,74733
7,161;3,52753
7,164;3,27901
7,167;3,00353
7,17;2,70309
7,173;2,37989
7,176;2,03631
7,179;1,67492
7,182;1,29844
7,185;0,909702
7,188;0,511682
7,191;0,107425
7,194;0,29995
7,197;0,707284
7,2;1,1114
7,203;1,52016
7,206;1,9304
7,209;2,33893
7,212;2,74255
7,215;3,13809
7,218;3,52241
7,221;3,89246
7,224;4,24525
7,227;4,57795
7,23;4,88784
7,233;5,17236
7,236;5,42916
7,239;5,65607
7,242;5,85114
7,245;6,01267
7,248;6,13921
7,251;6,22957
7,254;6,28282
7,257;6,29835
7,26;6,2758
7,263;6,21514
7,266;6,11662
7,269;5,98078
7,272;5,80847
7,275;5,60083
7,278;5,35926
7,281;5,08545
7,284;4,78136
7,287;4,44918
7,29;4,09133
7,293;3,71046
7,296;3,30941
7,299;2,89119
7,302;2,45896
7,305;2,01601
7,308;1,56573
7,311;1,11159
7,314;0,657116
7,317;0,205849
7,32;0,249706
7,323;0,706018
7,326;1,15953
7,329;1,6067
7,332;2,04399
7,335;2,46794
7,338;2,87516
7,341;3,26238
7,344;3,62646
7,347;3,96443
7,35;4,2735
7,353;4,5511
7,356;4,79487
7,359;5,00271
7,362;5,17281
7,365;5,30361
7,368;5,39386
7,371;5,44263
7,374;5,44929
7,377;5,41355
7,38;5,33544
7,383;5,21532
7,386;5,05389
7,389;4,85217
7,392;4,6115
7,395;4,33352
7,398;4,02019
7,401;3,67376
7,404;3,29672
7,407;2,89184
7,41;2,46212
7,413;2,01077
7,416;1,54118
7,419;1,05691
7,422;0,561653
7,425;0,0592035
7,428;0,446558
7,431;0,951706
7,434;1,4523
7,437;1,95543
7,44;2,4572
7,443;2,95368
7,446;3,44096
7,449;3,9152
7,452;4,37262
7,455;4,80956
7,458;5,22248
7,461;5,60802
7,464;5,96303
7,467;6,28455
7,47;6,56989
7,473;6,8166
7,476;7,02254
7,479;7,18587
7,482;7,30506
7,485;7,37893
7,488;7,40664
7,491;7,38771
7,494;7,32201
7,497;7,20978
7,5;7,05164
7,503;6,84854
7,506;6,60181
7,509;6,31312
7,512;5,98449
7,515;5,61824
7,518;5,217
7,521;4,78372
7,524;4,32158
7,527;3,83401
7,53;3,32468
7,533;2,79743
7,536;2,25627
7,539;1,70534
7,542;1,14888
7,545;0,591192
7,548;0,0366308
7,551;0,521497
7,554;1,07886
7,557;1,6311
7,56;2,17388
7,563;2,70293
7,566;3,21402
7,569;3,70307
7,572;4,16613
7,575;4,59945
7,578;4,99947
7,581;5,36288
7,584;5,68663
7,587;5,96796
7,59;6,20444
7,593;6,39396
7,596;6,53477
7,599;6,62549
7,602;6,66512
7,605;6,65306
7,608;6,58909
7,611;6,47343
7,614;6,30666
7,617;6,0898
7,62;5,82424
7,623;5,51178
7,626;5,15458
7,629;4,75516
7,632;4,3164
7,635;3,84149
7,638;3,33393
7,641;2,79748
7,644;2,23617
7,647;1,65421
7,65;1,05605
7,653;0,446242
7,656;0,17052
7,659;0,789465
7,662;1,40578
7,665;2,02567
7,668;2,64432
7,671;3,25691
7,674;3,8586
7,677;4,44466
7,68;5,01042
7,683;5,55134
7,686;6,06307
7,689;6,54144
7,692;6,98253
7,695;7,38269
7,698;7,73854
7,701;8,04707
7,704;8,30558
7,707;8,51178
7,71;8,66375
7,713;8,75999
7,716;8,79943
7,719;8,78143
7,722;8,7058
7,725;8,57279
7,728;8,3831
7,731;8,1379
7,734;7,83877
7,737;7,48772
7,74;7,08721
7,743;6,64005
7,746;6,14948
7,749;5,61907
7,752;5,05271
7,755;4,45463
7,758;3,8293
7,761;3,18144
7,764;2,51598
7,767;1,838
7,77;1,15271
7,773;0,465433
7,776;0,218497
7,779;0,904754
7,782;1,588
7,785;2,26288
7,788;2,92409
7,791;3,56639
7,794;4,18467
7,797;4,77395
7,8;5,32947
7,803;5,84672
7,806;6,32142
7,809;6,74963
7,812;7,12774
7,815;7,45251
7,818;7,7211
7,821;7,93109
7,824;8,0805
7,827;8,1678
7,83;8,19197
7,833;8,15245
7,836;8,04917
7,839;7,88257
7,842;7,65359
7,845;7,36364
7,848;7,01464
7,851;6,60896
7,854;6,14945
7,857;5,63936
7,86;5,0824
7,863;4,48262
7,866;3,84447
7,869;3,17269
7,872;2,47233
7,875;1,74869
7,878;1,00728
7,881;0,253773
7,884;0,50602
7,887;1,26621
7,89;2,02087
7,893;2,77511
7,896;3,52304
7,899;4,25881
7,902;4,97658
7,905;5,67067
7,908;6,33553
7,911;6,96578
7,914;7,55633
7,917;8,10233
7,92;8,59927
7,923;9,04298
7,926;9,4297
7,929;9,75608
7,932;10,0192
7,935;10,2167
7,938;10,3466
7,941;10,4075
7,944;10,3986
7,947;10,3195
7,95;10,1703
7,953;9,952
7,956;9,66574
7,959;9,31339
7,962;8,89732
7,965;8,4204
7,968;7,88601
7,971;7,29797
7,974;6,66057
7,977;5,97848
7,98;5,25677
7,983;4,50084
7,986;3,71639
7,989;2,90937
7,992;2,08594
7,995;1,25243
7,998;0,415281
8,001;0,418992
8,004;1,2549
8,007;2,08593
8,01;2,90557
8,013;3,70737
8,016;4,48497
8,019;5,23215
8,022;5,94292
8,025;6,61153
8,028;7,2325
8,031;7,80073
8,034;8,31147
8,037;8,76041
8,04;9,14368
8,043;9,45792
8,046;9,70027
8,049;9,86843
8,052;9,96066
8,055;9,97579
8,058;9,91326
8,061;9,77311
8,064;9,55598
8,067;9,26312
8,07;8,89637
8,073;8,45816
8,076;7,95151
8,079;7,37995
8,082;6,74759
8,085;6,05898
8,088;5,31919
8,091;4,53368
8,094;3,70831
8,097;2,8493
8,1;1,96314
8,103;1,05659
8,106;0,136611
8,109;0,789708
8,112;1,71518
8,115;2,6436
8,118;3,56776
8,121;4,48042
8,124;5,37439
8,127;6,24259
8,13;7,0781
8,133;7,87422
8,136;8,6245
8,139;9,32283
8,142;9,96346
8,145;10,5411
8,148;11,0507
8,151;11,4882
8,154;11,8495
8,157;12,1314
8,16;12,3314
8,163;12,4473
8,166;12,4777
8,169;12,4219
8,172;12,2799
8,175;12,0523
8,178;11,7403
8,181;11,3458
8,184;10,8716
8,187;10,3208
8,19;9,69724
8,193;9,0054
8,196;8,25027
8,199;7,43738
8,202;6,57273
8,205;5,66277
8,208;4,71432
8,211;3,73457
8,214;2,73098
8,217;1,71123
8,22;0,683181
8,223;0,345189
8,226;1,37689
8,229;2,40391
8,232;3,41819
8,235;4,41176
8,238;5,37674
8,241;6,30544
8,244;7,19042
8,247;8,0245
8,25;8,80089
8,253;9,51321
8,256;10,1555
8,259;10,7224
8,262;11,209
8,265;11,611
8,268;11,9249
8,271;12,1477
8,274;12,277
8,277;12,3114
8,28;12,2501
8,283;12,0929
8,286;11,8405
8,289;11,4944
8,292;11,0567
8,295;10,5302
8,298;9,91865
8,301;9,22623
8,304;8,45789
8,307;7,61919
8,31;6,71626
8,313;5,75577
8,316;4,74487
8,319;3,69117
8,322;2,60263
8,325;1,48753
8,328;0,354434
8,331;0,787939
8,334;1,93073
8,337;3,07605
8,34;4,21499
8,343;5,33863
8,346;6,43811
8,349;7,50472
8,352;8,52994
8,355;9,50555
8,358;10,4236
8,361;11,2767
8,364;12,0577
8,367;12,7602
8,37;13,3782
8,373;13,9064
8,376;14,3401
8,379;14,6755
8,382;14,9094
8,385;15,0392
8,388;15,0635
8,391;14,9814
8,394;14,7929
8,397;14,4989
8,4;14,1011
8,403;13,6019
8,406;13,0048
8,409;12,3136
8,412;11,5335
8,415;10,6697
8,418;9,72877
8,421;8,71741
8,424;7,64317
8,427;6,51404
8,43;5,33852
8,433;4,12551
8,436;2,88425
8,439;1,62427
8,442;0,355271
8,445;0,912889
8,448;2,18135
8,451;3,44021
8,454;4,67961
8,457;5,88976
8,46;7,06105
8,463;8,18412
8,466;9,24993
8,469;10,2498
8,472;11,1757
8,475;12,0197
8,478;12,775
8,481;13,4351
8,484;13,9943
8,487;14,4477
8,49;14,791
8,493;15,021
8,496;15,1353
8,499;15,1322
8,502;15,0112
8,505;14,7724
8,508;14,4171
8,511;13,9473
8,514;13,3661
8,517;12,6773
8,52;11,8857
8,523;10,9968
8,526;10,0171
8,529;8,95366
8,532;7,81426
8,535;6,60736
8,538;5,34199
8,541;4,02768
8,544;2,67439
8,547;1,29246
8,55;0,107509
8,553;1,51469
8,556;2,91816
8,559;4,31797
8,562;5,70319
8,565;7,06293
8,568;8,38643
8,571;9,66316
8,574;10,8829
8,577;12,0358
8,58;13,1124
8,583;14,104
8,586;15,0023
8,589;15,7998
8,592;16,4896
8,595;17,0658
8,598;17,5231
8,601;17,8574
8,604;18,0653
8,607;18,1445
8,61;18,0936
8,613;17,9122
8,616;17,601
8,619;17,1617
8,622;16,597
8,625;15,9105
8,628;15,1068
8,631;14,1917
8,634;13,1715
8,637;12,0536
8,64;10,8462
8,643;9,55816
8,646;8,19905
8,649;6,77908
8,652;5,30896
8,655;3,79987
8,658;2,26336
8,661;0,711246
8,664;0,844449
8,667;2,39161
8,67;3,92916
8,673;5,44504
8,676;6,9273
8,679;8,3642
8,682;9,74425
8,685;11,0564
8,688;12,2899
8,691;13,4348
8,694;14,4816
8,697;15,4216
8,7;16,2468
8,703;16,9502
8,706;17,5255
8,709;17,9674
8,712;18,2719
8,715;18,4357
8,718;18,4567
8,721;18,3339
8,724;18,0674
8,727;17,6586
8,73;17,1097
8,733;16,4242
8,736;15,6067
8,739;14,6628
8,742;13,5991
8,745;12,4233
8,748;11,1437
8,751;9,76993
8,754;8,31202
8,757;6,78089
8,76;5,18805
8,763;3,54556
8,766;1,86596
8,769;0,162121
8,772;1,5528
8,775;3,26549
8,778;4,97361
8,781;6,66381
8,784;8,3228
8,787;9,93747
8,79;11,4949
8,793;12,9828
8,796;14,3889
8,799;15,702
8,802;16,9111
8,805;18,0064
8,808;18,9784
8,811;19,8191
8,814;20,521
8,817;21,0779
8,82;21,4846
8,823;21,7371
8,826;21,8324
8,829;21,7689
8,832;21,5463
8,835;21,1652
8,838;20,6278
8,841;19,9374
8,844;19,0985
8,847;18,1166
8,85;16,9988
8,853;15,7528
8,856;14,3877
8,859;12,9134
8,862;11,3408
8,865;9,68158
8,868;7,94821
8,871;6,15375
8,874;4,31185
8,877;2,4366
8,88;0,542441
8,883;1,35597
8,886;3,25488
8,889;5,13948
8,892;6,99498
8,895;8,80675
8,898;10,5604
8,901;12,2419
8,904;13,8378
8,907;15,335
8,91;16,7213
8,913;17,9854
8,916;19,1165
8,919;20,1052
8,922;20,9428
8,925;21,6221
8,928;22,1366
8,931;22,4816
8,934;22,6532
8,937;22,6492
8,94;22,4686
8,943;22,1118
8,946;21,5804
8,949;20,8778
8,952;20,0082
8,955;18,9777
8,958;17,7932
8,961;16,4631
8,964;14,9969
8,967;13,4053
8,97;11,7
8,973;9,89359
8,976;7,9996
8,979;6,0323
8,982;4,0066
8,985;1,93796
8,988;0,157725
8,991;2,26427
8,994;4,36532
8,997;6,45546
9;8,51834
9,003;10,5377
9,006;12,4976
9,009;14,3823
9,012;16,1767
9,015;17,8663
9,018;19,4374
9,021;20,8769
9,024;22,1729
9,027;23,3144
9,03;24,2916
9,033;25,096
9,036;25,7203
9,039;26,1586
9,042;26,4063
9,045;26,4605
9,048;26,3196
9,051;25,9835
9,054;25,4537
9,057;24,7334
9,06;23,8268
9,063;22,7402
9,066;21,4808
9,069;20,0576
9,072;18,4806
9,075;16,7613
9,078;14,9122
9,081;12,9471
9,084;10,8806
9,087;8,72813
9,09;6,5061
9,093;4,2314
9,096;1,92148
9,099;0,405869
9,102;2,73258
9,105;5,05154
9,108;7,3446
9,111;9,59375
9,114;11,7812
9,117;13,8894
9,12;15,9017
9,123;17,8016
9,126;19,5738
9,129;21,2036
9,132;22,6776
9,135;23,9833
9,138;25,1095
9,141;26,0465
9,144;26,7858
9,147;27,3206
9,15;27,6454
9,153;27,7565
9,156;27,6519
9,159;27,331
9,162;26,7951
9,165;26,0472
9,168;25,0918
9,171;23,9353
9,174;22,5854
9,177;21,0516
9,18;19,3447
9,183;17,4771
9,186;15,4625
9,189;13,3156
9,192;11,0524
9,195;8,69
9,198;6,24616
9,201;3,73948
9,204;1,18917
9,207;1,38515
9,21;3,96354
9,213;6,53693
9,216;9,08522
9,219;11,5884
9,222;14,0267
9,225;16,3806
9,228;18,6315
9,231;20,761
9,234;22,7519
9,237;24,5879
9,24;26,2536
9,243;27,7353
9,246;29,0201
9,249;30,0971
9,252;30,9564
9,255;31,5903
9,258;31,9924
9,261;32,1583
9,264;32,0853
9,267;31,7725
9,27;31,2211
9,273;30,4339
9,276;29,4157
9,279;28,1732
9,282;26,7146
9,285;25,0502
9,288;23,1917
9,291;21,1525
9,294;18,9475
9,297;16,5928
9,3;14,1061
9,303;11,5058
9,306;8,81172
9,309;6,04422
9,312;3,22449
9,315;0,374222
9,318;2,48453
9,321;5,34055
9,324;8,17153
9,327;10,9553
9,33;13,6698
9,333;16,2934
9,336;18,8053
9,339;21,1851
9,342;23,4136
9,345;25,4724
9,348;27,3445
9,351;29,0143
9,354;30,4675
9,357;31,6915
9,36;32,6755
9,363;33,4104
9,366;33,8891
9,369;34,1062
9,372;34,0586
9,375;33,7452
9,378;33,1668
9,381;32,3264
9,384;31,2291
9,387;29,8818
9,39;28,2938
9,393;26,4759
9,396;24,441
9,399;22,2037
9,402;19,7803
9,405;17,1887
9,408;14,448
9,411;11,5788
9,414;8,60266
9,417;5,54225
9,42;2,42093
9,423;0,73732
9,426;3,90807
9,429;7,0777
9,432;10,2215
9,435;13,3147
9,438;16,333
9,441;19,2524
9,444;22,0495
9,447;24,7018
9,45;27,1878
9,453;29,4871
9,456;31,5807
9,459;33,4511
9,462;35,0824
9,465;36,4605
9,468;37,5731
9,471;38,4101
9,474;38,9633
9,477;39,2268
9,48;39,1968
9,483;38,8719
9,486;38,2528
9,489;37,3428
9,492;36,1471
9,495;34,6736
9,498;32,932
9,501;30,9344
9,504;28,6949
9,507;26,2296
9,51;23,5563
9,513;20,6948
9,516;17,6662
9,519;14,4932
9,522;11,1998
9,525;7,81081
9,528;4,35224
9,531;0,850629
9,534;2,66696
9,537;6,17317
9,54;9,65164
9,543;13,0751
9,546;16,4164
9,549;19,6492
9,552;22,7475
9,555;25,6864
9,558;28,442
9,561;30,9919
9,564;33,3149
9,567;35,3915
9,57;37,2042
9,573;38,7373
9,576;39,9772
9,579;40,9126
9,582;41,5343
9,585;41,8357
9,588;41,8126
9,591;41,4633
9,594;40,7886
9,597;39,7919
9,6;38,4791
9,603;36,8586
9,606;34,9413
9,609;32,7404
9,612;30,2715
9,615;27,5521
9,618;24,6022
9,621;21,4432
9,624;18,0988
9,627;14,5939
9,63;10,9549
9,633;7,20935
9,636;3,38594
9,639;0,485995
9,642;4,37653
9,645;8,25543
9,648;12,1034
9,651;15,8903
9,654;19,5861
9,657;23,1616
9,66;26,5881
9,663;29,838
9,666;32,8851
9,669;35,7043
9,672;38,2723
9,675;40,5676
9,678;42,5708
9,681;44,2646
9,684;45,6338
9,687;46,6661
9,69;47,3512
9,693;47,682
9,696;47,6538
9,699;47,2646
9,702;46,5155
9,705;45,4102
9,708;43,9553
9,711;42,16
9,714;40,0365
9,717;37,5993
9,72;34,8657
9,723;31,8552
9,726;28,5898
9,729;25,0933
9,732;21,3919
9,735;17,5131
9,738;13,4862
9,741;9,34163
9,744;5,11117
9,747;0,827281
9,75;3,47694
9,753;7,76805
9,756;12,0235
9,759;16,2099
9,762;20,2943
9,765;24,2441
9,768;28,0277
9,771;31,6148
9,774;34,9761
9,777;38,0842
9,78;40,9133
9,783;43,4397
9,786;45,6421
9,789;47,5012
9,792;49,0007
9,795;50,1268
9,798;50,8685
9,801;51,2177
9,804;51,1696
9,807;50,7221
9,81;49,8764
9,813;48,6369
9,816;47,0109
9,819;45,0088
9,822;42,6441
9,825;39,9332
9,828;36,895
9,831;33,5516
9,834;29,9271
9,837;26,0483
9,84;21,9438
9,843;17,6444
9,846;13,1825
9,849;8,592
9,852;3,90791
9,855;0,833777
9,858;5,59639
9,861;10,354
9,864;15,0693
9,867;19,7054
9,87;24,2257
9,873;28,5942
9,876;32,776
9,879;36,7374
9,882;40,4461
9,885;43,8718
9,888;46,9862
9,891;49,7631
9,894;52,179
9,897;54,2128
9,9;55,8465
9,903;57,0651
9,906;57,8566
9,909;58,2123
9,912;58,1271
9,915;57,5989
9,918;56,6293
9,921;55,2234
9,924;53,3896
9,927;51,1396
9,93;48,4887
9,933;45,4552
9,936;42,0605
9,939;38,3289
9,942;34,2878
9,945;29,9667
9,948;25,3978
9,951;20,6153
9,954;15,6552
9,957;10,5551
9,96;5,35417
9,963;0,0922484
9,966;5,18995
9,969;10,4624
9,972;15,6838
9,975;20,8133
9,978;25,8102
9,981;30,6349
9,984;35,2487
9,987;39,6143
9,99;43,6963
9,993;47,4613
9,996;50,8779
9,999;53,9176
10,002;56,5544
10,005;58,7655
10,008;60,531
10,011;61,8348
10,014;62,6638
10,017;63,0089
10,02;62,8647
10,023;62,2293
10,026;61,1049
10,029;59,4974
10,032;57,4166
10,035;54,8759
10,038;51,8926
10,041;48,4872
10,044;44,6839
10,047;40,5101
10,05;35,9962
10,053;31,1754
10,056;26,0836
10,059;20,7588
10,062;15,2413
10,065;9,5729
10,068;3,79708
10,071;2,0418
10,074;7,89856
10,077;13,7386
10,08;19,5164
10,083;25,1864
10,086;30,7038
10,089;36,0247
10,092;41,1064
10,095;45,908
10,098;50,3903
10,101;54,5164
10,104;58,2523
10,107;61,5664
10,11;64,4305
10,113;66,8197
10,116;68,7124
10,119;70,0911
10,122;70,9421
10,125;71,2557
10,128;71,0262
10,131;70,2524
10,134;68,9371
10,137;67,0874
10,14;64,7147
10,143;61,8344
10,146;58,466
10,149;54,6331
10,152;50,3627
10,155;45,6857
10,158;40,6362
10,161;35,2515
10,164;29,5715
10,167;23,6388
10,17;17,4984
10,173;11,1968
10,176;4,78226
10,179;1,69579
10,182;8,18722
10,185;14,6525
10,188;21,0411
10,191;27,3026
10,194;33,3876
10,197;39,2475
10,2;44,8353
10,203;50,1059
10,206;55,0163
10,209;59,5261
10,212;63,5978
10,215;67,1971
10,218;70,2933
10,221;72,8592
10,224;74,8717
10,227;76,3119
10,23;77,1654
10,233;77,4219
10,236;77,0762
10,239;76,1273
10,242;74,5791
10,245;72,4403
10,248;69,7242
10,251;66,4485
10,254;62,6356
10,257;58,312
10,26;53,5087
10,263;48,2601
10,266;42,6048
10,269;36,5844
10,272;30,2437
10,275;23,6305
10,278;16,7947
10,281;9,78825
10,284;2,6649
10,287;4,52048
10,29;11,7122
10,293;18,8653
10,296;25,9236
10,299;32,8317
10,302;39,5347
10,305;45,9792
10,308;52,1134
10,311;57,8877
10,314;63,2549
10,317;68,1708
10,32;72,5944
10,323;76,4884
10,326;79,8194
10,329;82,5581
10,332;84,6797
10,335;86,164
10,338;86,9958
10,341;87,1649
10,344;86,666
10,347;85,4992
10,35;83,6697
10,353;81,188
10,356;78,0695
10,359;74,335
10,362;70,01
10,365;65,1248
10,368;59,7142
10,371;53,8175
10,374;47,4777
10,377;40,7419
10,38;33,6601
10,383;26,2857
10,386;18,6744
10,389;10,8843
10,392;2,97511
10,395;4,99221
10,398;12,9558
10,401;20,8647
10,404;28,6567
10,407;36,2704
10,41;43,6455
10,413;50,7229
10,416;57,4459
10,419;63,7598
10,422;69,6131
10,425;74,9574
10,428;79,7481
10,431;83,9446
10,434;87,5107
10,437;90,4151
10,44;92,631
10,443;94,1374
10,446;94,9183
10,449;94,9635
10,452;94,2682
10,455;92,8337
10,458;90,6668
10,461;87,7803
10,464;84,1923
10,467;79,9269
10,47;75,0134
10,473;69,4864
10,476;63,3854
10,479;56,7546
10,482;49,6428
10,485;42,1026
10,488;34,1903
10,491;25,9655
10,494;17,4905
10,497;8,82998
10,5;0,0504457
10,503;8,78034
10,506;17,5938
10,509;26,3321
10,512;34,9267
10,515;43,3096
10,518;51,4144
10,521;59,1761
10,524;66,5321
10,527;73,4229
10,53;79,7919
10,533;85,5864
10,536;90,758
10,539;95,2626
10,542;99,0612
10,545;102,12
10,548;104,411
10,551;105,912
10,554;106,607
10,557;106,485
10,56;105,542
10,563;103,782
10,566;101,214
10,569;97,8514
10,572;93,7174
10,575;88,8394
10,578;83,2512
10,581;76,9921
10,584;70,1072
10,587;62,6465
10,59;54,6648
10,593;46,2214
10,596;37,3795
10,599;28,2057
10,602;18,7696
10,605;9,14342
10,608;0,598973
10,611;10,3822
10,614;20,1413
10,617;29,8
10,62;39,2822
10,623;48,5132
10,626;57,4193
10,629;65,9293
10,632;73,9745
10,635;81,4894
10,638;88,4123
10,641;94,6859
10,644;100,257
10,647;105,079
10,65;109,109
10,653;112,312
10,656;114,657
10,659;116,122
10,662;116,689
10,665;116,35
10,668;115,101
10,671;112,947
10,674;109,9
10,677;105,977
10,68;101,206
10,683;95,6176
10,686;89,251
10,689;82,1514
10,692;74,3698
10,695;65,9632
10,698;56,9933
10,701;47,5269
10,704;37,635
10,707;27,3922
10,71;16,8764
10,713;6,16804
10,716;4,65048
10,719;15,4954
10,722;26,2933
10,725;36,9598
10,728;47,4108
10,731;57,5635
10,734;67,3371
10,737;76,6532
10,74;85,4363
10,743;93,615
10,746;101,122
10,749;107,894
10,752;113,876
10,755;119,015
10,758;123,266
10,761;126,591
10,764;128,959
10,767;130,346
10,77;130,735
10,773;130,118
10,776;128,494
10,779;125,868
10,782;122,257
10,785;117,682
10,788;112,173
10,791;105,769
10,794;98,5129
10,797;90,4577
10,8;81,6613
10,803;72,1878
10,806;62,1072
10,809;51,4947
10,812;40,43
10,815;28,9967
10,818;17,2819
10,821;5,37535
10,824;6,63125
10,827;18,6448
10,83;30,5827
10,833;42,3513
10,836;53,8579
10,839;65,0112
10,842;75,7222
10,845;85,9047
10,848;95,4763
10,851;104,359
10,854;112,479
10,857;119,769
10,86;126,167
10,863;131,618
10,866;136,074
10,869;139,495
10,872;141,847
10,875;143,107
10,878;143,258
10,881;142,292
10,884;140,212
10,887;137,025
10,89;132,751
10,893;127,417
10,896;121,058
10,899;113,719
10,902;105,449
10,905;96,3097
10,908;86,3659
10,911;75,6907
10,914;64,3634
10,917;52,4684
10,92;40,0951
10,923;27,3375
10,926;14,2927
10,929;1,06079
10,932;12,2561
10,935;25,5545
10,938;38,7417
10,941;51,7142
10,944;64,3695
10,947;76,607
10,95;88,329
10,953;99,441
10,956;109,853
10,959;119,479
10,962;128,24
10,965;136,063
10,968;142,881
10,971;148,634
10,974;153,273
10,977;156,754
10,98;159,044
10,983;160,117
10,986;159,958
10,989;158,562
10,992;155,932
10,995;152,082
10,998;147,033
11,001;140,82
11,004;133,483
11,007;125,074
11,01;115,651
11,013;105,282
11,016;94,043
11,019;82,0161
11,022;69,2908
11,025;55,9621
11,028;42,1306
11,031;27,9012
11,034;13,3826
11,037;1,31357
11,04;16,0738
11,043;30,7943
11,046;45,3601
11,049;59,6566
11,052;73,5708
11,055;86,9919
11,058;99,8123
11,061;111,929
11,064;123,242
11,067;133,66
11,07;143,096
11,073;151,471
11,076;158,713
11,079;164,759
11,082;169,554
11,085;173,056
11,088;175,227
11,091;176,045
11,094;175,494
11,097;173,572
11,1;170,284
11,103;165,649
11,106;159,696
11,109;152,462
11,112;143,997
11,115;134,36
11,118;123,619
11,121;111,851
11,124;99,1434
11,127;85,5884
11,13;71,2872
11,133;56,3472
11,136;40,881
11,139;25,0063
11,142;8,84458
11,145;7,47982
11,148;23,8405
11,151;40,1211
11,154;56,1941
11,157;71,933
11,16;87,2131
11,163;101,912
11,166;115,913
11,169;129,102
11,172;141,371
11,175;152,62
11,178;162,754
11,181;171,689
11,184;179,347
11,187;185,662
11,19;190,576
11,193;194,044
11,196;196,028
11,199;196,506
11,202;195,466
11,205;192,905
11,208;188,836
11,211;183,281
11,214;176,276
11,217;167,866
11,22;158,109
11,223;147,073
11,226;134,836
11,229;121,488
11,232;107,126
11,235;91,856
11,238;75,7919
11,241;59,0544
11,244;41,7702
11,247;24,0709
11,25;6,09216
11,253;12,0274
11,256;30,1473
11,259;48,1372
11,262;65,8561
11,265;83,164
11,268;99,9238
11,271;116,001
11,274;131,268
11,277;145,598
11,28;158,877
11,283;170,993
11,286;181,846
11,289;191,343
11,292;199,403
11,295;205,955
11,298;210,938
11,301;214,305
11,304;216,02
11,307;216,06
11,31;214,414
11,313;211,087
11,316;206,095
11,319;199,466
11,322;191,242
11,325;181,48
11,328;170,245
11,331;157,617
11,334;143,687
11,337;128,555
11,34;112,332
11,343;95,1399
11,346;77,1056
11,349;58,3654
11,352;39,0613
11,355;19,3406
11,358;0,645198
11,361;20,7419
11,364;40,7932
11,367;60,6537
11,37;80,1672
11,373;99,1796
11,376;117,54
11,379;135,1
11,382;151,72
11,385;167,264
11,388;181,604
11,391;194,621
11,394;206,207
11,397;216,263
11,4;224,702
11,403;231,447
11,406;236,438
11,409;239,624
11,412;240,97
11,415;240,456
11,418;238,074
11,421;233,832
11,424;227,753
11,427;219,873
11,43;210,243
11,433;198,929
11,436;186,008
11,439;171,572
11,442;155,725
11,445;138,583
11,448;120,271
11,451;100,926
11,454;80,6927
11,457;59,7233
11,46;38,1775
11,463;16,2199
11,466;5,98058
11,469;28,2522
11,472;50,4328
11,475;72,3486
11,478;93,8273
11,481;114,699
11,484;134,797
11,487;153,96
11,49;172,033
11,493;188,87
11,496;204,331
11,499;218,288
11,502;230,624
11,505;241,232
11,508;250,02
11,511;256,909
11,514;261,834
11,517;264,745
11,52;265,609
11,523;264,405
11,526;261,133
11,529;255,805
11,532;248,45
11,535;239,115
11,538;227,861
11,541;214,764
11,544;199,917
11,547;183,424
11,55;165,404
11,553;145,99
11,556;125,325
11,559;103,562
11,562;80,8658
11,565;57,407
11,568;33,3643
11,571;8,92204
11,574;15,7315
11,577;40,4053
11,58;64,918
11,583;89,0775
11,586;112,693
11,589;135,578
11,592;157,549
11,595;178,429
11,598;198,05
11,601;216,251
11,604;232,881
11,607;247,803
11,61;260,889
11,613;272,027
11,616;281,119
11,619;288,081
11,622;292,848
11,625;295,37
11,628;295,613
11,631;293,563
11,634;289,222
11,637;282,611
11,64;273,768
11,643;262,749
11,646;249,628
11,649;234,495
11,652;217,456
11,655;198,633
11,658;178,163
11,661;156,195
11,664;132,892
11,667;108,428
11,67;82,9882
11,673;56,7641
11,676;29,9561
11,679;2,76997
11,682;24,5845
11,685;51,8949
11,688;78,959
11,691;105,564
11,694;131,5
11,697;156,561
11,7;180,547
11,703;203,263
11,706;224,525
11,709;244,16
11,712;262,004
11,715;277,908
11,718;291,737
11,721;303,37
11,724;312,705
11,727;319,655
11,73;324,151
11,733;326,146
11,736;325,608
11,739;322,528
11,742;316,914
11,745;308,795
11,748;298,221
11,751;285,26
11,754;269,998
11,757;252,542
11,76;233,015
11,763;211,557
11,766;188,325
11,769;163,489
11,772;137,234
11,775;109,756
11,778;81,2626
11,781;51,9704
11,784;22,103
11,787;8,10999
11,79;38,4349
11,793;68,6469
11,796;98,5096
11,799;127,788
11,802;156,251
11,805;183,67
11,808;209,828
11,811;234,511
11,814;257,519
11,817;278,663
11,82;297,767
11,823;314,67
11,826;329,228
11,829;341,313
11,832;350,817
11,835;357,651
11,838;361,745
11,841;363,053
11,844;361,548
11,847;357,224
11,85;350,1
11,853;340,215
11,856;327,63
11,859;312,428
11,862;294,711
11,865;274,604
11,868;252,249
11,871;227,808
11,874;201,459
11,877;173,397
11,88;143,831
11,883;112,983
11,886;81,0847
11,889;48,3803
11,892;15,1198
11,895;18,4405
11,898;52,0407
11,901;85,4299
11,904;118,346
11,907;150,531
11,91;181,728
11,913;211,689
11,916;240,172
11,919;266,947
11,922;291,795
11,925;314,512
11,928;334,907
11,931;352,808
11,934;368,061
11,937;380,532
11,94;390,107
11,943;396,695
11,946;400,227
11,949;400,658
11,952;397,966
11,955;392,155
11,958;383,251
11,961;371,306
11,964;356,395
11,967;338,619
11,97;318,098
11,973;294,977
11,976;269,421
11,979;241,615
11,982;211,764
11,985;180,088
11,988;146,823
11,991;112,221
11,994;76,5422
11,997;40,0597
12;3,05326
