0,002;0
0,004;2,82843e-05
0,006;8,48151e-05
0,008;0,000169449
0,01;0,000281938
0,012;0,000421929
0,014;0,000588964
0,016;0,000782486
0,018;0,00100184
0,02;0,00124626
0,022;0,00151489
0,024;0,00180681
0,026;0,00212096
0,028;0,00245623
0,03;0,00281142
0,032;0,00318525
0,034;0,00357637
0,036;0,00398336
0,038;0,00440474
0,04;0,00483898
0,042;0,00528447
0,044;0,00573959
0,046;0,00620265
0,048;0,00667196
0,05;0,00714577
0,052;0,00762232
0,054;0,00809985
0,056;0,00857656
0,058;0,00905068
0,06;0,00952044
0,062;0,00998407
0,064;0,0104398
0,066;0,010886
0,068;0,0113208
0,07;0,0117428
0,072;0,0121501
0,074;0,0125414
0,076;0,0129151
0,078;0,0132698
0,08;0,013604
0,082;0,0139166
0,084;0,0142062
0,086;0,0144718
0,088;0,0147122
0,09;0,0149266
0,092;0,0151141
0,094;0,0152739
0,096;0,0154053
0,098;0,0155078
0,1;0,015581
0,102;0,0156244
0,104;0,0156379
0,106;0,0156213
0,108;0,0155747
0,11;0,0154981
0,112;0,0153917
0,114;0,0152559
0,116;0,0150911
0,118;0,0148978
0,12;0,0146767
0,122;0,0144287
0,124;0,0141544
0,126;0,0138549
0,128;0,0135312
0,13;0,0131846
0,132;0,0128161
0,134;0,0124273
0,136;0,0120193
0,138;0,0115939
0,14;0,0111523
0,142;0,0106964
0,144;0,0102278
0,146;0,00974807
0,148;0,00925913
0,15;0,00876272
0,152;0,0082607
0,154;0,00775491
0,156;0,00724725
0,158;0,00673959
0,16;0,00623384
0,162;0,00573188
0,164;0,00523561
0,166;0,00474688
0,168;0,00426754
0,17;0,0037994
0,172;0,00334424
0,174;0,00290379
0,176;0,00247972
0,178;0,00207367
0,18;0,00168718
0,182;0,00132174
0,184;0,000978785
0,186;0,000659633
0,188;0,000365536
0,19;9,76536e-05
0,192;0,000142952
0,194;0,000355318
0,196;0,000538582
0,198;0,000691992
0,2;0,000814901
0,202;0,00090678
0,204;0,000967209
0,206;0,000995888
0,208;0,000992633
0,21;0,000957381
0,212;0,000890185
0,214;0,000791221
0,216;0,000660781
0,218;0,000499277
0,22;0,000307236
0,222;8,53041e-05
0,224;0,000165764
0,226;0,000445099
0,228;0,000751728
0,23;0,00108457
0,232;0,00144245
0,234;0,00182408
0,236;0,00222811
0,238;0,00265307
0,24;0,00309743
0,242;0,00355957
0,244;0,00403782
0,246;0,00453043
0,248;0,00503559
0,25;0,00555145
0,252;0,00607611
0,254;0,00660762
0,256;0,00714403
0,258;0,00768334
0,26;0,00822354
0,262;0,00876262
0,264;0,00929856
0,266;0,00982937
0,268;0,010353
0,27;0,0108676
0,272;0,0113711
0,274;0,0118616
0,276;0,0123373
0,278;0,0127964
0,28;0,0132371
0,282;0,0136577
0,284;0,0140567
0,286;0,0144324
0,288;0,0147834
0,29;0,0151083
0,292;0,0154059
0,294;0,0156749
0,296;0,0159144
0,298;0,0161234
0,3;0,0163009
0,302;0,0164462
0,304;0,0165589
0,306;0,0166382
0,308;0,0166839
0,31;0,0166957
0,312;0,0166735
0,314;0,0166173
0,316;0,0165272
0,318;0,0164034
0,32;0,0162464
0,322;0,0160567
0,324;0,0158348
0,326;0,0155816
0,328;0,0152979
0,33;0,0149846
0,332;0,014643
0,334;0,0142741
0,336;0,0138794
0,338;0,0134602
0,34;0,013018
0,342;0,0125544
0,344;0,0120712
0,346;0,01157
0,348;0,0110527
0,35;0,0105211
0,352;0,00997732
0,354;0,00942324
0,356;0,00886093
0,358;0,00829249
0,36;0,00772
0,362;0,0071456
0,364;0,00657143
0,366;0,00599963
0,368;0,00543235
0,37;0,00487171
0,372;0,00431982
0,374;0,00377876
0,376;0,00325058
0,378;0,00273728
0,38;0,00224081
0,382;0,00176308
0,384;0,00130589
0,386;0,000871021
0,388;0,000460139
0,39;7,48367e-05
0,392;0,000283385
0,394;0,000613125
0,396;0,000913082
0,398;0,00118207
0,4;0,001419
0,402;0,00162292
0,404;0,00179298
0,406;0,00192848
0,408;0,00202882
0,41;0,00209354
0,412;0,00212231
0,414;0,00211495
0,416;0,00207138
0,418;0,0019917
0,42;0,00187611
0,422;0,00172495
0,424;0,0015387
0,426;0,00131797
0,428;0,00106352
0,43;0,000776193
0,432;0,000456998
0,434;0,000107047
0,436;0,000272428
0,438;0,000680082
0,44;0,00111446
0,442;0,001574
0,444;0,00205706
0,446;0,00256187
0,448;0,00308662
0,45;0,00362939
0,452;0,0041882
0,454;0,00476099
0,456;0,00534568
0,458;0,00594009
0,46;0,00654203
0,462;0,00714928
0,464;0,00775959
0,466;0,00837067
0,468;0,00898025
0,47;0,00958605
0,472;0,0101858
0,474;0,0107773
0,476;0,0113582
0,478;0,0119264
0,48;0,0124797
0,482;0,013016
0,484;0,0135333
0,486;0,0140297
0,488;0,0145031
0,49;0,0149518
0,492;0,015374
0,494;0,0157681
0,496;0,0161326
0,498;0,0164661
0,5;0,0167671
0,502;0,0170345
0,504;0,0172673
0,506;0,0174645
0,508;0,0176252
0,51;0,0177488
0,512;0,0178347
0,514;0,0178825
0,516;0,0178919
0,518;0,0178629
0,52;0,0177954
0,522;0,0176895
0,524;0,0175457
0,526;0,0173643
0,528;0,0171459
0,53;0,0168913
0,532;0,0166012
0,534;0,0162768
0,536;0,0159192
0,538;0,0155295
0,54;0,0151092
0,542;0,0146597
0,544;0,0141828
0,546;0,01368
0,548;0,0131532
0,55;0,0126044
0,552;0,0120354
0,554;0,0114485
0,556;0,0108457
0,558;0,0102292
0,56;0,00960134
0,562;0,00896441
0,564;0,00832078
0,566;0,00767282
0,568;0,00702294
0,57;0,00637357
0,572;0,00572713
0,574;0,00508604
0,576;0,00445271
0,578;0,00382951
0,58;0,00321882
0,582;0,00262292
0,584;0,00204408
0,586;0,00148451
0,588;0,00094634
0,59;0,000431627
0,592;5,76476e-05
0,594;0,000519597
0,596;0,000952432
0,598;0,00135447
0,6;0,00172412
0,602;0,00205995
0,604;0,0023606
0,606;0,00262488
0,608;0,00285171
0,61;0,00304015
0,612;0,00318941
0,614;0,00329884
0,616;0,00336793
0,618;0,00339633
0,62;0,00338383
0,622;0,00333039
0,624;0,0032361
0,626;0,00310122
0,628;0,00292615
0,63;0,00271145
0,632;0,00245783
0,634;0,00216614
0,636;0,00183738
0,638;0,00147269
0,64;0,00107334
0,642;0,000640743
0,644;0,000176428
0,646;0,000317943
0,648;0,000840598
0,65;0,00138965
0,652;0,00196312
0,654;0,00255893
0,656;0,00317489
0,658;0,00380876
0,66;0,00445822
0,662;0,00512087
0,664;0,00579429
0,666;0,00647597
0,668;0,0071634
0,67;0,00785401
0,672;0,00854525
0,674;0,00923453
0,676;0,00991927
0,678;0,0105969
0,68;0,0112649
0,682;0,0119207
0,684;0,0125619
0,686;0,013186
0,688;0,0137906
0,69;0,0143735
0,692;0,0149324
0,694;0,0154652
0,696;0,0159699
0,698;0,0164444
0,7;0,0168869
0,702;0,0172957
0,704;0,0176693
0,706;0,018006
0,708;0,0183046
0,71;0,0185639
0,712;0,0187828
0,714;0,0189604
0,716;0,0190958
0,718;0,0191887
0,72;0,0192383
0,722;0,0192446
0,724;0,0192073
0,726;0,0191265
0,728;0,0190024
0,73;0,0188353
0,732;0,0186258
0,734;0,0183746
0,736;0,0180824
0,738;0,0177503
0,74;0,0173794
0,742;0,016971
0,744;0,0165266
0,746;0,0160477
0,748;0,015536
0,75;0,0149934
0,752;0,0144217
0,754;0,0138232
0,756;0,0131999
0,758;0,0125541
0,76;0,0118881
0,762;0,0112045
0,764;0,0105057
0,766;0,00979427
0,768;0,00907284
0,77;0,0083441
0,772;0,00761075
0,774;0,0068755
0,776;0,00614111
0,778;0,00541031
0,78;0,00468584
0,782;0,00397042
0,784;0,00326675
0,786;0,00257748
0,788;0,00190521
0,79;0,00125251
0,792;0,000621841
0,794;1,56246e-05
0,796;0,00056382
0,798;0,00111427
0,8;0,00163359
0,802;0,00211978
0,804;0,00257093
0,806;0,00298529
0,808;0,00336121
0,81;0,0036972
0,812;0,00399191
0,814;0,00424414
0,816;0,00445284
0,818;0,00461714
0,82;0,00473631
0,822;0,0048098
0,824;0,00483723
0,826;0,00481838
0,828;0,00475321
0,83;0,00464185
0,832;0,00448462
0,834;0,00428198
0,836;0,00403458
0,838;0,00374324
0,84;0,00340894
0,842;0,00303283
0,844;0,00261622
0,846;0,00216054
0,848;0,00166743
0,85;0,00113862
0,852;0,000576012
0,854;1,83839e-05
0,856;0,000642422
0,858;0,00129384
0,86;0,00197028
0,862;0,00266928
0,864;0,00338826
0,866;0,00412461
0,868;0,00487561
0,87;0,0056385
0,872;0,00641045
0,874;0,0071886
0,876;0,00797007
0,878;0,00875195
0,88;0,00953131
0,882;0,0103052
0,884;0,0110708
0,886;0,0118252
0,888;0,0125656
0,89;0,0132891
0,892;0,013993
0,894;0,0146746
0,896;0,0153314
0,898;0,0159607
0,9;0,0165603
0,902;0,0171278
0,904;0,017661
0,906;0,0181579
0,908;0,0186164
0,91;0,0190348
0,912;0,0194114
0,914;0,0197447
0,916;0,0200334
0,918;0,0202763
0,92;0,0204724
0,922;0,0206208
0,924;0,0207208
0,926;0,0207721
0,928;0,0207741
0,93;0,0207269
0,932;0,0206305
0,934;0,0204852
0,936;0,0202912
0,938;0,0200494
0,94;0,0197604
0,942;0,0194252
0,944;0,019045
0,946;0,018621
0,948;0,0181548
0,95;0,017648
0,952;0,0171024
0,954;0,0165199
0,956;0,0159026
0,958;0,0152527
0,96;0,0145727
0,962;0,0138648
0,964;0,0131318
0,966;0,0123763
0,968;0,0116011
0,97;0,0108089
0,972;0,0100028
0,974;0,00918573
0,976;0,00836067
0,978;0,00753069
0,98;0,0066989
0,982;0,00586838
0,984;0,00504225
0,986;0,00422359
0,988;0,00341548
0,99;0,00262097
0,992;0,00184305
0,994;0,00108466
0,996;0,000348694
0,998;0,000362059
1;0,00104488
1,002;0,00169716
1,004;0,00231638
1,006;0,00290016
1,008;0,00344622
1,01;0,00395245
1,012;0,00441685
1,014;0,00483759
1,016;0,00521299
1,018;0,00554156
1,02;0,00582193
1,022;0,00605296
1,024;0,00623367
1,026;0,00636325
1,028;0,0064411
1,03;0,0064668
1,032;0,00644014
1,034;0,00636109
1,036;0,00622982
1,038;0,00604669
1,04;0,00581226
1,042;0,00552729
1,044;0,00519271
1,046;0,00480966
1,048;0,00437945
1,05;0,00390357
1,052;0,0033837
1,054;0,00282166
1,056;0,00221945
1,058;0,00157922
1,06;0,000903283
1,062;0,000194064
1,064;0,000545867
1,066;0,00131382
1,068;0,00210699
1,07;0,00292249
1,072;0,00375732
1,074;0,00460841
1,076;0,00547262
1,078;0,00634675
1,08;0,00722758
1,082;0,00811182
1,084;0,00899618
1,086;0,00987737
1,088;0,0107521
1,09;0,011617
1,092;0,012469
1,094;0,0133047
1,096;0,014121
1,098;0,0149149
1,1;0,0156833
1,102;0,0164232
1,104;0,0171319
1,106;0,0178066
1,108;0,0184448
1,11;0,0190439
1,112;0,0196016
1,114;0,0201158
1,116;0,0205843
1,118;0,0210055
1,12;0,0213775
1,122;0,0216989
1,124;0,0219683
1,126;0,0221847
1,128;0,022347
1,13;0,0224546
1,132;0,0225069
1,134;0,0225036
1,136;0,0224445
1,138;0,0223298
1,14;0,0221597
1,142;0,0219348
1,144;0,0216558
1,146;0,0213235
1,148;0,020939
1,15;0,0205038
1,152;0,0200193
1,154;0,0194871
1,156;0,0189092
1,158;0,0182876
1,16;0,0176245
1,162;0,0169223
1,164;0,0161836
1,166;0,0154109
1,168;0,0146071
1,17;0,0137752
1,172;0,0129181
1,174;0,012039
1,176;0,0111411
1,178;0,0102278
1,18;0,00930238
1,182;0,0083683
1,184;0,00742901
1,186;0,00648802
1,188;0,00554884
1,19;0,00461497
1,192;0,00368991
1,194;0,00277714
1,196;0,0018801
1,198;0,00100217
1,2;0,000146672
1,202;0,000683139
1,204;0,00148411
1,206;0,00225317
1,208;0,00298739
1,21;0,00368393
1,212;0,0043401
1,214;0,00495336
1,216;0,00552132
1,218;0,00604174
1,22;0,00651257
1,222;0,00693194
1,224;0,00729814
1,226;0,0076097
1,228;0,00786531
1,23;0,00806388
1,232;0,00820454
1,234;0,00828663
1,236;0,00830969
1,238;0,0082735
1,24;0,00817805
1,242;0,00802355
1,244;0,00781045
1,246;0,00753939
1,248;0,00721125
1,25;0,00682711
1,252;0,00638828
1,254;0,00589626
1,256;0,00535277
1,258;0,0047597
1,26;0,00411916
1,262;0,00343342
1,264;0,00270493
1,266;0,0019363
1,268;0,00113032
1,27;0,000289904
1,272;0,000581899
1,274;0,00148191
1,276;0,00240682
1,278;0,00335326
1,28;0,00431774
1,282;0,00529669
1,284;0,0062865
1,286;0,0072835
1,288;0,00828399
1,29;0,00928424
1,292;0,0102805
1,294;0,0112691
1,296;0,0122462
1,298;0,0132083
1,3;0,0141516
1,302;0,0150727
1,304;0,015968
1,306;0,0168341
1,308;0,0176677
1,31;0,0184656
1,312;0,0192248
1,314;0,0199424
1,316;0,0206155
1,318;0,0212415
1,32;0,021818
1,322;0,0223427
1,324;0,0228136
1,326;0,0232287
1,328;0,0235864
1,33;0,0238851
1,332;0,0241237
1,334;0,0243011
1,336;0,0244164
1,338;0,0244692
1,34;0,024459
1,342;0,0243858
1,344;0,0242496
1,346;0,0240509
1,348;0,0237902
1,35;0,0234683
1,352;0,0230863
1,354;0,0226455
1,356;0,0221474
1,358;0,0215937
1,36;0,0209863
1,362;0,0203274
1,364;0,0196193
1,366;0,0188646
1,368;0,0180659
1,37;0,0172261
1,372;0,0163483
1,374;0,0154356
1,376;0,0144914
1,378;0,0135191
1,38;0,0125223
1,382;0,0115047
1,384;0,0104699
1,386;0,00942182
1,388;0,00836435
1,39;0,0073014
1,392;0,00623692
1,394;0,00517489
1,396;0,00411928
1,398;0,00307404
1,4;0,00204309
1,402;0,00103033
1,404;3,95785e-05
1,406;0,000925416
1,408;0,00186099
1,41;0,00276357
1,412;0,00362972
1,414;0,00445612
1,416;0,00523957
1,418;0,00597706
1,42;0,00666572
1,422;0,00730287
1,424;0,007886
1,426;0,0084128
1,428;0,00888117
1,43;0,00928923
1,432;0,0096353
1,434;0,00991794
1,436;0,010136
1,438;0,0102884
1,44;0,0103745
1,442;0,0103937
1,444;0,010346
1,446;0,0102312
1,448;0,0100496
1,45;0,00980183
1,452;0,00948857
1,454;0,00911085
1,456;0,00866993
1,458;0,0081673
1,46;0,00760468
1,462;0,00698404
1,464;0,00630755
1,466;0,00557761
1,468;0,00479681
1,47;0,00396794
1,472;0,00309398
1,474;0,00217809
1,476;0,00122359
1,478;0,00023394
1,48;0,000787239
1,482;0,00183621
1,484;0,00290914
1,486;0,00400206
1,488;0,00511094
1,49;0,0062317
1,492;0,00736016
1,494;0,00849213
1,496;0,0096234
1,498;0,0107497
1,5;0,0118669
1,502;0,0129708
1,504;0,0140572
1,506;0,015122
1,508;0,0161611
1,51;0,0171707
1,512;0,018147
1,514;0,019086
1,516;0,0199844
1,518;0,0208386
1,52;0,0216454
1,522;0,0224015
1,524;0,0231041
1,526;0,0237505
1,528;0,024338
1,53;0,0248643
1,532;0,0253274
1,534;0,0257253
1,536;0,0260564
1,538;0,0263193
1,54;0,0265128
1,542;0,0266361
1,544;0,0266886
1,546;0,0266698
1,548;0,0265797
1,55;0,0264185
1,552;0,0261865
1,554;0,0258845
1,556;0,0255134
1,558;0,0250744
1,56;0,0245691
1,562;0,0239991
1,564;0,0233664
1,566;0,0226733
1,568;0,0219221
1,57;0,0211156
1,572;0,0202566
1,574;0,0193482
1,576;0,0183936
1,578;0,0173964
1,58;0,0163601
1,582;0,0152886
1,584;0,0141856
1,586;0,0130554
1,588;0,011902
1,59;0,0107297
1,592;0,00954276
1,594;0,00834565
1,596;0,0071428
1,598;0,00593868
1,6;0,00473778
1,602;0,0035446
1,604;0,00236361
1,606;0,00119924
1,608;5,58826e-05
1,61;0,00106214
1,612;0,0021506
1,614;0,00320536
1,616;0,0042224
1,618;0,00519783
1,62;0,00612791
1,622;0,00700906
1,624;0,00783788
1,626;0,00861114
1,628;0,00932582
1,63;0,00997912
1,632;0,0105684
1,634;0,0110914
1,636;0,011546
1,638;0,0119303
1,64;0,0122426
1,642;0,0124818
1,644;0,0126466
1,646;0,0127363
1,648;0,0127504
1,65;0,0126886
1,652;0,0125511
1,654;0,012338
1,656;0,0120501
1,658;0,0116883
1,66;0,0112536
1,662;0,0107477
1,664;0,010172
1,666;0,0095288
1,668;0,00882015
1,67;0,00804858
1,672;0,00721684
1,674;0,00632786
1,676;0,00538485
1,678;0,00439119
1,68;0,00335046
1,682;0,00226644
1,684;0,00114308
1,686;1,55326e-05
1,688;0,00120515
1,69;0,00242141
1,692;0,00365983
1,694;0,00491585
1,696;0,00618481
1,698;0,00746201
1,7;0,00874271
1,702;0,0100221
1,704;0,0112955
1,706;0,012558
1,708;0,0138049
1,71;0,0150316
1,712;0,0162334
1,714;0,0174058
1,716;0,0185443
1,718;0,0196445
1,72;0,0207024
1,722;0,0217138
1,724;0,0226748
1,726;0,0235818
1,728;0,0244312
1,73;0,0252197
1,732;0,0259442
1,734;0,0266019
1,736;0,0271901
1,738;0,0277066
1,74;0,0281491
1,742;0,0285159
1,744;0,0288053
1,746;0,0290163
1,748;0,0291476
1,75;0,0291988
1,752;0,0291693
1,754;0,0290592
1,756;0,0288686
1,758;0,0285981
1,76;0,0282484
1,762;0,0278207
1,764;0,0273164
1,766;0,0267372
1,768;0,0260851
1,77;0,0253623
1,772;0,0245714
1,774;0,0237151
1,776;0,0227965
1,778;0,0218189
1,78;0,0207858
1,782;0,0197008
1,784;0,018568
1,786;0,0173915
1,788;0,0161755
1,79;0,0149244
1,792;0,0136429
1,794;0,0123357
1,796;0,0110076
1,798;0,00966352
1,8;0,0083084
1,802;0,00694729
1,804;0,00558526
1,806;0,00422739
1,808;0,00287876
1,81;0,00154444
1,812;0,000229433
1,814;0,0010613
1,816;0,00232289
1,818;0,00355055
1,82;0,00473961
1,822;0,00588556
1,824;0,00698399
1,826;0,0080307
1,828;0,00902166
1,83;0,00995303
1,832;0,0108212
1,834;0,0116228
1,836;0,0123546
1,838;0,0130137
1,84;0,0135976
1,842;0,0141038
1,844;0,0145303
1,846;0,0148753
1,848;0,0151373
1,85;0,0153152
1,852;0,015408
1,854;0,0154152
1,856;0,0153366
1,858;0,0151723
1,86;0,0149226
1,862;0,0145884
1,864;0,0141706
1,866;0,0136706
1,868;0,0130901
1,87;0,012431
1,872;0,0116957
1,874;0,0108867
1,876;0,0100068
1,878;0,00905909
1,88;0,00804705
1,882;0,00697425
1,884;0,00584455
1,886;0,00466204
1,888;0,003431
1,89;0,00215591
1,892;0,000841432
1,894;0,000507629
1,896;0,00188632
1,898;0,00328955
1,9;0,00471216
1,902;0,00614888
1,904;0,00759437
1,906;0,00904326
1,908;0,0104902
1,91;0,0119296
1,912;0,0133563
1,914;0,0147649
1,916;0,0161499
1,918;0,0175063
1,92;0,0188289
1,922;0,0201126
1,924;0,0213527
1,926;0,0225442
1,928;0,0236828
1,93;0,0247639
1,932;0,0257835
1,934;0,0267375
1,936;0,0276223
1,938;0,0284344
1,94;0,0291705
1,942;0,0298278
1,944;0,0304036
1,946;0,0308956
1,948;0,0313017
1,95;0,0316202
1,952;0,0318497
1,954;0,0319891
1,956;0,0320377
1,958;0,0319951
1,96;0,0318613
1,962;0,0316364
1,964;0,0313212
1,966;0,0309166
1,968;0,0304238
1,97;0,0298446
1,972;0,0291809
1,974;0,0284349
1,976;0,0276093
1,978;0,0267069
1,98;0,0257309
1,982;0,0246847
1,984;0,0235722
1,986;0,0223973
1,988;0,0211643
1,99;0,0198775
1,992;0,0185418
1,994;0,0171619
1,996;0,0157429
1,998;0,01429
2;0,0128086
2,002;0,011304
2,004;0,00978199
2,006;0,00824804
2,008;0,0067079
2,01;0,00516731
2,012;0,00363202
2,014;0,00210776
2,016;0,000600262
2,018;0,000884811
2,02;0,00234186
2,022;0,00376538
2,024;0,00514998
2,026;0,00649038
2,028;0,00778149
2,03;0,00901836
2,032;0,0101963
2,034;0,0113106
2,036;0,0123571
2,038;0,0133318
2,04;0,0142307
2,042;0,0150503
2,044;0,0157875
2,046;0,0164392
2,048;0,0170028
2,05;0,0174759
2,052;0,0178567
2,054;0,0181435
2,056;0,0183349
2,058;0,0184301
2,06;0,0184284
2,062;0,0183296
2,064;0,0181338
2,066;0,0178416
2,068;0,0174538
2,07;0,0169717
2,072;0,0163967
2,074;0,0157308
2,076;0,0149764
2,078;0,0141359
2,08;0,0132124
2,082;0,012209
2,084;0,0111294
2,086;0,00997728
2,088;0,00875692
2,09;0,00747264
2,092;0,00612911
2,094;0,00473118
2,096;0,00328395
2,098;0,0017927
2,1;0,000262895
2,102;0,00129985
2,104;0,00288977
2,106;0,004501
2,108;0,00612759
2,11;0,00776348
2,112;0,0094026
2,114;0,0110388
2,116;0,0126661
2,118;0,0142782
2,12;0,0158692
2,122;0,017433
2,124;0,0189638
2,126;0,0204558
2,128;0,0219033
2,13;0,0233007
2,132;0,0246428
2,134;0,0259244
2,136;0,0271406
2,138;0,0282866
2,14;0,0293581
2,142;0,0303508
2,144;0,0312609
2,146;0,0320848
2,148;0,0328191
2,15;0,0334609
2,152;0,0340077
2,154;0,0344571
2,156;0,0348072
2,158;0,0350565
2,16;0,0352038
2,162;0,0352483
2,164;0,0351896
2,166;0,0350277
2,168;0,0347629
2,17;0,0343959
2,172;0,033928
2,174;0,0333605
2,176;0,0326955
2,178;0,031935
2,18;0,0310818
2,182;0,0301388
2,184;0,0291093
2,186;0,0279969
2,188;0,0268057
2,19;0,0255397
2,192;0,0242037
2,194;0,0228024
2,196;0,0213409
2,198;0,0198245
2,2;0,0182587
2,202;0,0166493
2,204;0,0150021
2,206;0,0133233
2,208;0,0116189
2,21;0,00989545
2,212;0,00815915
2,214;0,00641651
2,216;0,00467401
2,218;0,00293817
2,22;0,00121548
2,222;0,000487598
2,224;0,00216466
2,226;0,00380938
2,228;0,00541555
2,23;0,00697706
2,232;0,00848799
2,234;0,00994258
2,236;0,0113353
2,238;0,0126607
2,24;0,0139137
2,242;0,0150895
2,244;0,0161836
2,246;0,0171915
2,248;0,0181094
2,25;0,0189336
2,252;0,0196608
2,254;0,0202881
2,256;0,0208129
2,258;0,0212329
2,26;0,0215464
2,262;0,0217519
2,264;0,0218484
2,266;0,0218353
2,268;0,0217124
2,27;0,0214798
2,272;0,0211382
2,274;0,0206886
2,276;0,0201323
2,278;0,0194713
2,28;0,0187077
2,282;0,0178442
2,284;0,0168837
2,286;0,0158296
2,288;0,0146855
2,29;0,0134556
2,292;0,0121443
2,294;0,0107561
2,296;0,00929622
2,298;0,00776982
2,3;0,00618246
2,302;0,00453992
2,304;0,00284821
2,306;0,00111353
2,308;0,000657766
2,31;0,00245914
2,312;0,00428394
2,314;0,00612541
2,316;0,00797671
2,318;0,00983096
2,32;0,0116812
2,322;0,0135206
2,324;0,0153423
2,326;0,0171393
2,328;0,0189049
2,33;0,0206324
2,332;0,0223154
2,334;0,0239474
2,336;0,0255221
2,338;0,0270337
2,34;0,0284762
2,342;0,0298442
2,344;0,0311323
2,346;0,0323356
2,348;0,0334493
2,35;0,0344691
2,352;0,0353909
2,354;0,0362111
2,356;0,0369264
2,358;0,0375338
2,36;0,0380309
2,362;0,0384154
2,364;0,0386857
2,366;0,0388406
2,368;0,0388791
2,37;0,0388008
2,372;0,0386057
2,374;0,0382944
2,376;0,0378676
2,378;0,0373267
2,38;0,0366734
2,382;0,0359099
2,384;0,0350388
2,386;0,0340632
2,388;0,0329862
2,39;0,0318119
2,392;0,0305442
2,394;0,0291877
2,396;0,0277473
2,398;0,0262282
2,4;0,0246357
2,402;0,0229758
2,404;0,0212543
2,406;0,0194777
2,408;0,0176524
2,41;0,0157851
2,412;0,0138826
2,414;0,0119521
2,416;0,0100005
2,418;0,00803527
2,42;0,00606358
2,422;0,0040928
2,424;0,00213029
2,426;0,000183408
2,428;0,00174055
2,43;0,00363434
2,432;0,00549083
2,434;0,00730298
2,436;0,00906394
2,438;0,010767
2,44;0,0124057
2,442;0,0139737
2,444;0,015465
2,446;0,0168738
2,448;0,0181948
2,45;0,0194228
2,452;0,0205528
2,454;0,0215806
2,456;0,022502
2,458;0,0233133
2,46;0,0240113
2,462;0,0245929
2,464;0,0250559
2,466;0,0253982
2,468;0,0256182
2,47;0,0257148
2,472;0,0256873
2,474;0,0255356
2,476;0,0252599
2,478;0,024861
2,48;0,02434
2,482;0,0236986
2,484;0,0229389
2,486;0,0220634
2,488;0,0210752
2,49;0,0199777
2,492;0,0187746
2,494;0,0174703
2,496;0,0160694
2,498;0,0145768
2,5;0,0129979
2,502;0,0113385
2,504;0,0096044
2,506;0,00780204
2,508;0,00593793
2,51;0,0040189
2,512;0,00205198
2,514;4,43869e-05
2,516;0,00199647
2,518;0,00406306
2,52;0,00614772
2,522;0,00824272
2,524;0,0103403
2,526;0,0124325
2,528;0,0145117
2,53;0,0165699
2,532;0,0185995
2,534;0,0205928
2,536;0,0225423
2,538;0,0244406
2,54;0,0262806
2,542;0,0280551
2,544;0,0297574
2,546;0,0313809
2,548;0,0329195
2,55;0,0343672
2,552;0,0357183
2,554;0,0369677
2,556;0,0381102
2,558;0,0391416
2,56;0,0400575
2,562;0,0408544
2,564;0,041529
2,566;0,0420784
2,568;0,0425004
2,57;0,0427929
2,572;0,0429547
2,574;0,0429848
2,576;0,0428828
2,578;0,0426487
2,58;0,0422832
2,582;0,0417871
2,584;0,0411622
2,586;0,0404104
2,588;0,0395342
2,59;0,0385366
2,592;0,037421
2,594;0,0361913
2,596;0,0348518
2,598;0,0334073
2,6;0,0318628
2,602;0,030224
2,604;0,0284967
2,606;0,0266872
2,608;0,024802
2,61;0,0228479
2,612;0,0208322
2,614;0,0187621
2,616;0,0166452
2,618;0,0144895
2,62;0,0123027
2,622;0,0100931
2,624;0,00786875
2,626;0,00563798
2,628;0,0034091
2,63;0,00119042
2,632;0,00100975
2,634;0,00318314
2,636;0,00532158
2,638;0,007417
2,64;0,00946147
2,642;0,0114472
2,644;0,0133668
2,646;0,0152127
2,648;0,016978
2,65;0,0186559
2,652;0,0202398
2,654;0,0217237
2,656;0,0231018
2,658;0,0243687
2,66;0,0255193
2,662;0,0265491
2,664;0,0274541
2,666;0,0282304
2,668;0,0288749
2,67;0,0293848
2,672;0,029758
2,674;0,0299927
2,676;0,0300877
2,678;0,0300424
2,68;0,0298564
2,682;0,0295303
2,684;0,0290649
2,686;0,0284616
2,688;0,0277222
2,69;0,0268493
2,692;0,0258458
2,694;0,0247152
2,696;0,0234612
2,698;0,0220884
2,7;0,0206015
2,702;0,0190059
2,704;0,0173071
2,706;0,0155115
2,708;0,0136253
2,71;0,0116554
2,712;0,00960902
2,714;0,00749355
2,716;0,00531676
2,718;0,0030866
2,72;0,000811282
2,722;0,00150081
2,724;0,00384113
2,726;0,00620101
2,728;0,00857169
2,73;0,0109443
2,732;0,0133101
2,734;0,0156602
2,736;0,0179857
2,738;0,0202779
2,74;0,0225282
2,742;0,0247281
2,744;0,0268692
2,746;0,0289434
2,748;0,0309429
2,75;0,0328599
2,752;0,0346871
2,754;0,0364175
2,756;0,0380444
2,758;0,0395614
2,76;0,0409627
2,762;0,0422426
2,764;0,0433962
2,766;0,0444189
2,768;0,0453065
2,77;0,0460553
2,772;0,0466623
2,774;0,0471248
2,776;0,0474408
2,778;0,0476087
2,78;0,0476276
2,782;0,047497
2,784;0,047217
2,786;0,0467884
2,788;0,0462123
2,79;0,0454906
2,792;0,0446257
2,794;0,0436203
2,796;0,042478
2,798;0,0412026
2,8;0,0397986
2,802;0,038271
2,804;0,0366251
2,806;0,0348668
2,808;0,0330024
2,81;0,0310386
2,812;0,0289824
2,814;0,0268415
2,816;0,0246235
2,818;0,0223365
2,82;0,0199889
2,822;0,0175893
2,824;0,0151466
2,826;0,0126698
2,828;0,010168
2,83;0,00765054
2,832;0,00512675
2,834;0,00260605
2,836;9,78524e-05
2,838;0,00238844
2,84;0,00484351
2,842;0,00725809
2,844;0,0096231
2,846;0,0119296
2,848;0,0141687
2,85;0,0163321
2,852;0,0184114
2,854;0,0203987
2,856;0,0222863
2,858;0,024067
2,86;0,0257338
2,862;0,0272802
2,864;0,0287002
2,866;0,0299882
2,868;0,0311391
2,87;0,0321481
2,872;0,0330113
2,874;0,033725
2,876;0,0342863
2,878;0,0346926
2,88;0,0349421
2,882;0,0350334
2,884;0,0349659
2,886;0,0347395
2,888;0,0343544
2,89;0,033812
2,892;0,0331137
2,894;0,0322618
2,896;0,0312591
2,898;0,0301091
2,9;0,0288156
2,902;0,0273831
2,904;0,0258167
2,906;0,0241219
2,908;0,0223046
2,91;0,0203715
2,912;0,0183293
2,914;0,0161856
2,916;0,0139479
2,918;0,0116246
2,92;0,009224
2,922;0,00675492
2,924;0,00422642
2,926;0,00164778
2,928;0,000971488
2,93;0,0036217
2,932;0,00629303
2,934;0,00897556
2,936;0,0116593
2,938;0,0143343
2,94;0,0169904
2,942;0,0196177
2,944;0,0222065
2,946;0,0247468
2,948;0,0272291
2,95;0,0296439
2,952;0,0319822
2,954;0,034235
2,956;0,0363937
2,958;0,03845
2,96;0,0403959
2,962;0,042224
2,964;0,0439271
2,966;0,0454986
2,968;0,0469323
2,97;0,0482225
2,972;0,049364
2,974;0,0503523
2,976;0,0511833
2,978;0,0518534
2,98;0,0523599
2,982;0,0527004
2,984;0,0528732
2,986;0,0528773
2,988;0,0527124
2,99;0,0523785
2,992;0,0518765
2,994;0,051208
2,996;0,050375
2,998;0,0493801
3;0,0482269
3,002;0,0469191
3,004;0,0454613
3,006;0,0438585
3,008;0,0421164
3,01;0,0402413
3,012;0,0382396
3,014;0,0361187
3,016;0,0338861
3,018;0,03155
3,02;0,0291187
3,022;0,0266012
3,024;0,0240066
3,026;0,0213444
3,028;0,0186245
3,03;0,0158568
3,032;0,0130515
3,034;0,010219
3,036;0,00736992
3,038;0,00451474
3,04;0,00166413
3,042;0,00117125
3,044;0,00398078
3,046;0,00675391
3,048;0,00948019
3,05;0,0121493
3,052;0,0147512
3,054;0,017276
3,056;0,0197141
3,058;0,0220562
3,06;0,0242932
3,062;0,0264166
3,064;0,0284183
3,066;0,0302903
3,068;0,0320255
3,07;0,033617
3,072;0,0350585
3,074;0,0363443
3,076;0,0374692
3,078;0,0384287
3,08;0,0392187
3,082;0,0398359
3,084;0,0402776
3,086;0,0405417
3,088;0,0406267
3,09;0,0405321
3,092;0,0402576
3,094;0,0398038
3,096;0,0391721
3,098;0,0383643
3,1;0,0373831
3,102;0,0362317
3,104;0,034914
3,106;0,0334345
3,108;0,0317983
3,11;0,0300112
3,112;0,0280795
3,114;0,02601
3,116;0,0238102
3,118;0,0214879
3,12;0,0190516
3,122;0,01651
3,124;0,0138723
3,126;0,0111483
3,128;0,00834781
3,13;0,00548116
3,132;0,00255888
3,134;0,000408244
3,136;0,00340925
3,138;0,00643302
3,14;0,00946832
3,142;0,0125038
3,144;0,0155282
3,146;0,0185302
3,148;0,0214985
3,15;0,0244219
3,152;0,0272895
3,154;0,0300903
3,156;0,0328138
3,158;0,0354496
3,16;0,0379877
3,162;0,0404184
3,164;0,0427323
3,166;0,0449204
3,168;0,0469744
3,17;0,0488863
3,172;0,0506485
3,174;0,0522541
3,176;0,0536968
3,178;0,0549708
3,18;0,0560709
3,182;0,0569926
3,184;0,057732
3,186;0,0582859
3,188;0,0586518
3,19;0,058828
3,192;0,0588132
3,194;0,0586071
3,196;0,05821
3,198;0,0576229
3,2;0,0568476
3,202;0,0558864
3,204;0,0547426
3,206;0,05342
3,208;0,051923
3,21;0,0502569
3,212;0,0484274
3,214;0,046441
3,216;0,0443048
3,218;0,0420263
3,22;0,0396137
3,222;0,0370758
3,224;0,0344216
3,226;0,0316608
3,228;0,0288035
3,23;0,0258601
3,232;0,0228413
3,234;0,0197583
3,236;0,0166225
3,238;0,0134453
3,24;0,0102386
3,242;0,00701429
3,244;0,00378431
3,246;0,000560741
3,248;0,00264438
3,25;0,00581903
3,252;0,00895129
3,254;0,0120294
3,256;0,0150416
3,258;0,0179767
3,26;0,0208234
3,262;0,0235709
3,264;0,0262088
3,266;0,0287268
3,268;0,0311153
3,27;0,0333651
3,272;0,0354675
3,274;0,0374142
3,276;0,0391977
3,278;0,0408108
3,28;0,0422471
3,282;0,0435008
3,284;0,0445669
3,286;0,0454409
3,288;0,046119
3,29;0,0465983
3,292;0,0468765
3,294;0,0469521
3,296;0,0468243
3,298;0,0464931
3,3;0,0459592
3,302;0,0452242
3,304;0,0442903
3,306;0,0431606
3,308;0,0418387
3,31;0,0403291
3,312;0,0386371
3,314;0,0367685
3,316;0,0347298
3,318;0,0325283
3,32;0,0301718
3,322;0,0276687
3,324;0,0250281
3,326;0,0222594
3,328;0,0193726
3,33;0,0163783
3,332;0,0132874
3,334;0,0101112
3,336;0,0068613
3,338;0,00354973
3,34;0,000188674
3,342;0,00320944
3,344;0,00663201
3,346;0,0100663
3,348;0,0134996
3,35;0,016919
3,352;0,0203117
3,354;0,023665
3,356;0,0269663
3,358;0,0302031
3,36;0,0333632
3,362;0,0364346
3,364;0,0394057
3,366;0,042265
3,368;0,0450018
3,37;0,0476053
3,372;0,0500657
3,374;0,0523733
3,376;0,0545193
3,378;0,0564951
3,38;0,0582931
3,382;0,059906
3,384;0,0613274
3,386;0,0625516
3,388;0,0635735
3,39;0,0643887
3,392;0,0649938
3,394;0,065386
3,396;0,0655634
3,398;0,0655246
3,4;0,0652695
3,402;0,0647983
3,404;0,0641124
3,406;0,0632137
3,408;0,0621052
3,41;0,0607905
3,412;0,0592739
3,414;0,0575607
3,416;0,0556567
3,418;0,0535687
3,42;0,051304
3,422;0,0488706
3,424;0,0462772
3,426;0,0435331
3,428;0,0406481
3,43;0,0376328
3,432;0,034498
3,434;0,0312552
3,436;0,0279162
3,438;0,0244932
3,44;0,0209989
3,442;0,0174461
3,444;0,0138479
3,446;0,0102176
3,448;0,00656878
3,45;0,00291496
3,452;0,000730228
3,454;0,00435315
3,456;0,00794024
3,458;0,011478
3,46;0,0149531
3,462;0,0183525
3,464;0,0216632
3,466;0,0248727
3,468;0,0279687
3,47;0,0309395
3,472;0,0337737
3,474;0,0364602
3,476;0,0389888
3,478;0,0413496
3,48;0,0435335
3,482;0,0455317
3,484;0,0473365
3,486;0,0489406
3,488;0,0503376
3,49;0,0515217
3,492;0,052488
3,494;0,0532324
3,496;0,0537516
3,498;0,0540431
3,5;0,0541052
3,502;0,0539372
3,504;0,0535391
3,506;0,0529119
3,508;0,0520574
3,51;0,0509782
3,512;0,0496778
3,514;0,0481606
3,516;0,0464316
3,518;0,0444968
3,52;0,042363
3,522;0,0400376
3,524;0,0375289
3,526;0,0348458
3,528;0,0319979
3,53;0,0289953
3,532;0,0258491
3,534;0,0225705
3,536;0,0191715
3,538;0,0156645
3,54;0,0120622
3,542;0,00837807
3,544;0,0046255
3,546;0,000818365
3,548;0,00302925
3,55;0,00690306
3,552;0,0107887
3,554;0,0146717
3,556;0,0185374
3,558;0,0223716
3,56;0,0261597
3,562;0,0298875
3,564;0,033541
3,566;0,0371063
3,568;0,0405699
3,57;0,0439187
3,572;0,0471398
3,574;0,0502209
3,576;0,0531503
3,578;0,0559165
3,58;0,0585089
3,582;0,0609173
3,584;0,0631324
3,586;0,0651454
3,588;0,0669483
3,59;0,0685339
3,592;0,0698957
3,594;0,0710281
3,596;0,0719264
3,598;0,0725865
3,6;0,0730056
3,602;0,0731814
3,604;0,0731126
3,606;0,0727991
3,608;0,0722413
3,61;0,0714407
3,612;0,0703998
3,614;0,0691218
3,616;0,067611
3,618;0,0658725
3,62;0,0639121
3,622;0,0617367
3,624;0,0593539
3,626;0,0567721
3,628;0,0540004
3,63;0,0510487
3,632;0,0479277
3,634;0,0446485
3,636;0,041223
3,638;0,0376637
3,64;0,0339836
3,642;0,030196
3,644;0,0263149
3,646;0,0223545
3,648;0,0183294
3,65;0,0142546
3,652;0,010145
3,654;0,00601594
3,656;0,00188282
3,658;0,00223897
3,66;0,00633401
3,662;0,0103869
3,664;0,0143825
3,666;0,0183057
3,668;0,0221417
3,67;0,025876
3,672;0,0294943
3,674;0,032983
3,676;0,0363285
3,678;0,0395182
3,68;0,0425398
3,682;0,0453814
3,684;0,0480322
3,686;0,0504818
3,688;0,0527204
3,69;0,0547394
3,692;0,0565305
3,694;0,0580866
3,696;0,0594014
3,698;0,0604692
3,7;0,0612855
3,702;0,0618467
3,704;0,0621501
3,706;0,0621939
3,708;0,0619773
3,71;0,0615006
3,712;0,0607648
3,714;0,0597721
3,716;0,0585256
3,718;0,0570293
3,72;0,0552882
3,722;0,0533083
3,724;0,0510963
3,726;0,04866
3,728;0,0460078
3,73;0,0431493
3,732;0,0400945
3,734;0,0368544
3,736;0,0334407
3,738;0,0298656
3,74;0,0261422
3,742;0,0222839
3,744;0,018305
3,746;0,0142198
3,748;0,0100435
3,75;0,00579135
3,752;0,00147911
3,754;0,00287729
3,756;0,00726168
3,758;0,0116578
3,76;0,0160492
3,762;0,0204195
3,764;0,0247523
3,766;0,0290315
3,768;0,0332408
3,77;0,0373643
3,772;0,0413866
3,774;0,0452923
3,776;0,0490666
3,778;0,052695
3,78;0,0561637
3,782;0,0594593
3,784;0,0625691
3,786;0,0654811
3,788;0,0681839
3,79;0,0706669
3,792;0,0729204
3,794;0,0749353
3,796;0,0767035
3,798;0,078218
3,8;0,0794723
3,802;0,0804612
3,804;0,0811804
3,806;0,0816265
3,808;0,0817973
3,81;0,0816914
3,812;0,0813085
3,814;0,0806494
3,816;0,0797159
3,818;0,0785109
3,82;0,0770382
3,822;0,0753026
3,824;0,07331
3,826;0,0710672
3,828;0,068582
3,83;0,065863
3,832;0,06292
3,834;0,0597632
3,836;0,0564041
3,838;0,0528546
3,84;0,0491275
3,842;0,0452364
3,844;0,0411953
3,846;0,0370191
3,848;0,0327228
3,85;0,0283224
3,852;0,023834
3,854;0,0192741
3,856;0,0146596
3,858;0,0100076
3,86;0,00533528
3,862;0,000660161
3,864;0,00400036
3,866;0,00862885
3,868;0,0132079
3,87;0,0177204
3,872;0,0221493
3,874;0,0264779
3,876;0,0306896
3,878;0,0347687
3,88;0,0386994
3,882;0,0424668
3,884;0,0460565
3,886;0,0494545
3,888;0,0526477
3,89;0,0556238
3,892;0,0583711
3,894;0,0608788
3,896;0,0631369
3,898;0,0651364
3,9;0,0668693
3,902;0,0683284
3,904;0,0695077
3,906;0,070402
3,908;0,0710073
3,91;0,0713207
3,912;0,0713403
3,914;0,0710653
3,916;0,0704961
3,918;0,069634
3,92;0,0684816
3,922;0,0670425
3,924;0,0653214
3,926;0,063324
3,928;0,0610571
3,93;0,0585285
3,932;0,0557471
3,934;0,0527225
3,936;0,0494657
3,938;0,045988
3,94;0,042302
3,942;0,038421
3,944;0,0343589
3,946;0,0301305
3,948;0,0257512
3,95;0,021237
3,952;0,0166044
3,954;0,0118703
3,956;0,00705233
3,958;0,00216817
3,96;0,0027641
3,962;0,00772617
3,964;0,0126996
3,966;0,0176658
3,968;0,0226063
3,97;0,0275025
3,972;0,0323361
3,974;0,0370889
3,976;0,0417428
3,978;0,0462804
3,98;0,0506844
3,982;0,054938
3,984;0,059025
3,986;0,0629297
3,988;0,0666372
3,99;0,0701331
3,992;0,0734038
3,994;0,0764365
3,996;0,0792195
3,998;0,0817417
4;0,0839931
4,002;0,0859646
4,004;0,0876482
4,006;0,0890368
4,008;0,0901247
4,01;0,0909071
4,012;0,0913801
4,014;0,0915415
4,016;0,0913898
4,018;0,0909248
4,02;0,0901475
4,022;0,0890601
4,024;0,0876659
4,026;0,0859693
4,028;0,083976
4,03;0,0816927
4,032;0,0791272
4,034;0,0762884
4,036;0,0731862
4,038;0,0698317
4,04;0,0662367
4,042;0,0624141
4,044;0,0583776
4,046;0,0541417
4,048;0,0497219
4,05;0,0451341
4,052;0,040395
4,054;0,035522
4,056;0,0305331
4,058;0,0254464
4,06;0,0202808
4,062;0,0150554
4,064;0,00978956
4,066;0,00450278
4,068;0,000785202
4,07;0,00605466
4,072;0,0112859
4,074;0,0164592
4,076;0,0215553
4,078;0,0265548
4,08;0,0314389
4,082;0,036189
4,084;0,0407872
4,086;0,0452159
4,088;0,049458
4,09;0,0534975
4,092;0,0573186
4,094;0,0609066
4,096;0,0642476
4,098;0,0673284
4,1;0,070137
4,102;0,0726622
4,104;0,0748939
4,106;0,0768231
4,108;0,0784418
4,11;0,0797433
4,112;0,0807219
4,114;0,0813732
4,116;0,081694
4,118;0,0816822
4,12;0,0813373
4,122;0,0806595
4,124;0,0796507
4,126;0,0783139
4,128;0,0766531
4,13;0,074674
4,132;0,072383
4,134;0,069788
4,136;0,0668979
4,138;0,0637229
4,14;0,0602741
4,142;0,0565637
4,144;0,0526049
4,146;0,048412
4,148;0,0439999
4,15;0,0393848
4,152;0,0345832
4,154;0,0296127
4,156;0,0244914
4,158;0,0192382
4,16;0,0138722
4,162;0,00841327
4,164;0,00288154
4,166;0,00270251
4,168;0,00831815
4,17;0,0139445
4,172;0,0195606
4,174;0,0251454
4,176;0,030678
4,178;0,0361377
4,18;0,0415038
4,182;0,0467562
4,184;0,0518748
4,186;0,0568404
4,188;0,061634
4,19;0,0662373
4,192;0,0706326
4,194;0,074803
4,196;0,0787325
4,198;0,0824058
4,2;0,0858085
4,202;0,0889273
4,204;0,0917499
4,206;0,094265
4,208;0,0964625
4,21;0,0983335
4,212;0,0998701
4,214;0,101066
4,216;0,101915
4,218;0,102415
4,22;0,102561
4,222;0,102354
4,224;0,101792
4,226;0,100876
4,228;0,0996108
4,23;0,0979985
4,232;0,0960448
4,234;0,093756
4,236;0,0911401
4,238;0,0882059
4,24;0,0849637
4,242;0,0814247
4,244;0,0776016
4,246;0,0735079
4,248;0,0691582
4,25;0,0645681
4,252;0,0597543
4,254;0,0547341
4,256;0,0495258
4,258;0,0441484
4,26;0,0386215
4,262;0,0329655
4,264;0,0272011
4,266;0,0213496
4,268;0,0154327
4,27;0,0094722
4,272;0,00349034
4,274;0,00249063
4,276;0,00844836
4,278;0,0143606
4,28;0,0202051
4,282;0,0259599
4,284;0,0316033
4,286;0,037114
4,288;0,0424711
4,29;0,0476542
4,292;0,0526435
4,294;0,05742
4,296;0,0619653
4,298;0,0662619
4,3;0,0702931
4,302;0,0740434
4,304;0,0774978
4,306;0,080643
4,308;0,0834664
4,31;0,0859566
4,312;0,0881037
4,314;0,0898987
4,316;0,0913341
4,318;0,0924036
4,32;0,0931025
4,322;0,0934272
4,324;0,0933756
4,326;0,092947
4,328;0,0921421
4,33;0,0909629
4,332;0,0894131
4,334;0,0874974
4,336;0,0852222
4,338;0,0825951
4,34;0,079625
4,342;0,0763223
4,344;0,0726984
4,346;0,0687661
4,348;0,0645394
4,35;0,0600333
4,352;0,055264
4,354;0,0502486
4,356;0,0450053
4,358;0,0395531
4,36;0,0339119
4,362;0,0281023
4,364;0,0221455
4,366;0,0160635
4,368;0,00987858
4,37;0,00361369
4,372;0,00270802
4,374;0,00906307
4,376;0,0154278
4,378;0,0217785
4,38;0,0280915
4,382;0,034343
4,384;0,0405096
4,386;0,046568
4,388;0,0524954
4,39;0,0582693
4,392;0,0638678
4,394;0,0692696
4,396;0,074454
4,398;0,0794013
4,4;0,0840922
4,402;0,0885087
4,404;0,0926337
4,406;0,096451
4,408;0,0999457
4,41;0,103104
4,412;0,105913
4,414;0,108362
4,416;0,11044
4,418;0,11214
4,42;0,113453
4,422;0,114374
4,424;0,114898
4,426;0,115023
4,428;0,114747
4,43;0,114071
4,432;0,112995
4,434;0,111523
4,436;0,10966
4,438;0,107411
4,44;0,104783
4,442;0,101787
4,444;0,0984317
4,446;0,0947291
4,448;0,0906923
4,45;0,0863354
4,452;0,0816741
4,454;0,076725
4,456;0,0715058
4,458;0,0660355
4,46;0,0603337
4,462;0,0544213
4,464;0,0483199
4,466;0,0420516
4,468;0,0356397
4,47;0,0291075
4,472;0,0224793
4,474;0,0157796
4,476;0,00903314
4,478;0,00226507
4,48;0,00449942
4,482;0,0112351
4,484;0,0179166
4,486;0,0245191
4,488;0,0310176
4,49;0,0373875
4,492;0,0436049
4,494;0,0496462
4,496;0,0554883
4,498;0,061109
4,5;0,0664868
4,502;0,071601
4,504;0,0764318
4,506;0,0809606
4,508;0,0851698
4,51;0,0890428
4,512;0,0925643
4,514;0,0957205
4,516;0,0984986
4,518;0,100887
4,52;0,102877
4,522;0,104459
4,524;0,105626
4,526;0,106374
4,528;0,106698
4,53;0,106596
4,532;0,106068
4,534;0,105114
4,536;0,103738
4,538;0,101942
4,54;0,0997331
4,542;0,0971183
4,544;0,0941064
4,546;0,0907076
4,548;0,0869338
4,55;0,082798
4,552;0,078315
4,554;0,0735005
4,556;0,0683718
4,558;0,0629472
4,56;0,0572464
4,562;0,0512898
4,564;0,0450992
4,566;0,0386971
4,568;0,0321068
4,57;0,0253526
4,572;0,0184593
4,574;0,0114522
4,576;0,0043572
4,578;0,00279934
4,58;0,00999088
4,582;0,0171907
4,584;0,0243718
4,586;0,0315076
4,588;0,038571
4,59;0,0455358
4,592;0,0523755
4,594;0,0590644
4,596;0,0655771
4,598;0,0718889
4,6;0,0779758
4,602;0,0838144
4,604;0,0893824
4,606;0,0946584
4,608;0,099622
4,61;0,104254
4,612;0,108536
4,614;0,112451
4,616;0,115984
4,618;0,119121
4,62;0,121849
4,622;0,124157
4,624;0,126036
4,626;0,127476
4,628;0,128473
4,63;0,12902
4,632;0,129116
4,634;0,128757
4,636;0,127946
4,638;0,126683
4,64;0,124973
4,642;0,12282
4,644;0,120232
4,646;0,117217
4,648;0,113785
4,65;0,109949
4,652;0,105721
4,654;0,101117
4,656;0,096152
4,658;0,0908449
4,66;0,0852141
4,662;0,07928
4,664;0,0730639
4,666;0,0665884
4,668;0,0598771
4,67;0,0529544
4,672;0,0458457
4,674;0,038577
4,676;0,0311752
4,678;0,0236675
4,68;0,0160817
4,682;0,00844591
4,684;0,000788581
4,686;0,00686179
4,688;0,0144766
4,69;0,0220274
4,692;0,0294858
4,694;0,0368237
4,696;0,0440134
4,698;0,0510279
4,7;0,0578403
4,702;0,0644249
4,704;0,0707565
4,706;0,0768108
4,708;0,0825647
4,71;0,0879958
4,712;0,0930831
4,714;0,0978069
4,716;0,102149
4,718;0,106091
4,72;0,109619
4,722;0,112717
4,724;0,115374
4,726;0,117578
4,728;0,11932
4,73;0,120593
4,732;0,12139
4,734;0,121708
4,736;0,121544
4,738;0,120897
4,74;0,119769
4,742;0,118163
4,744;0,116084
4,746;0,113538
4,748;0,110534
4,75;0,107082
4,752;0,103193
4,754;0,0988813
4,756;0,0941619
4,758;0,0890515
4,76;0,083568
4,762;0,077731
4,764;0,0715616
4,766;0,0650819
4,768;0,0583155
4,77;0,0512868
4,772;0,0440214
4,774;0,036546
4,776;0,0288879
4,778;0,0210754
4,78;0,0131371
4,782;0,00510239
4,784;0,0029989
4,786;0,0111367
4,788;0,0192808
4,79;0,0274007
4,792;0,0354661
4,794;0,0434467
4,796;0,0513126
4,798;0,059034
4,8;0,0665819
4,802;0,0739276
4,804;0,0810432
4,806;0,0879016
4,808;0,0944766
4,81;0,100743
4,812;0,106677
4,814;0,112254
4,816;0,117455
4,818;0,122258
4,82;0,126644
4,822;0,130596
4,824;0,134098
4,826;0,137136
4,828;0,139698
4,83;0,141773
4,832;0,143352
4,834;0,144428
4,836;0,144995
4,838;0,145051
4,84;0,144593
4,842;0,143623
4,844;0,142143
4,846;0,140157
4,848;0,137671
4,85;0,134693
4,852;0,131234
4,854;0,127305
4,856;0,122919
4,858;0,118092
4,86;0,112841
4,862;0,107185
4,864;0,101143
4,866;0,0947368
4,868;0,0879902
4,87;0,0809272
4,872;0,0735734
4,874;0,0659555
4,876;0,0581014
4,878;0,0500399
4,88;0,0418004
4,882;0,0334134
4,884;0,0249098
4,886;0,0163211
4,888;0,00767917
4,89;0,000983923
4,892;0,00963585
4,894;0,0182443
4,896;0,026777
4,898;0,0352019
4,9;0,0434873
4,902;0,051602
4,904;0,0595152
4,906;0,067197
4,908;0,074618
4,91;0,08175
4,912;0,0885656
4,914;0,0950386
4,916;0,101144
4,918;0,106858
4,92;0,112159
4,922;0,117026
4,924;0,121439
4,926;0,12538
4,928;0,128835
4,93;0,131789
4,932;0,13423
4,934;0,136147
4,936;0,137533
4,938;0,138379
4,94;0,138683
4,942;0,138442
4,944;0,137655
4,946;0,136324
4,948;0,134452
4,95;0,132046
4,952;0,129113
4,954;0,125662
4,956;0,121706
4,958;0,117257
4,96;0,112332
4,962;0,106947
4,964;0,101122
4,966;0,0948773
4,968;0,0882348
4,97;0,0812187
4,972;0,0738543
4,974;0,0661682
4,976;0,0581883
4,978;0,0499438
4,98;0,0414647
4,982;0,0327822
4,984;0,0239282
4,986;0,0149353
4,988;0,00583683
4,99;0,00333359
4,992;0,0125419
4,994;0,0217537
4,996;0,0309347
4,998;0,0400505
5;0,049067
5,002;0,0579502
5,004;0,0666667
5,006;0,0751835
5,008;0,0834683
5,01;0,0914897
5,012;0,099217
5,014;0,106621
5,016;0,113673
5,018;0,120345
5,02;0,126613
5,022;0,132451
5,024;0,137837
5,026;0,14275
5,028;0,14717
5,03;0,151079
5,032;0,154462
5,034;0,157304
5,036;0,159595
5,038;0,161323
5,04;0,162482
5,042;0,163065
5,044;0,163069
5,046;0,162493
5,048;0,161336
5,05;0,159603
5,052;0,157299
5,054;0,154429
5,056;0,151005
5,058;0,147037
5,06;0,142539
5,062;0,137526
5,064;0,132016
5,066;0,126028
5,068;0,119583
5,07;0,112705
5,072;0,105418
5,074;0,097748
5,076;0,0897231
5,078;0,0813722
5,08;0,0727258
5,082;0,0638154
5,084;0,0546737
5,086;0,0453342
5,088;0,0358313
5,09;0,0262001
5,092;0,0164763
5,094;0,00669591
5,096;0,00310467
5,098;0,0128889
5,1;0,0226202
5,102;0,0322621
5,104;0,0417784
5,106;0,0511333
5,108;0,0602915
5,11;0,0692183
5,112;0,0778798
5,114;0,0862431
5,116;0,0942762
5,118;0,101948
5,12;0,10923
5,122;0,116093
5,124;0,122511
5,126;0,128458
5,128;0,133912
5,13;0,138851
5,132;0,143255
5,134;0,147107
5,136;0,15039
5,138;0,153091
5,14;0,155199
5,142;0,156705
5,144;0,1576
5,146;0,157882
5,148;0,157546
5,15;0,156593
5,152;0,155024
5,154;0,152845
5,156;0,150062
5,158;0,146684
5,16;0,142721
5,162;0,138188
5,164;0,1331
5,166;0,127475
5,168;0,121331
5,17;0,114692
5,172;0,107581
5,174;0,100022
5,176;0,0920435
5,178;0,083674
5,18;0,0749437
5,182;0,0658845
5,184;0,0565292
5,186;0,0469121
5,188;0,0370686
5,19;0,0270347
5,192;0,0168476
5,194;0,00654479
5,196;0,00383543
5,198;0,0142545
5,2;0,0246737
5,202;0,0350541
5,204;0,0453568
5,206;0,0555431
5,208;0,0655748
5,21;0,0754141
5,212;0,0850237
5,214;0,0943673
5,216;0,103409
5,218;0,112115
5,22;0,120452
5,222;0,128387
5,224;0,13589
5,226;0,142932
5,228;0,149486
5,23;0,155525
5,232;0,161027
5,234;0,165969
5,236;0,170332
5,238;0,174097
5,24;0,17725
5,242;0,179777
5,244;0,181667
5,246;0,182912
5,248;0,183505
5,25;0,183442
5,252;0,182723
5,254;0,181349
5,256;0,179322
5,258;0,17665
5,26;0,173339
5,262;0,169402
5,264;0,164851
5,266;0,159703
5,268;0,153974
5,27;0,147684
5,272;0,140857
5,274;0,133515
5,276;0,125686
5,278;0,117397
5,28;0,108678
5,282;0,0995605
5,284;0,0900779
5,286;0,0802645
5,288;0,0701562
5,29;0,05979
5,292;0,0492041
5,294;0,0384372
5,296;0,0275294
5,298;0,0165209
5,3;0,00545251
5,302;0,00563447
5,304;0,0166987
5,306;0,0276989
5,308;0,0385938
5,31;0,0493425
5,312;0,0599045
5,314;0,0702399
5,316;0,0803096
5,318;0,0900754
5,32;0,0995
5,322;0,108547
5,324;0,117183
5,326;0,125374
5,328;0,133088
5,33;0,140295
5,332;0,146968
5,334;0,153079
5,336;0,158606
5,338;0,163525
5,34;0,167818
5,342;0,171465
5,344;0,174454
5,346;0,176769
5,348;0,178403
5,35;0,179345
5,352;0,179592
5,354;0,179141
5,356;0,177992
5,358;0,176148
5,36;0,173613
5,362;0,170395
5,364;0,166505
5,366;0,161956
5,368;0,156764
5,37;0,150945
5,372;0,14452
5,374;0,137512
5,376;0,129946
5,378;0,121848
5,38;0,113248
5,382;0,104176
5,384;0,0946643
5,386;0,0847486
5,388;0,0744644
5,39;0,0638493
5,392;0,052942
5,394;0,0417826
5,396;0,0304122
5,398;0,0188726
5,4;0,00720661
5,402;0,00454257
5,404;0,0163313
5,406;0,0281156
5,408;0,0398515
5,41;0,0514951
5,412;0,0630027
5,414;0,0743309
5,416;0,0854372
5,418;0,0962794
5,42;0,106816
5,422;0,117008
5,424;0,126816
5,426;0,136202
5,428;0,145131
5,43;0,153567
5,432;0,161479
5,434;0,168835
5,436;0,175606
5,438;0,181767
5,44;0,187292
5,442;0,192159
5,444;0,196349
5,446;0,199844
5,448;0,20263
5,45;0,204694
5,452;0,206028
5,454;0,206623
5,456;0,206477
5,458;0,205589
5,46;0,203958
5,462;0,201591
5,464;0,198493
5,466;0,194676
5,468;0,190151
5,47;0,184933
5,472;0,179041
5,474;0,172494
5,476;0,165316
5,478;0,157532
5,48;0,149169
5,482;0,140258
5,484;0,130829
5,486;0,120919
5,488;0,110561
5,49;0,0997936
5,492;0,0886563
5,494;0,0771896
5,496;0,0654355
5,498;0,0534372
5,5;0,0412389
5,502;0,0288856
5,504;0,0164231
5,506;0,00389766
5,508;0,0086441
5,51;0,0211554
5,512;0,0335895
5,514;0,0458997
5,516;0,0580398
5,518;0,0699641
5,52;0,0816275
5,522;0,0929859
5,524;0,103996
5,526;0,114616
5,528;0,124806
5,53;0,134525
5,532;0,143738
5,534;0,152407
5,536;0,160501
5,538;0,167986
5,54;0,174833
5,542;0,181017
5,544;0,18651
5,546;0,191293
5,548;0,195344
5,55;0,198648
5,552;0,20119
5,554;0,202958
5,556;0,203945
5,558;0,204144
5,56;0,203553
5,562;0,202173
5,564;0,200006
5,566;0,19706
5,568;0,193342
5,57;0,188865
5,572;0,183644
5,574;0,177697
5,576;0,171043
5,578;0,163707
5,58;0,155714
5,582;0,147092
5,584;0,137872
5,586;0,128086
5,588;0,117771
5,59;0,106963
5,592;0,0957014
5,594;0,0840273
5,596;0,0719832
5,598;0,0596131
5,6;0,0469625
5,602;0,034078
5,604;0,021007
5,606;0,00779792
5,608;0,00550025
5,61;0,0188381
5,612;0,0321659
5,614;0,0454339
5,616;0,0585924
5,618;0,071592
5,62;0,0843838
5,622;0,0969196
5,624;0,109152
5,626;0,121034
5,628;0,132522
5,63;0,14357
5,632;0,154138
5,634;0,164183
5,636;0,173668
5,638;0,182556
5,64;0,190811
5,642;0,198403
5,644;0,2053
5,646;0,211476
5,648;0,216905
5,65;0,221566
5,652;0,225439
5,654;0,228508
5,656;0,230759
5,658;0,232183
5,66;0,232772
5,662;0,232521
5,664;0,23143
5,666;0,2295
5,668;0,226738
5,67;0,22315
5,672;0,21875
5,674;0,21355
5,676;0,207569
5,678;0,200826
5,68;0,193346
5,682;0,185155
5,684;0,176281
5,686;0,166756
5,688;0,156614
5,69;0,145891
5,692;0,134626
5,694;0,122859
5,696;0,110634
5,698;0,097995
5,7;0,0849879
5,702;0,0716606
5,704;0,0580621
5,706;0,0442424
5,708;0,0302527
5,71;0,0161448
5,712;0,00197103
5,714;0,0122158
5,716;0,0263629
5,718;0,0404172
5,72;0,054326
5,722;0,0680371
5,724;0,0814988
5,726;0,0946603
5,728;0,107472
5,73;0,119884
5,732;0,131851
5,734;0,143326
5,736;0,154265
5,738;0,164626
5,74;0,174369
5,742;0,183456
5,744;0,191851
5,746;0,199523
5,748;0,206439
5,75;0,212573
5,752;0,2179
5,754;0,222398
5,756;0,226049
5,758;0,228835
5,76;0,230746
5,762;0,231772
5,764;0,231907
5,766;0,231148
5,768;0,229495
5,77;0,226954
5,772;0,223531
5,774;0,219237
5,776;0,214086
5,778;0,208096
5,78;0,201285
5,782;0,193679
5,784;0,185302
5,786;0,176186
5,788;0,166362
5,79;0,155865
5,792;0,144732
5,794;0,133004
5,796;0,120723
5,798;0,107934
5,8;0,0946828
5,802;0,081018
5,804;0,0669896
5,806;0,0526491
5,808;0,0380494
5,81;0,0232444
5,812;0,00828871
5,814;0,00676207
5,816;0,021852
5,818;0,0369249
5,82;0,0519243
5,822;0,0667943
5,824;0,0814788
5,826;0,0959226
5,828;0,110071
5,83;0,123871
5,832;0,13727
5,834;0,150217
5,836;0,162663
5,838;0,174559
5,84;0,18586
5,842;0,196523
5,844;0,206507
5,846;0,215771
5,848;0,224281
5,85;0,232001
5,852;0,238903
5,854;0,244957
5,856;0,25014
5,858;0,25443
5,86;0,257808
5,862;0,260261
5,864;0,261775
5,866;0,262345
5,868;0,261964
5,87;0,260633
5,872;0,258354
5,874;0,255134
5,876;0,250981
5,878;0,24591
5,88;0,239937
5,882;0,233082
5,884;0,225368
5,886;0,216824
5,888;0,207477
5,89;0,197361
5,892;0,186513
5,894;0,174971
5,896;0,162776
5,898;0,149972
5,9;0,136607
5,902;0,122727
5,904;0,108384
5,906;0,0936302
5,908;0,0785198
5,91;0,0631083
5,912;0,0474525
5,914;0,0316103
5,916;0,0156403
5,918;0,000398156
5,92;0,0164453
5,922;0,0324413
5,924;0,0483263
5,926;0,0640407
5,928;0,0795254
5,93;0,0947222
5,932;0,109573
5,934;0,124023
5,936;0,138016
5,938;0,151499
5,94;0,16442
5,942;0,176731
5,944;0,188383
5,946;0,199331
5,948;0,209533
5,95;0,218949
5,952;0,227542
5,954;0,235277
5,956;0,242125
5,958;0,248057
5,96;0,253049
5,962;0,257079
5,964;0,260132
5,966;0,262192
5,968;0,26325
5,97;0,2633
5,972;0,262338
5,974;0,260366
5,976;0,25739
5,978;0,253416
5,98;0,24846
5,982;0,242535
5,984;0,235662
5,986;0,227865
5,988;0,21917
5,99;0,209608
5,992;0,199211
5,994;0,188018
5,996;0,176068
5,998;0,163404
6;0,150071
6,002;0,136117
6,004;0,121593
6,006;0,106552
6,008;0,0910495
6,01;0,0751412
6,012;0,0588859
6,014;0,0423434
6,016;0,0255749
6,018;0,00864237
6,02;0,00839136
6,022;0,0254629
6,024;0,0425087
6,026;0,0594649
6,028;0,0762681
6,03;0,0928552
6,032;0,109164
6,034;0,125132
6,036;0,1407
6,038;0,155808
6,04;0,170399
6,042;0,184418
6,044;0,197809
6,046;0,210523
6,048;0,222509
6,05;0,233722
6,052;0,244118
6,054;0,253655
6,056;0,262296
6,058;0,270008
6,06;0,276758
6,062;0,282519
6,064;0,287268
6,066;0,290984
6,068;0,29365
6,07;0,295255
6,072;0,29579
6,074;0,295251
6,076;0,293636
6,078;0,290949
6,08;0,287198
6,082;0,282394
6,084;0,276552
6,086;0,269692
6,088;0,261837
6,09;0,253014
6,092;0,243254
6,094;0,23259
6,096;0,221061
6,098;0,208707
6,1;0,195572
6,102;0,181704
6,104;0,167153
6,106;0,151971
6,108;0,136213
6,11;0,119938
6,112;0,103203
6,114;0,0860721
6,116;0,0686067
6,118;0,0508714
6,12;0,032932
6,122;0,0148549
6,124;0,00329282
6,126;0,0214435
6,128;0,0395294
6,13;0,0574828
6,132;0,0752365
6,134;0,0927236
6,136;0,109878
6,138;0,126635
6,14;0,142932
6,142;0,158706
6,144;0,173896
6,146;0,188446
6,148;0,202299
6,15;0,215401
6,152;0,227703
6,154;0,239155
6,156;0,249714
6,158;0,259338
6,16;0,267989
6,162;0,275631
6,164;0,282234
6,166;0,287772
6,168;0,29222
6,17;0,295559
6,172;0,297775
6,174;0,298856
6,176;0,298796
6,178;0,297591
6,18;0,295245
6,182;0,291762
6,184;0,287154
6,186;0,281434
6,188;0,274621
6,19;0,266739
6,192;0,257813
6,194;0,247875
6,196;0,23696
6,198;0,225106
6,2;0,212354
6,202;0,198751
6,204;0,184345
6,206;0,169188
6,208;0,153334
6,21;0,136842
6,212;0,119771
6,214;0,102183
6,216;0,0841441
6,218;0,0657189
6,22;0,0469759
6,222;0,0279843
6,224;0,00881434
6,226;0,0104628
6,228;0,0297755
6,23;0,0490516
6,232;0,0682192
6,234;0,0872063
6,236;0,105942
6,238;0,124355
6,24;0,142376
6,242;0,159938
6,244;0,176972
6,246;0,193416
6,248;0,209204
6,25;0,224278
6,252;0,23858
6,254;0,252053
6,256;0,264645
6,258;0,276308
6,26;0,286996
6,262;0,296667
6,264;0,305281
6,266;0,312805
6,268;0,319207
6,27;0,324461
6,272;0,328544
6,274;0,33144
6,276;0,333133
6,278;0,333614
6,28;0,33288
6,282;0,330929
6,284;0,327767
6,286;0,323401
6,288;0,317846
6,29;0,31112
6,292;0,303243
6,294;0,294245
6,296;0,284154
6,298;0,273007
6,3;0,260842
6,302;0,247702
6,304;0,233634
6,306;0,218688
6,308;0,202919
6,31;0,186382
6,312;0,169138
6,314;0,15125
6,316;0,132782
6,318;0,113802
6,32;0,0943808
6,322;0,0745885
6,324;0,0544985
6,326;0,034185
6,328;0,0137235
6,33;0,00681002
6,332;0,0273392
6,334;0,0477872
6,336;0,0680777
6,338;0,0881344
6,34;0,107882
6,342;0,127246
6,344;0,146153
6,346;0,164531
6,348;0,182311
6,35;0,199425
6,352;0,215807
6,354;0,231395
6,356;0,246127
6,358;0,259948
6,36;0,272803
6,362;0,284643
6,364;0,29542
6,366;0,305091
6,368;0,313619
6,37;0,320967
6,372;0,327107
6,374;0,332012
6,376;0,335661
6,378;0,338038
6,38;0,33913
6,382;0,33893
6,384;0,337436
6,386;0,33465
6,388;0,33058
6,39;0,325238
6,392;0,31864
6,394;0,310809
6,396;0,301771
6,398;0,291555
6,4;0,280199
6,402;0,267741
6,404;0,254225
6,406;0,239699
6,408;0,224215
6,41;0,207829
6,412;0,190599
6,414;0,172588
6,416;0,153862
6,418;0,134487
6,42;0,114536
6,422;0,0940807
6,424;0,073197
6,426;0,0519616
6,428;0,030453
6,43;0,00875079
6,432;0,0130645
6,434;0,0349116
6,436;0,0567091
6,438;0,0783754
6,44;0,0998295
6,442;0,120991
6,444;0,141779
6,446;0,162117
6,448;0,181926
6,45;0,201132
6,452;0,219661
6,454;0,237443
6,456;0,25441
6,458;0,270495
6,46;0,285638
6,462;0,299779
6,464;0,312863
6,466;0,324839
6,468;0,335659
6,47;0,34528
6,472;0,353664
6,474;0,360775
6,476;0,366585
6,478;0,371069
6,48;0,374206
6,482;0,375983
6,484;0,376388
6,486;0,375417
6,488;0,37307
6,49;0,369354
6,492;0,364277
6,494;0,357857
6,496;0,350114
6,498;0,341074
6,5;0,330766
6,502;0,319228
6,504;0,306498
6,506;0,292621
6,508;0,277648
6,51;0,26163
6,512;0,244625
6,514;0,226694
6,516;0,207902
6,518;0,188317
6,52;0,168011
6,522;0,147057
6,524;0,125531
6,526;0,103514
6,528;0,0810857
6,53;0,0583291
6,532;0,0353284
6,534;0,012169
6,536;0,0110632
6,538;0,0342816
6,54;0,0573994
6,542;0,0803302
6,544;0,102988
6,546;0,125287
6,548;0,147144
6,55;0,168475
6,552;0,189201
6,554;0,209241
6,556;0,22852
6,558;0,246964
6,56;0,264503
6,562;0,281067
6,564;0,296593
6,566;0,311022
6,568;0,324295
6,57;0,336361
6,572;0,347173
6,574;0,356685
6,576;0,364861
6,578;0,371666
6,58;0,377071
6,582;0,381054
6,584;0,383595
6,586;0,384681
6,588;0,384306
6,59;0,382467
6,592;0,379168
6,594;0,374416
6,596;0,368227
6,598;0,360621
6,6;0,351621
6,602;0,341259
6,604;0,32957
6,606;0,316593
6,608;0,302376
6,61;0,286967
6,612;0,270422
6,614;0,252799
6,616;0,234162
6,618;0,214577
6,62;0,194116
6,622;0,172853
6,624;0,150866
6,626;0,128234
6,628;0,105041
6,63;0,0813712
6,632;0,057313
6,634;0,0329548
6,636;0,00838684
6,638;0,0162997
6,64;0,0410129
6,642;0,0656606
6,644;0,0901506
6,646;0,114391
6,648;0,138291
6,65;0,16176
6,652;0,18471
6,654;0,207054
6,656;0,228707
6,658;0,249586
6,66;0,269611
6,662;0,288707
6,664;0,306799
6,666;0,323817
6,668;0,339695
6,67;0,354371
6,672;0,367788
6,674;0,379893
6,676;0,390636
6,678;0,399975
6,68;0,407872
6,682;0,414293
6,684;0,419211
6,686;0,422604
6,688;0,424456
6,69;0,424756
6,692;0,4235
6,694;0,420687
6,696;0,416325
6,698;0,410427
6,7;0,403011
6,702;0,394101
6,704;0,383726
6,706;0,371922
6,708;0,35873
6,71;0,344195
6,712;0,328368
6,714;0,311306
6,716;0,293068
6,718;0,273722
6,72;0,253335
6,722;0,231982
6,724;0,209739
6,726;0,186689
6,728;0,162915
6,73;0,138503
6,732;0,113544
6,734;0,0881301
6,736;0,0623541
6,738;0,0363117
6,74;0,0100995
6,742;0,016185
6,744;0,0424438
6,746;0,068579
6,748;0,0944926
6,75;0,120087
6,752;0,145267
6,754;0,169936
6,756;0,194002
6,758;0,217373
6,76;0,23996
6,762;0,261678
6,764;0,282442
6,766;0,302173
6,768;0,320796
6,77;0,338237
6,772;0,354429
6,774;0,369308
6,776;0,382816
6,778;0,394899
6,78;0,405508
6,782;0,414601
6,784;0,422139
6,786;0,428092
6,788;0,432431
6,79;0,435139
6,792;0,436201
6,794;0,435608
6,796;0,433359
6,798;0,429459
6,8;0,423917
6,802;0,416752
6,804;0,407985
6,806;0,397645
6,808;0,385768
6,81;0,372394
6,812;0,35757
6,814;0,341346
6,816;0,323781
6,818;0,304937
6,82;0,284881
6,822;0,263685
6,824;0,241425
6,826;0,218182
6,828;0,194041
6,83;0,169089
6,832;0,143417
6,834;0,117121
6,836;0,0902952
6,838;0,06304
6,84;0,0354558
6,842;0,00764467
6,844;0,02029
6,846;0,0482442
6,848;0,0761137
6,85;0,103794
6,852;0,131182
6,854;0,158174
6,856;0,184669
6,858;0,210566
6,86;0,235767
6,862;0,260177
6,864;0,283702
6,866;0,306253
6,868;0,327743
6,87;0,34809
6,872;0,367214
6,874;0,385041
6,876;0,401502
6,878;0,416531
6,88;0,43007
6,882;0,442064
6,884;0,452465
6,886;0,46123
6,888;0,468322
6,89;0,473711
6,892;0,477373
6,894;0,47929
6,896;0,47945
6,898;0,477849
6,9;0,474489
6,902;0,469377
6,904;0,462529
6,906;0,453966
6,908;0,443716
6,91;0,431813
6,912;0,418298
6,914;0,403217
6,916;0,386622
6,918;0,368573
6,92;0,349133
6,922;0,32837
6,924;0,306361
6,926;0,283183
6,928;0,258921
6,93;0,233662
6,932;0,207498
6,934;0,180525
6,936;0,152842
6,938;0,12455
6,94;0,0957531
6,942;0,0665581
6,944;0,0370729
6,946;0,00740684
6,948;0,0223298
6,95;0,0520262
6,952;0,0815713
6,954;0,110855
6,956;0,139766
6,958;0,168197
6,96;0,196039
6,962;0,223189
6,964;0,249542
6,966;0,274998
6,968;0,29946
6,97;0,322835
6,972;0,345033
6,974;0,365967
6,976;0,385557
6,978;0,403726
6,98;0,420404
6,982;0,435524
6,984;0,449025
6,986;0,460855
6,988;0,470964
6,99;0,479311
6,992;0,48586
6,994;0,490582
6,996;0,493456
6,998;0,494467
7;0,493606
7,002;0,490871
7,004;0,486269
7,006;0,479813
7,008;0,471521
7,01;0,461421
7,012;0,449545
7,014;0,435935
7,016;0,420636
7,018;0,403702
7,02;0,385191
7,022;0,36517
7,024;0,343709
7,026;0,320886
7,028;0,296781
7,03;0,271482
7,032;0,24508
7,034;0,217672
7,036;0,189358
7,038;0,16024
7,04;0,130425
7,042;0,100024
7,044;0,0691486
7,046;0,0379123
7,048;0,0064312
7,05;0,0251777
7,052;0,0567968
7,054;0,088308
7,056;0,119593
7,058;0,150536
7,06;0,181019
7,062;0,210927
7,064;0,240148
7,066;0,268571
7,068;0,296088
7,07;0,322594
7,072;0,347987
7,074;0,37217
7,076;0,395051
7,078;0,416539
7,08;0,436553
7,082;0,455013
7,084;0,471846
7,086;0,486987
7,088;0,500375
7,09;0,511954
7,092;0,521679
7,094;0,529508
7,096;0,535406
7,098;0,539349
7,1;0,541315
7,102;0,541294
7,104;0,53928
7,106;0,535276
7,108;0,529293
7,11;0,521347
7,112;0,511465
7,114;0,499677
7,116;0,486024
7,118;0,470552
7,12;0,453314
7,122;0,434371
7,124;0,413789
7,126;0,391641
7,128;0,368006
7,13;0,342969
7,132;0,31662
7,134;0,289054
7,136;0,26037
7,138;0,230674
7,14;0,200074
7,142;0,168682
7,144;0,136613
7,146;0,103985
7,148;0,0709187
7,15;0,0375368
7,152;0,003963
7,154;0,0296779
7,156;0,0632605
7,158;0,0966592
7,16;0,129749
7,162;0,162405
7,164;0,194506
7,166;0,225928
7,168;0,256555
7,17;0,286269
7,172;0,314957
7,174;0,34251
7,176;0,368822
7,178;0,393792
7,18;0,417324
7,182;0,439325
7,184;0,459711
7,186;0,478402
7,188;0,495323
7,19;0,510407
7,192;0,523593
7,194;0,534828
7,196;0,544066
7,198;0,551265
7,2;0,556396
7,202;0,559434
7,204;0,560362
7,206;0,559172
7,208;0,555863
7,21;0,550443
7,212;0,542926
7,214;0,533336
7,216;0,521704
7,218;0,508068
7,22;0,492474
7,222;0,474976
7,224;0,455634
7,226;0,434517
7,228;0,411698
7,23;0,38726
7,232;0,361288
7,234;0,333878
7,236;0,305126
7,238;0,275139
7,24;0,244023
7,242;0,211894
7,244;0,178869
7,246;0,145068
7,248;0,110616
7,25;0,0756399
7,252;0,0402695
7,254;0,00463545
7,256;0,0311297
7,258;0,0668927
7,26;0,10252
7,262;0,137879
7,264;0,172835
7,266;0,207259
7,268;0,24102
7,27;0,27399
7,272;0,306045
7,274;0,337063
7,276;0,366925
7,278;0,395517
7,28;0,422729
7,282;0,448457
7,284;0,472601
7,286;0,495066
7,288;0,515765
7,29;0,534617
7,292;0,551546
7,294;0,566486
7,296;0,579374
7,298;0,590159
7,3;0,598794
7,302;0,605244
7,304;0,609477
7,306;0,611473
7,308;0,61122
7,31;0,608712
7,312;0,603954
7,314;0,596959
7,316;0,587746
7,318;0,576345
7,32;0,562793
7,322;0,547136
7,324;0,529427
7,326;0,509727
7,328;0,488105
7,33;0,464638
7,332;0,439407
7,334;0,412504
7,336;0,384025
7,338;0,354072
7,34;0,322753
7,342;0,290183
7,344;0,256479
7,346;0,221766
7,348;0,186169
7,35;0,14982
7,352;0,112853
7,354;0,0754041
7,356;0,0376121
7,358;0,000382786
7,36;0,0384391
7,362;0,076415
7,364;0,114168
7,366;0,151558
7,368;0,188443
7,37;0,224685
7,372;0,260147
7,374;0,294694
7,376;0,328196
7,378;0,360525
7,38;0,391557
7,382;0,421173
7,384;0,44926
7,386;0,475709
7,388;0,500416
7,39;0,523287
7,392;0,544231
7,394;0,563165
7,396;0,580013
7,398;0,594709
7,4;0,607191
7,402;0,617408
7,404;0,625316
7,406;0,63088
7,408;0,634074
7,41;0,63488
7,412;0,63329
7,414;0,629303
7,416;0,62293
7,418;0,614186
7,42;0,603101
7,422;0,589709
7,424;0,574056
7,426;0,556193
7,428;0,536182
7,43;0,514094
7,432;0,490005
7,434;0,464
7,436;0,436173
7,438;0,406622
7,44;0,375454
7,442;0,342781
7,444;0,308721
7,446;0,273399
7,448;0,236944
7,45;0,199488
7,452;0,161169
7,454;0,122128
7,456;0,0825089
7,458;0,0424586
7,46;0,00212543
7,462;0,0383408
7,464;0,0787893
7,466;0,119069
7,468;0,159029
7,47;0,19852
7,472;0,237392
7,474;0,2755
7,476;0,312699
7,478;0,348848
7,48;0,38381
7,482;0,417451
7,484;0,449643
7,486;0,480262
7,488;0,509189
7,49;0,536313
7,492;0,561528
7,494;0,584736
7,496;0,605845
7,498;0,624771
7,5;0,641438
7,502;0,655778
7,504;0,667733
7,506;0,677252
7,508;0,684294
7,51;0,688827
7,512;0,690827
7,514;0,690281
7,516;0,687184
7,518;0,681544
7,52;0,673373
7,522;0,662697
7,524;0,64955
7,526;0,633975
7,528;0,616024
7,53;0,595758
7,532;0,573247
7,534;0,548571
7,536;0,521816
7,538;0,493076
7,54;0,462455
7,542;0,430063
7,544;0,396015
7,546;0,360436
7,548;0,323454
7,55;0,285204
7,552;0,245825
7,554;0,205463
7,556;0,164265
7,558;0,122383
7,56;0,0799716
7,562;0,0371885
7,564;0,00580787
7,566;0,0488575
7,568;0,0917997
7,57;0,134474
7,572;0,17672
7,574;0,21838
7,576;0,259296
7,578;0,299314
7,58;0,338283
7,582;0,376053
7,584;0,412482
7,586;0,447431
7,588;0,480764
7,59;0,512354
7,592;0,542079
7,594;0,569824
7,596;0,595479
7,598;0,618945
7,6;0,640128
7,602;0,658943
7,604;0,675315
7,606;0,689178
7,608;0,700472
7,61;0,70915
7,612;0,715173
7,614;0,723792
7,616;0,734981
7,618;0,748704
7,62;0,764917
7,622;0,783564
7,624;0,804582
7,626;0,827898
7,628;0,853431
7,63;0,88109
7,632;0,910778
7,634;0,942388
7,636;0,975808
7,638;1,01092
7,64;1,04759
7,642;1,08568
7,644;1,12507
7,646;1,1656
7,648;1,20713
7,65;1,24951
7,652;1,29257
7,654;1,33617
7,656;1,38013
7,658;1,42429
7,66;1,4685
7,662;1,51258
7,664;1,55637
7,666;1,5997
7,668;1,64242
7,67;1,68436
7,672;1,72537
7,674;1,76528
7,676;1,80395
7,678;1,84124
7,68;1,87698
7,682;1,91106
7,684;1,94334
7,686;1,97369
7,688;2,00199
7,69;2,02814
7,692;2,05204
7,694;2,07358
7,696;2,09268
7,698;2,10927
7,7;2,12327
7,702;2,13463
7,704;2,14331
7,706;2,14925
7,708;2,15243
7,71;2,15284
7,712;2,15046
7,714;2,1453
7,716;2,13737
7,718;2,1267
7,72;2,11331
7,722;2,09724
7,724;2,07857
7,726;2,05733
7,728;2,03362
7,73;2,00751
7,732;1,9791
7,734;1,94848
7,736;1,91576
7,738;1,88106
7,74;1,84451
7,742;1,80624
7,744;1,76638
7,746;1,72509
7,748;1,6825
7,75;1,63879
7,752;1,5941
7,754;1,54861
7,756;1,50247
7,758;1,45587
7,76;1,40897
7,762;1,36195
7,764;1,31499
7,766;1,26825
7,768;1,22192
7,77;1,17617
7,772;1,13117
7,774;1,08709
7,776;1,04409
7,778;1,00235
7,78;0,962012
7,782;0,92324
7,784;0,88618
7,786;0,850974
7,788;0,817758
7,79;0,78666
7,792;0,757803
7,794;0,731298
7,796;0,707251
7,798;0,685758
7,8;0,666904
7,802;0,645487
7,804;0,62158
7,806;0,595268
7,808;0,566641
7,81;0,535802
7,812;0,50286
7,814;0,467934
7,816;0,431149
7,818;0,392637
7,82;0,352539
7,822;0,311
7,824;0,268172
7,826;0,224212
7,828;0,179281
7,83;0,133545
7,832;0,0871717
7,834;0,0403336
7,836;0,00679567
7,838;0,054041
7,84;0,101226
7,842;0,148175
7,844;0,194712
7,846;0,240661
7,848;0,285851
7,85;0,330111
7,852;0,373272
7,854;0,415172
7,856;0,45565
7,858;0,494553
7,86;0,531732
7,862;0,567042
7,864;0,600349
7,866;0,631523
7,868;0,660442
7,87;0,686993
7,872;0,711071
7,874;0,732581
7,876;0,751436
7,878;0,767558
7,88;0,780883
7,882;0,791352
7,884;0,79892
7,886;0,803552
7,888;0,805224
7,89;0,803922
7,892;0,799643
7,894;0,792398
7,896;0,782204
7,898;0,769095
7,9;0,753111
7,902;0,734305
7,904;0,712741
7,906;0,688493
7,908;0,661644
7,91;0,632289
7,912;0,600532
7,914;0,566484
7,916;0,530268
7,918;0,492014
7,92;0,451859
7,922;0,40995
7,924;0,366438
7,926;0,321481
7,928;0,275245
7,93;0,227898
7,932;0,179615
7,934;0,130574
7,936;0,0809566
7,938;0,0309457
7,94;0,0192724
7,942;0,0695108
7,944;0,119582
7,946;0,169299
7,948;0,218474
7,95;0,266924
7,952;0,314465
7,954;0,360918
7,956;0,406107
7,958;0,44986
7,96;0,49201
7,962;0,532396
7,964;0,570863
7,966;0,607263
7,968;0,641455
7,97;0,673306
7,972;0,702691
7,974;0,729496
7,976;0,753612
7,978;0,780225
7,98;0,80924
7,982;0,840555
7,984;0,874059
7,986;0,909631
7,988;0,947145
7,99;0,986463
7,992;1,02744
7,994;1,06994
7,996;1,1138
7,998;1,15885
8;1,20493
8,002;1,25188
8,004;1,29953
8,006;1,34768
8,008;1,39617
8,01;1,44482
8,012;1,49344
8,014;1,54185
8,016;1,58987
8,018;1,63733
8,02;1,68404
8,022;1,72982
8,024;1,77451
8,026;1,81793
8,028;1,85992
8,03;1,90032
8,032;1,93897
8,034;1,97573
8,036;2,01045
8,038;2,043
8,04;2,07326
8,042;2,10109
8,044;2,1264
8,046;2,14909
8,048;2,16906
8,05;2,18622
8,052;2,20052
8,054;2,21189
8,056;2,22029
8,058;2,22566
8,06;2,22799
8,062;2,22726
8,064;2,22346
8,066;2,2166
8,068;2,20671
8,07;2,1938
8,072;2,17792
8,074;2,15913
8,076;2,13748
8,078;2,11305
8,08;2,08593
8,082;2,0562
8,084;2,02398
8,086;1,98938
8,088;1,95251
8,09;1,91352
8,092;1,87255
8,094;1,82973
8,096;1,78524
8,098;1,73922
8,1;1,69186
8,102;1,64331
8,104;1,59376
8,106;1,5434
8,108;1,4924
8,11;1,44097
8,112;1,38928
8,114;1,33753
8,116;1,28591
8,118;1,23462
8,12;1,18385
8,122;1,1338
8,124;1,08464
8,126;1,03656
8,128;0,989748
8,13;0,944382
8,132;0,900633
8,134;0,858667
8,136;0,818647
8,138;0,780726
8,14;0,745051
8,142;0,71176
8,144;0,680983
8,146;0,652841
8,148;0,622167
8,15;0,589067
8,152;0,553661
8,154;0,516075
8,156;0,476443
8,158;0,434909
8,16;0,391624
8,162;0,346744
8,164;0,300434
8,166;0,252863
8,168;0,204205
8,17;0,15464
8,172;0,104351
8,174;0,0535224
8,176;0,00234411
8,178;0,048994
8,18;0,100301
8,182;0,151384
8,184;0,202054
8,186;0,252119
8,188;0,301391
8,19;0,349685
8,192;0,396817
8,194;0,442609
8,196;0,486887
8,198;0,529482
8,2;0,57023
8,202;0,608976
8,204;0,645569
8,206;0,679869
8,208;0,711741
8,21;0,741061
8,212;0,767712
8,214;0,79159
8,216;0,812598
8,218;0,830651
8,22;0,845674
8,222;0,857605
8,224;0,866391
8,226;0,871992
8,228;0,874379
8,23;0,873536
8,232;0,869457
8,234;0,862152
8,236;0,851638
8,238;0,837948
8,24;0,821125
8,242;0,801224
8,244;0,778313
8,246;0,752469
8,248;0,723783
8,25;0,692353
8,252;0,658292
8,254;0,62172
8,256;0,582767
8,258;0,541573
8,26;0,498287
8,262;0,453064
8,264;0,406071
8,266;0,357476
8,268;0,307459
8,27;0,256202
8,272;0,203894
8,274;0,150728
8,276;0,096899
8,278;0,0426077
8,28;0,0119446
8,282;0,0665549
8,284;0,12102
8,286;0,175135
8,288;0,228698
8,29;0,281507
8,292;0,333364
8,294;0,384073
8,296;0,433441
8,298;0,481281
8,3;0,527411
8,302;0,571655
8,304;0,613842
8,306;0,65381
8,308;0,691405
8,31;0,726481
8,312;0,758901
8,314;0,793816
8,316;0,831103
8,318;0,870629
8,32;0,91225
8,322;0,955817
8,324;1,00117
8,326;1,04815
8,328;1,09658
8,33;1,14628
8,332;1,19707
8,334;1,24877
8,336;1,30118
8,338;1,35411
8,34;1,40736
8,342;1,46074
8,344;1,51405
8,346;1,56708
8,348;1,61964
8,35;1,67153
8,352;1,72256
8,354;1,77253
8,356;1,82125
8,358;1,86854
8,36;1,91423
8,362;1,95812
8,364;2,00006
8,366;2,03989
8,368;2,07745
8,37;2,1126
8,372;2,14519
8,374;2,17511
8,376;2,20222
8,378;2,22644
8,38;2,24765
8,382;2,26577
8,384;2,28073
8,386;2,29246
8,388;2,30091
8,39;2,30604
8,392;2,30783
8,394;2,30625
8,396;2,30132
8,398;2,29303
8,4;2,28142
8,402;2,26651
8,404;2,24835
8,406;2,22701
8,408;2,20255
8,41;2,17507
8,412;2,14465
8,414;2,1114
8,416;2,07544
8,418;2,03689
8,42;1,99591
8,422;1,95262
8,424;1,90719
8,426;1,85978
8,428;1,81057
8,43;1,75973
8,432;1,70745
8,434;1,65393
8,436;1,59935
8,438;1,54392
8,44;1,48784
8,442;1,43133
8,444;1,37459
8,446;1,31783
8,448;1,26127
8,45;1,20512
8,452;1,14958
8,454;1,09487
8,456;1,04119
8,458;0,98875
8,46;0,937741
8,462;0,888361
8,464;0,840797
8,466;0,795232
8,468;0,75184
8,47;0,710788
8,472;0,672235
8,474;0,636332
8,476;0,597939
8,478;0,557193
8,48;0,51424
8,482;0,469237
8,484;0,422345
8,486;0,373736
8,488;0,323587
8,49;0,272081
8,492;0,219407
8,494;0,165759
8,496;0,111336
8,498;0,0563375
8,5;0,000968869
8,502;0,0545646
8,504;0,110056
8,506;0,165298
8,508;0,220083
8,51;0,274207
8,512;0,327465
8,514;0,379657
8,516;0,430585
8,518;0,480056
8,52;0,527882
8,522;0,57388
8,524;0,617874
8,526;0,659696
8,528;0,699183
8,53;0,736183
8,532;0,770552
8,534;0,802154
8,536;0,830866
8,538;0,856574
8,54;0,879173
8,542;0,898573
8,544;0,914693
8,546;0,927465
8,548;0,936833
8,55;0,942755
8,552;0,9452
8,554;0,94415
8,556;0,939601
8,558;0,931561
8,56;0,920053
8,562;0,90511
8,564;0,886781
8,566;0,865125
8,568;0,840216
8,57;0,812139
8,572;0,780991
8,574;0,74688
8,576;0,709927
8,578;0,670264
8,58;0,628031
8,582;0,583381
8,584;0,536474
8,586;0,48748
8,588;0,436576
8,59;0,383949
8,592;0,32979
8,594;0,274299
8,596;0,217678
8,598;0,160137
8,6;0,101889
8,602;0,0431484
8,604;0,0158658
8,606;0,0749341
8,608;0,133836
8,61;0,192352
8,612;0,250261
8,614;0,307347
8,616;0,363394
8,618;0,418191
8,62;0,471529
8,622;0,523207
8,624;0,573028
8,626;0,6208
8,628;0,666342
8,63;0,709476
8,632;0,750037
8,634;0,793147
8,636;0,83865
8,638;0,886384
8,64;0,936174
8,642;0,98784
8,644;1,04119
8,646;1,09604
8,648;1,15218
8,65;1,2094
8,652;1,26749
8,654;1,32625
8,656;1,38544
8,658;1,44486
8,66;1,50428
8,662;1,56347
8,664;1,62222
8,666;1,68031
8,668;1,73751
8,67;1,79362
8,672;1,84842
8,674;1,9017
8,676;1,95326
8,678;2,0029
8,68;2,05043
8,682;2,09568
8,684;2,13846
8,686;2,17861
8,688;2,21598
8,69;2,25041
8,692;2,28178
8,694;2,30996
8,696;2,33483
8,698;2,35629
8,7;2,37426
8,702;2,38867
8,704;2,39944
8,706;2,40653
8,708;2,4099
8,71;2,40953
8,712;2,40543
8,714;2,39758
8,716;2,38601
8,718;2,37076
8,72;2,35188
8,722;2,32942
8,724;2,30346
8,726;2,27409
8,728;2,24141
8,73;2,20554
8,732;2,16659
8,734;2,12472
8,736;2,08007
8,738;2,03279
8,74;1,98307
8,742;1,93107
8,744;1,87699
8,746;1,82102
8,748;1,76337
8,75;1,70426
8,752;1,64389
8,754;1,58248
8,756;1,52028
8,758;1,4575
8,76;1,39438
8,762;1,33116
8,764;1,26806
8,766;1,20533
8,768;1,1432
8,77;1,08191
8,772;1,02168
8,774;0,962745
8,776;0,905325
8,778;0,849639
8,78;0,795898
8,782;0,744309
8,784;0,695068
8,786;0,648366
8,788;0,599103
8,79;0,547457
8,792;0,493614
8,794;0,437772
8,796;0,380132
8,798;0,320907
8,8;0,260314
8,802;0,198574
8,804;0,135917
8,806;0,0725744
8,808;0,00878009
8,81;0,0552284
8,812;0,119213
8,814;0,182934
8,816;0,246153
8,818;0,308633
8,82;0,370139
8,822;0,43044
8,824;0,489306
8,826;0,546515
8,828;0,60185
8,83;0,655098
8,832;0,706057
8,834;0,754531
8,836;0,800332
8,838;0,843284
8,84;0,883219
8,842;0,91998
8,844;0,953424
8,846;0,983416
8,848;1,00984
8,85;1,03258
8,852;1,05155
8,854;1,06667
8,856;1,07787
8,858;1,0851
8,86;1,08833
8,862;1,08753
8,864;1,0827
8,866;1,07384
8,868;1,06098
8,87;1,04415
8,872;1,02342
8,874;0,99884
8,876;0,970503
8,878;0,938503
8,88;0,902951
8,882;0,863971
8,884;0,8217
8,886;0,776288
8,888;0,727897
8,89;0,676701
8,892;0,622884
8,894;0,566641
8,896;0,508176
8,898;0,447701
8,9;0,385438
8,902;0,321615
8,904;0,256466
8,906;0,190232
8,908;0,123157
8,91;0,0554897
8,912;0,0125191
8,914;0,0806161
8,916;0,148547
8,918;0,216059
8,92;0,282897
8,922;0,348812
8,924;0,413554
8,926;0,476879
8,928;0,538548
8,93;0,598325
8,932;0,655985
8,934;0,711305
8,936;0,764074
8,938;0,819369
8,94;0,876989
8,942;0,936725
8,944;0,998358
8,946;1,06166
8,948;1,12641
8,95;1,19236
8,952;1,25926
8,954;1,32688
8,956;1,39495
8,958;1,46324
8,96;1,53147
8,962;1,5994
8,964;1,66678
8,966;1,73335
8,968;1,79886
8,97;1,86306
8,972;1,92571
8,974;1,98657
8,976;2,04541
8,978;2,10201
8,98;2,15615
8,982;2,20762
8,984;2,25623
8,986;2,30178
8,988;2,3441
8,99;2,38302
8,992;2,41838
8,994;2,45006
8,996;2,47791
8,998;2,50184
9;2,52173
9,002;2,5375
9,004;2,5491
9,006;2,55645
9,008;2,55953
9,01;2,55831
9,012;2,55279
9,014;2,54298
9,016;2,52891
9,018;2,5106
9,02;2,48814
9,022;2,46158
9,024;2,43102
9,026;2,39656
9,028;2,35833
9,03;2,31644
9,032;2,27107
9,034;2,22235
9,036;2,17048
9,038;2,11562
9,04;2,05799
9,042;1,99779
9,044;1,93524
9,046;1,87056
9,048;1,804
9,05;1,73579
9,052;1,66619
9,054;1,59546
9,056;1,52385
9,058;1,45163
9,06;1,37907
9,062;1,30643
9,064;1,234
9,066;1,16204
9,068;1,09082
9,07;1,02061
9,072;0,951667
9,074;0,88426
9,076;0,818641
9,078;0,75506
9,08;0,693759
9,082;0,634972
9,084;0,573645
9,086;0,510002
9,088;0,444273
9,09;0,376699
9,092;0,307529
9,094;0,237016
9,096;0,165421
9,098;0,0930085
9,1;0,0200464
9,102;0,0531939
9,104;0,12644
9,106;0,199417
9,108;0,271854
9,11;0,343478
9,112;0,41402
9,114;0,483214
9,116;0,550798
9,118;0,616516
9,12;0,680119
9,122;0,741363
9,124;0,800015
9,126;0,855849
9,128;0,908651
9,13;0,958215
9,132;1,00435
9,134;1,04687
9,136;1,08562
9,138;1,12043
9,14;1,15117
9,142;1,17772
9,144;1,19996
9,146;1,21781
9,148;1,23118
9,15;1,24001
9,152;1,24426
9,154;1,24391
9,156;1,23894
9,158;1,22936
9,16;1,21519
9,162;1,19649
9,164;1,1733
9,166;1,1457
9,168;1,11379
9,17;1,07767
9,172;1,03747
9,174;0,993325
9,176;0,945396
9,178;0,893852
9,18;0,838875
9,182;0,780662
9,184;0,719424
9,186;0,655381
9,188;0,588766
9,19;0,519821
9,192;0,448799
9,194;0,375959
9,196;0,301568
9,198;0,225902
9,2;0,149239
9,202;0,0718626
9,204;0,00593911
9,206;0,0838771
9,208;0,161661
9,21;0,238999
9,212;0,315603
9,214;0,391184
9,216;0,465457
9,218;0,538143
9,22;0,608966
9,222;0,677657
9,224;0,743955
9,226;0,807606
9,228;0,873646
9,23;0,941835
9,232;1,01192
9,234;1,08365
9,236;1,15676
9,238;1,23097
9,24;1,30602
9,242;1,38163
9,244;1,45751
9,246;1,53338
9,248;1,60896
9,25;1,68397
9,252;1,75812
9,254;1,83114
9,256;1,90275
9,258;1,97268
9,26;2,04066
9,262;2,10644
9,264;2,16976
9,266;2,23039
9,268;2,28809
9,27;2,34263
9,272;2,39381
9,274;2,44143
9,276;2,4853
9,278;2,52525
9,28;2,56112
9,282;2,59276
9,284;2,62005
9,286;2,64288
9,288;2,66114
9,29;2,67477
9,292;2,6837
9,294;2,68788
9,296;2,68728
9,298;2,6819
9,3;2,67175
9,302;2,65685
9,304;2,63725
9,306;2,61301
9,308;2,58421
9,31;2,55094
9,312;2,51331
9,314;2,47147
9,316;2,42555
9,318;2,37572
9,32;2,32214
9,322;2,26503
9,324;2,20457
9,326;2,14098
9,328;2,07451
9,33;2,00537
9,332;1,93384
9,334;1,86017
9,336;1,78463
9,338;1,7075
9,34;1,62905
9,342;1,54959
9,344;1,46941
9,346;1,38879
9,348;1,30805
9,35;1,22749
9,352;1,1474
9,354;1,06809
9,356;0,989845
9,358;0,912973
9,36;0,837759
9,362;0,764489
9,364;0,69344
9,366;0,624884
9,368;0,553801
9,37;0,480452
9,372;0,405106
9,374;0,328037
9,376;0,249531
9,378;0,169876
9,38;0,0893682
9,382;0,00830489
9,384;0,0730123
9,386;0,15428
9,388;0,235196
9,39;0,315456
9,392;0,394759
9,394;0,472806
9,396;0,549305
9,398;0,623964
9,4;0,696502
9,402;0,766641
9,404;0,834115
9,406;0,898666
9,408;0,960044
9,41;1,01801
9,412;1,07235
9,414;1,12284
9,416;1,16929
9,418;1,21152
9,42;1,24935
9,422;1,28263
9,424;1,31124
9,426;1,33504
9,428;1,35395
9,43;1,36788
9,432;1,37676
9,434;1,38055
9,436;1,37923
9,438;1,37278
9,44;1,36122
9,442;1,34457
9,444;1,3229
9,446;1,29626
9,448;1,26475
9,45;1,22847
9,452;1,18754
9,454;1,14211
9,456;1,09234
9,458;1,0384
9,46;0,980476
9,462;0,918784
9,464;0,853542
9,466;0,784985
9,468;0,713361
9,47;0,638931
9,472;0,561964
9,474;0,482743
9,476;0,401558
9,478;0,318708
9,48;0,234497
9,482;0,149237
9,484;0,0632428
9,486;0,0231652
9,488;0,109666
9,49;0,195936
9,492;0,281654
9,494;0,366498
9,496;0,450148
9,498;0,532291
9,5;0,612615
9,502;0,690817
9,504;0,766599
9,506;0,839673
9,508;0,915039
9,51;0,992421
9,512;1,07153
9,514;1,15209
9,516;1,23379
9,518;1,31633
9,52;1,3994
9,522;1,48271
9,524;1,56592
9,526;1,64875
9,528;1,73086
9,53;1,81197
9,532;1,89175
9,534;1,96992
9,536;2,04617
9,538;2,12022
9,54;2,19178
9,542;2,26058
9,544;2,32635
9,546;2,38885
9,548;2,44784
9,55;2,50308
9,552;2,55436
9,554;2,60147
9,556;2,64424
9,558;2,68249
9,56;2,71607
9,562;2,74485
9,564;2,76869
9,566;2,78751
9,568;2,80121
9,57;2,80975
9,572;2,81306
9,574;2,81114
9,576;2,80396
9,578;2,79155
9,58;2,77394
9,582;2,75119
9,584;2,72336
9,586;2,69054
9,588;2,65286
9,59;2,61043
9,592;2,56341
9,594;2,51195
9,596;2,45625
9,598;2,39649
9,6;2,33289
9,602;2,26569
9,604;2,19511
9,606;2,12142
9,608;2,04489
9,61;1,96579
9,612;1,88441
9,614;1,80105
9,616;1,71603
9,618;1,62964
9,62;1,54221
9,622;1,45406
9,624;1,36553
9,626;1,27694
9,628;1,18862
9,63;1,1009
9,632;1,01411
9,634;0,928584
9,636;0,844634
9,638;0,76258
9,64;0,682733
9,642;0,605398
9,644;0,525588
9,646;0,443596
9,648;0,359723
9,65;0,274278
9,652;0,187575
9,654;0,0999361
9,656;0,0116851
9,658;0,0768496
9,66;0,165338
9,662;0,25345
9,664;0,340856
9,666;0,427227
9,668;0,512239
9,67;0,59557
9,672;0,676907
9,674;0,755939
9,676;0,832368
9,678;0,905901
9,68;0,976256
9,682;1,04316
9,684;1,10637
9,686;1,16562
9,688;1,22069
9,69;1,27136
9,692;1,31744
9,694;1,35874
9,696;1,39509
9,698;1,42635
9,7;1,45239
9,702;1,4731
9,704;1,48838
9,706;1,49817
9,708;1,50243
9,71;1,50111
9,712;1,49421
9,714;1,48175
9,716;1,46375
9,718;1,44027
9,72;1,41139
9,722;1,3772
9,724;1,33781
9,726;1,29336
9,728;1,244
9,73;1,18991
9,732;1,13128
9,734;1,06831
9,736;1,00123
9,738;0,930278
9,74;0,855711
9,742;0,777799
9,744;0,696825
9,746;0,613083
9,748;0,526879
9,75;0,43853
9,752;0,34836
9,754;0,256701
9,756;0,163892
9,758;0,0702771
9,76;0,0237967
9,762;0,117979
9,764;0,211919
9,766;0,305265
9,768;0,397667
9,77;0,488778
9,772;0,578254
9,774;0,665758
9,776;0,750958
9,778;0,833531
9,78;0,918442
9,782;1,00538
9,784;1,09402
9,786;1,18405
9,788;1,27512
9,79;1,3669
9,792;1,45905
9,794;1,55122
9,796;1,64308
9,798;1,73427
9,8;1,82446
9,802;1,9133
9,804;2,00047
9,806;2,08563
9,808;2,16846
9,81;2,24864
9,812;2,32588
9,814;2,39986
9,816;2,47032
9,818;2,53697
9,82;2,59957
9,822;2,65786
9,824;2,71162
9,826;2,76063
9,828;2,80471
9,83;2,84368
9,832;2,87737
9,834;2,90566
9,836;2,92841
9,838;2,94554
9,84;2,95696
9,842;2,96263
9,844;2,9625
9,846;2,95656
9,848;2,94482
9,85;2,92731
9,852;2,90408
9,854;2,8752
9,856;2,84077
9,858;2,8009
9,86;2,75574
9,862;2,70543
9,864;2,65015
9,866;2,59009
9,868;2,52547
9,87;2,45652
9,872;2,38349
9,874;2,30663
9,876;2,22623
9,878;2,14257
9,88;2,05597
9,882;1,96673
9,884;1,87519
9,886;1,78168
9,888;1,68655
9,89;1,59014
9,892;1,49282
9,894;1,39494
9,896;1,29687
9,898;1,19897
9,9;1,10162
9,902;1,00517
9,904;0,909984
9,906;0,816427
9,908;0,724848
9,91;0,635596
9,912;0,549007
9,914;0,460133
9,916;0,369299
9,918;0,276841
9,92;0,183098
9,922;0,0884192
9,924;0,00684564
9,926;0,102342
9,928;0,197713
9,93;0,292604
9,932;0,386658
9,934;0,479523
9,936;0,570849
9,938;0,660291
9,94;0,74751
9,942;0,832177
9,944;0,913968
9,946;0,992572
9,948;1,06769
9,95;1,13903
9,952;1,20631
9,954;1,26928
9,956;1,32769
9,958;1,38132
9,96;1,42994
9,962;1,47337
9,964;1,51143
9,966;1,54397
9,968;1,57085
9,97;1,59196
9,972;1,60721
9,974;1,61652
9,976;1,61984
9,978;1,61716
9,98;1,60846
9,982;1,59376
9,984;1,5731
9,986;1,54655
9,988;1,51419
9,99;1,47613
9,992;1,4325
9,994;1,38344
9,996;1,32912
9,998;1,26974
10;1,20551
10,002;1,13665
10,004;1,06341
10,006;0,986053
10,008;0,904857
10,01;0,820116
10,012;0,732139
10,014;0,641245
10,016;0,547767
10,018;0,452048
10,02;0,354441
10,022;0,255304
10,024;0,155004
10,026;0,0539129
10,028;0,0475936
10,03;0,149138
10,032;0,250341
10,034;0,350823
10,036;0,450209
10,038;0,548125
10,04;0,644201
10,042;0,738074
10,044;0,829388
10,046;0,923077
10,048;1,0188
10,05;1,11619
10,052;1,21491
10,054;1,31457
10,056;1,41483
10,058;1,51529
10,06;1,61558
10,062;1,71534
10,064;1,81418
10,066;1,91174
10,068;2,00765
10,07;2,10154
10,072;2,19307
10,074;2,28188
10,076;2,36763
10,078;2,45
10,08;2,52868
10,082;2,60335
10,084;2,67374
10,086;2,73956
10,088;2,80057
10,09;2,85652
10,092;2,90719
10,094;2,95238
10,096;2,9919
10,098;3,02561
10,1;3,05335
10,102;3,07501
10,104;3,09049
10,106;3,09973
10,108;3,10266
10,11;3,09927
10,112;3,08955
10,114;3,07353
10,116;3,05125
10,118;3,02277
10,12;2,98819
10,122;2,94762
10,124;2,9012
10,126;2,84909
10,128;2,79147
10,13;2,72855
10,132;2,66053
10,134;2,58767
10,136;2,51023
10,138;2,42848
10,14;2,34272
10,142;2,25326
10,144;2,16043
10,146;2,06456
10,148;1,966
10,15;1,86511
10,152;1,76228
10,154;1,65787
10,156;1,55227
10,158;1,44587
10,16;1,33907
10,162;1,23227
10,164;1,12586
10,166;1,02024
10,168;0,915816
10,17;0,812971
10,172;0,712096
10,174;0,613571
10,176;0,517771
10,178;0,41978
10,18;0,319958
10,182;0,218673
10,184;0,116301
10,186;0,0132211
10,188;0,0901842
10,19;0,193529
10,192;0,296428
10,194;0,398495
10,196;0,499348
10,198;0,598607
10,2;0,695898
10,202;0,790853
10,204;0,883111
10,206;0,972322
10,208;1,05815
10,21;1,14025
10,212;1,21833
10,214;1,29207
10,216;1,3612
10,218;1,42543
10,22;1,48453
10,222;1,53825
10,224;1,58639
10,226;1,62876
10,228;1,66517
10,23;1,69548
10,232;1,71956
10,234;1,7373
10,236;1,74864
10,238;1,75349
10,24;1,75185
10,242;1,74368
10,244;1,72902
10,246;1,70789
10,248;1,68037
10,25;1,64653
10,252;1,6065
10,254;1,5604
10,256;1,50839
10,258;1,45065
10,26;1,38739
10,262;1,31882
10,264;1,2452
10,266;1,16677
10,268;1,08383
10,27;0,996679
10,272;0,905621
10,274;0,810992
10,276;0,713136
10,278;0,612412
10,28;0,509188
10,282;0,403843
10,284;0,296766
10,286;0,188352
10,288;0,0790035
10,29;0,0308743
10,292;0,140872
10,294;0,25058
10,296;0,359587
10,298;0,467485
10,3;0,573869
10,302;0,678337
10,304;0,780495
10,306;0,879956
10,308;0,981622
10,31;1,08512
10,312;1,19006
10,314;1,29607
10,316;1,40274
10,318;1,50969
10,32;1,6165
10,322;1,72279
10,324;1,82816
10,326;1,9322
10,328;2,03453
10,33;2,13476
10,332;2,23251
10,334;2,32742
10,336;2,41911
10,338;2,50725
10,34;2,59149
10,342;2,6715
10,344;2,74699
10,346;2,81765
10,348;2,88322
10,35;2,94343
10,352;2,99805
10,354;3,04686
10,356;3,08966
10,358;3,12628
10,36;3,15657
10,362;3,18039
10,364;3,19766
10,366;3,20828
10,368;3,21219
10,37;3,20938
10,372;3,19983
10,374;3,18356
10,376;3,16062
10,378;3,13107
10,38;3,09502
10,382;3,05258
10,384;3,00389
10,386;2,94912
10,388;2,88846
10,39;2,82212
10,392;2,75034
10,394;2,67337
10,396;2,59149
10,398;2,50498
10,4;2,41417
10,402;2,31938
10,404;2,22095
10,406;2,11925
10,408;2,01464
10,41;1,90752
10,412;1,79826
10,414;1,68728
10,416;1,57499
10,418;1,4618
10,42;1,34813
10,422;1,2344
10,424;1,12105
10,426;1,00849
10,428;0,897148
10,43;0,787439
10,432;0,67978
10,434;0,574575
10,436;0,466945
10,438;0,357285
10,44;0,245999
10,442;0,1335
10,444;0,0202037
10,446;0,0934679
10,448;0,207092
10,45;0,320243
10,452;0,432499
10,454;0,543438
10,456;0,652643
10,458;0,759701
10,46;0,864209
10,462;0,965769
10,464;1,064
10,466;1,15851
10,468;1,24896
10,47;1,33499
10,472;1,41628
10,474;1,49249
10,476;1,56335
10,478;1,62857
10,48;1,68789
10,482;1,74109
10,484;1,78793
10,486;1,82825
10,488;1,86186
10,49;1,88863
10,492;1,90845
10,494;1,92121
10,496;1,92686
10,498;1,92536
10,5;1,9167
10,502;1,90089
10,504;1,87797
10,506;1,84801
10,508;1,81111
10,51;1,76739
10,512;1,717
10,514;1,6601
10,516;1,59689
10,518;1,5276
10,52;1,45247
10,522;1,37177
10,524;1,28577
10,526;1,1948
10,528;1,09918
10,53;0,999257
10,532;0,895389
10,534;0,787958
10,536;0,677355
10,538;0,563986
10,54;0,448267
10,542;0,330626
10,544;0,211496
10,546;0,0913192
10,548;0,0294588
10,55;0,150388
10,552;0,271018
10,554;0,390898
10,556;0,509578
10,558;0,626611
10,56;0,741558
10,562;0,853984
10,564;0,968744
10,566;1,08541
10,568;1,20356
10,57;1,32275
10,572;1,44254
10,574;1,56248
10,576;1,68213
10,578;1,80104
10,58;1,91876
10,582;2,03485
10,584;2,14888
10,586;2,2604
10,588;2,36901
10,59;2,47429
10,592;2,57583
10,594;2,67325
10,596;2,76618
10,598;2,85425
10,6;2,93713
10,602;3,01449
10,604;3,08604
10,606;3,15149
10,608;3,21059
10,61;3,26309
10,612;3,30878
10,614;3,34749
10,616;3,37904
10,618;3,4033
10,62;3,42017
10,622;3,42956
10,624;3,43142
10,626;3,42572
10,628;3,41248
10,63;3,39171
10,632;3,36348
10,634;3,32788
10,636;3,28503
10,638;3,23505
10,64;3,17813
10,642;3,11446
10,644;3,04426
10,646;2,96778
10,648;2,88529
10,65;2,79708
10,652;2,70347
10,654;2,60479
10,656;2,5014
10,658;2,39367
10,66;2,282
10,662;2,1668
10,664;2,04848
10,666;1,92748
10,668;1,80425
10,67;1,67923
10,672;1,5529
10,674;1,42572
10,676;1,29816
10,678;1,1707
10,68;1,04382
10,682;0,917986
10,684;0,793675
10,686;0,671353
10,688;0,551483
10,69;0,429238
10,692;0,305069
10,694;0,179435
10,696;0,0528012
10,698;0,0743621
10,7;0,201581
10,702;0,328381
10,704;0,454288
10,706;0,578829
10,708;0,701537
10,71;0,821948
10,712;0,939608
10,714;1,05407
10,716;1,1649
10,718;1,27168
10,72;1,37399
10,722;1,47145
10,724;1,56367
10,726;1,65031
10,728;1,73102
10,73;1,80549
10,732;1,87343
10,734;1,93457
10,736;1,98866
10,738;2,03548
10,74;2,07484
10,742;2,10658
10,744;2,13057
10,746;2,14668
10,748;2,15484
10,75;2,15501
10,752;2,14716
10,754;2,13131
10,756;2,10748
10,758;2,07577
10,76;2,03625
10,762;1,98906
10,764;1,93437
10,766;1,87235
10,768;1,80322
10,77;1,72722
10,772;1,64461
10,774;1,5557
10,776;1,4608
10,778;1,36024
10,78;1,25439
10,782;1,14363
10,784;1,02836
10,786;0,909008
10,788;0,786003
10,79;0,659796
10,792;0,530851
10,794;0,399644
10,796;0,266658
10,798;0,132385
10,8;0,00267603
10,802;0,138023
10,804;0,273151
10,806;0,407555
10,808;0,540732
10,81;0,672182
10,812;0,801409
10,814;0,927926
10,816;1,05653
10,818;1,18676
10,82;1,31812
10,822;1,45012
10,824;1,58228
10,826;1,71409
10,828;1,84508
10,83;1,97475
10,832;2,1026
10,834;2,22817
10,836;2,35096
10,838;2,47053
10,84;2,58641
10,842;2,69817
10,844;2,80537
10,846;2,90761
10,848;3,00449
10,85;3,09564
10,852;3,1807
10,854;3,25934
10,856;3,33125
10,858;3,39615
10,86;3,45378
10,862;3,5039
10,864;3,54632
10,866;3,58085
10,868;3,60734
10,87;3,62568
10,872;3,63578
10,874;3,63759
10,876;3,63107
10,878;3,61623
10,88;3,5931
10,882;3,56175
10,884;3,52229
10,886;3,47483
10,888;3,41954
10,89;3,3566
10,892;3,28622
10,894;3,20867
10,896;3,12419
10,898;3,03311
10,9;2,93573
10,902;2,83241
10,904;2,72352
10,906;2,60945
10,908;2,49062
10,91;2,36745
10,912;2,24041
10,914;2,10994
10,916;1,97654
10,918;1,84069
10,92;1,70289
10,922;1,56365
10,924;1,4235
10,926;1,28294
10,928;1,14251
10,93;1,00273
10,932;0,864124
10,934;0,727209
10,936;0,592501
10,938;0,460509
10,94;0,326453
10,942;0,190828
10,944;0,054137
10,946;0,0831125
10,948;0,220409
10,95;0,357241
10,952;0,493096
10,954;0,627464
10,956;0,759841
10,958;0,889726
10,96;1,01663
10,962;1,14007
10,964;1,25958
10,966;1,3747
10,968;1,485
10,97;1,59004
10,972;1,68943
10,974;1,78278
10,976;1,86972
10,978;1,94992
10,98;2,02307
10,982;2,08886
10,984;2,14704
10,986;2,19737
10,988;2,23965
10,99;2,2737
10,992;2,29937
10,994;2,31654
10,996;2,32514
10,998;2,3251
11;2,31641
11,002;2,29908
11,004;2,27316
11,006;2,23871
11,008;2,19585
11,01;2,14472
11,012;2,08549
11,014;2,01836
11,016;1,94356
11,018;1,86135
11,02;1,77203
11,022;1,6759
11,024;1,57331
11,026;1,46464
11,028;1,35026
11,03;1,23059
11,032;1,10608
11,034;0,977157
11,036;0,84431
11,038;0,70802
11,04;0,568788
11,042;0,427126
11,044;0,283559
11,046;0,138616
11,048;0,00716368
11,05;0,153238
11,052;0,299063
11,054;0,444093
11,056;0,587785
11,058;0,729599
11,06;0,869001
11,062;1,01074
11,064;1,15431
11,066;1,29916
11,068;1,44475
11,07;1,59056
11,072;1,73603
11,074;1,88061
11,076;2,02378
11,078;2,16498
11,08;2,30369
11,082;2,43939
11,084;2,57156
11,086;2,69969
11,088;2,82331
11,09;2,94193
11,092;3,0551
11,094;3,1624
11,096;3,26339
11,098;3,3577
11,1;3,44495
11,102;3,52479
11,104;3,59692
11,106;3,66105
11,108;3,71692
11,11;3,76429
11,112;3,80298
11,114;3,83281
11,116;3,85366
11,118;3,86542
11,12;3,86803
11,122;3,86145
11,124;3,8457
11,126;3,8208
11,128;3,78683
11,13;3,7439
11,132;3,69213
11,134;3,63171
11,136;3,56283
11,138;3,48574
11,14;3,4007
11,142;3,30802
11,144;3,20801
11,146;3,10104
11,148;2,98748
11,15;2,86776
11,152;2,74229
11,154;2,61153
11,156;2,47596
11,158;2,33607
11,16;2,19237
11,162;2,0454
11,164;1,89569
11,166;1,7438
11,168;1,59028
11,17;1,43571
11,172;1,28066
11,174;1,1257
11,176;0,971429
11,178;0,818407
11,18;0,667214
11,182;0,518419
11,184;0,367303
11,186;0,214425
11,188;0,0603508
11,19;0,0943465
11,192;0,249091
11,194;0,403306
11,196;0,556413
11,198;0,707838
11,2;0,857013
11,202;1,00337
11,204;1,14637
11,206;1,28546
11,208;1,42011
11,21;1,54981
11,212;1,67406
11,214;1,79239
11,216;1,90434
11,218;2,00948
11,22;2,10739
11,222;2,19771
11,224;2,28006
11,226;2,35412
11,228;2,41961
11,23;2,47624
11,232;2,5238
11,234;2,56207
11,236;2,59091
11,238;2,61016
11,24;2,61975
11,242;2,6196
11,244;2,60971
11,246;2,59007
11,248;2,56075
11,25;2,52183
11,252;2,47342
11,254;2,41569
11,256;2,34884
11,258;2,27308
11,26;2,18869
11,262;2,09594
11,264;1,99518
11,266;1,88676
11,268;1,77106
11,27;1,6485
11,272;1,51952
11,274;1,38458
11,276;1,24419
11,278;1,09883
11,28;0,949056
11,282;0,795406
11,284;0,638446
11,286;0,478754
11,288;0,316919
11,29;0,153541
11,292;0,0107736
11,294;0,175414
11,296;0,339767
11,298;0,503217
11,3;0,665153
11,302;0,824966
11,304;0,982054
11,306;1,1411
11,308;1,30153
11,31;1,46273
11,312;1,62411
11,314;1,78506
11,316;1,94499
11,318;2,10329
11,32;2,25937
11,322;2,41264
11,324;2,56252
11,326;2,70845
11,328;2,84987
11,33;2,98624
11,332;3,11704
11,334;3,24177
11,336;3,35994
11,338;3,47111
11,34;3,57484
11,342;3,67072
11,344;3,75838
11,346;3,83747
11,348;3,90767
11,35;3,9687
11,352;4,02032
11,354;4,0623
11,356;4,09447
11,358;4,11668
11,36;4,12883
11,362;4,13085
11,364;4,12269
11,366;4,10438
11,368;4,07596
11,37;4,0375
11,372;3,98912
11,374;3,93099
11,376;3,86329
11,378;3,78626
11,38;3,70016
11,382;3,6053
11,384;3,50199
11,386;3,39062
11,388;3,27157
11,39;3,14527
11,392;3,01218
11,394;2,87278
11,396;2,72757
11,398;2,57707
11,4;2,42185
11,402;2,26247
11,404;2,0995
11,406;1,93356
11,408;1,76525
11,41;1,59521
11,412;1,42404
11,414;1,25241
11,416;1,08093
11,418;0,910264
11,42;0,741039
11,422;0,573892
11,424;0,409453
11,426;0,243063
11,428;0,0753373
11,43;0,0931003
11,432;0,261623
11,434;0,429601
11,436;0,596408
11,438;0,761416
11,44;0,924006
11,442;1,08356
11,444;1,23949
11,446;1,39119
11,448;1,53809
11,45;1,67962
11,452;1,81526
11,454;1,94447
11,456;2,06676
11,458;2,18166
11,46;2,28871
11,462;2,38751
11,464;2,47766
11,466;2,5588
11,468;2,63061
11,47;2,6928
11,472;2,74512
11,474;2,78734
11,476;2,81929
11,478;2,84081
11,48;2,85181
11,482;2,85222
11,484;2,84201
11,486;2,82119
11,488;2,78982
11,49;2,74799
11,492;2,69582
11,494;2,6335
11,496;2,56122
11,498;2,47923
11,5;2,38782
11,502;2,2873
11,504;2,17803
11,506;2,0604
11,508;1,93482
11,51;1,80174
11,512;1,66165
11,514;1,51504
11,516;1,36245
11,518;1,20444
11,52;1,04159
11,522;0,874478
11,524;0,703732
11,526;0,529977
11,528;0,353855
11,53;0,176017
11,532;0,00287635
11,534;0,18216
11,536;0,361166
11,538;0,539224
11,54;0,715669
11,542;0,889837
11,544;1,06635
11,546;1,24456
11,548;1,4238
11,55;1,60341
11,552;1,78272
11,554;1,96105
11,556;2,13774
11,558;2,31212
11,56;2,48354
11,562;2,65136
11,564;2,81492
11,566;2,97363
11,568;3,12686
11,57;3,27404
11,572;3,4146
11,574;3,54801
11,576;3,67373
11,578;3,7913
11,58;3,90025
11,582;4,00014
11,584;4,0906
11,586;4,17125
11,588;4,24177
11,59;4,30188
11,592;4,35133
11,594;4,3899
11,596;4,41742
11,598;4,43377
11,6;4,43886
11,602;4,43264
11,604;4,41511
11,606;4,3863
11,608;4,3463
11,61;4,29523
11,612;4,23326
11,614;4,16058
11,616;4,07745
11,618;3,98414
11,62;3,88099
11,622;3,76836
11,624;3,64663
11,626;3,51626
11,628;3,37769
11,63;3,23143
11,632;3,07801
11,634;2,91798
11,636;2,75192
11,638;2,58045
11,64;2,40418
11,642;2,22376
11,644;2,03986
11,646;1,85315
11,648;1,66433
11,65;1,47409
11,652;1,28315
11,654;1,0922
11,656;0,901976
11,658;0,713177
11,66;0,526513
11,662;0,342687
11,664;0,157112
11,666;0,0295229
11,668;0,216524
11,67;0,403194
11,672;0,588834
11,674;0,772751
11,676;0,954252
11,678;1,13265
11,68;1,30728
11,682;1,47748
11,684;1,6426
11,686;1,80201
11,688;1,9551
11,69;2,10129
11,692;2,24002
11,694;2,37074
11,696;2,49295
11,698;2,60618
11,7;2,70998
11,702;2,80394
11,704;2,88769
11,706;2,96088
11,708;3,02322
11,71;3,07446
11,712;3,11437
11,714;3,14277
11,716;3,15954
11,718;3,16458
11,72;3,15785
11,722;3,13934
11,724;3,10909
11,726;3,0672
11,728;3,01377
11,73;2,949
11,732;2,87309
11,734;2,7863
11,736;2,68893
11,738;2,58132
11,74;2,46384
11,742;2,3369
11,744;2,20097
11,746;2,05652
11,748;1,90407
11,75;1,74418
11,752;1,57742
11,754;1,4044
11,756;1,22575
11,758;1,04212
11,76;0,854191
11,762;0,66265
11,764;0,468203
11,766;0,27157
11,768;0,0734789
11,77;0,125333
11,772;0,324126
11,774;0,522158
11,776;0,718688
11,778;0,912977
11,78;1,10958
11,782;1,30776
11,784;1,50678
11,786;1,70591
11,788;1,9044
11,79;2,10151
11,792;2,29649
11,794;2,48862
11,796;2,67718
11,798;2,86144
11,8;3,04071
11,802;3,21432
11,804;3,38159
11,806;3,54189
11,808;3,6946
11,81;3,83914
11,812;3,97494
11,814;4,10148
11,816;4,21827
11,818;4,32483
11,82;4,42076
11,822;4,50567
11,824;4,57921
11,826;4,64108
11,828;4,69103
11,83;4,72883
11,832;4,75432
11,834;4,76738
11,836;4,76791
11,838;4,75591
11,84;4,73137
11,842;4,69435
11,844;4,64498
11,846;4,58339
11,848;4,5098
11,85;4,42445
11,852;4,32763
11,854;4,21966
11,856;4,10094
11,858;3,97187
11,86;3,83292
11,862;3,68458
11,864;3,52737
11,866;3,36187
11,868;3,18868
11,87;3,00841
11,872;2,82173
11,874;2,62932
11,876;2,43189
11,878;2,23015
11,88;2,02486
11,882;1,81676
11,884;1,60663
11,886;1,39526
11,888;1,18341
11,89;0,971896
11,892;0,761494
11,894;0,552996
11,896;0,347184
11,898;0,139554
11,9;0,0691242
11,902;0,278073
11,904;0,486514
11,906;0,693667
11,908;0,898755
11,91;1,10101
11,912;1,29967
11,914;1,49398
11,916;1,6832
11,918;1,86663
11,92;2,04355
11,922;2,2133
11,924;2,37522
11,926;2,5287
11,928;2,67312
11,93;2,80795
11,932;2,93264
11,934;3,04671
11,936;3,1497
11,938;3,24122
11,94;3,32088
11,942;3,38836
11,944;3,44339
11,946;3,48572
11,948;3,51516
11,95;3,53158
11,952;3,53489
11,954;3,52503
11,956;3,50202
11,958;3,46591
11,96;3,4168
11,962;3,35484
11,964;3,28024
11,966;3,19324
11,968;3,09414
11,97;2,98328
11,972;2,86104
11,974;2,72786
11,976;2,5842
11,978;2,43057
11,98;2,26754
11,982;2,09567
11,984;1,9156
11,986;1,72797
11,988;1,53347
11,99;1,3328
11,992;1,1267
11,994;0,915937
11,996;0,701273
11,998;0,483503
12;0,263434
12,002;0,0418811
