0,002;0
0,004;2,82843e-05
0,006;8,48151e-05
0,008;0,000169494
0,01;0,000282164
0,012;0,000422607
0,014;0,000590544
0,016;0,00078564
0,018;0,0010075
0,02;0,00125567
0,022;0,00152965
0,024;0,00182887
0,026;0,00215271
0,028;0,0025005
0,03;0,00287151
0,032;0,00326499
0,034;0,0036801
0,036;0,00411597
0,038;0,00457169
0,04;0,00504631
0,042;0,00553883
0,044;0,00604821
0,046;0,00657338
0,048;0,00711324
0,05;0,00766663
0,052;0,00823239
0,054;0,00880933
0,056;0,00939622
0,058;0,00999182
0,06;0,0105949
0,062;0,0112041
0,064;0,0118182
0,066;0,0124358
0,068;0,0130557
0,07;0,0136765
0,072;0,0142969
0,074;0,0149156
0,076;0,0155313
0,078;0,0161426
0,08;0,0167482
0,082;0,0173469
0,084;0,0179374
0,086;0,0185183
0,088;0,0190885
0,09;0,0196467
0,092;0,0201917
0,094;0,0207223
0,096;0,0212375
0,098;0,021736
0,1;0,0222169
0,102;0,022679
0,104;0,0231214
0,106;0,0235431
0,108;0,0239432
0,11;0,0243209
0,112;0,0246752
0,114;0,0250055
0,116;0,0253109
0,118;0,0255909
0,12;0,0258448
0,122;0,0260721
0,124;0,0262722
0,126;0,0264447
0,128;0,0265892
0,13;0,0267054
0,132;0,026793
0,134;0,0268518
0,136;0,0268817
0,138;0,0268825
0,14;0,0268542
0,142;0,0267969
0,144;0,0267107
0,146;0,0265957
0,148;0,0264522
0,15;0,0262804
0,152;0,0260807
0,154;0,0258535
0,156;0,0255992
0,158;0,0253184
0,16;0,0250116
0,162;0,0246795
0,164;0,0243228
0,166;0,0239422
0,168;0,0235385
0,17;0,0231126
0,172;0,0226653
0,174;0,0221975
0,176;0,0217103
0,178;0,0212047
0,18;0,0206818
0,182;0,0201425
0,184;0,0195882
0,186;0,0190199
0,188;0,0184389
0,19;0,0178463
0,192;0,0172435
0,194;0,0166317
0,196;0,0160123
0,198;0,0153864
0,2;0,0147555
0,202;0,0141209
0,204;0,013484
0,206;0,0128461
0,208;0,0122085
0,21;0,0115727
0,212;0,0109399
0,214;0,0103116
0,216;0,0096891
0,218;0,0090737
0,22;0,00846673
0,222;0,0078695
0,224;0,00728328
0,226;0,00670935
0,228;0,00614892
0,23;0,00560321
0,232;0,0050734
0,234;0,00456063
0,236;0,004066
0,238;0,00359058
0,24;0,00313541
0,242;0,00270147
0,244;0,0022897
0,246;0,001901
0,248;0,00153622
0,25;0,00119616
0,252;0,000881554
0,254;0,000593103
0,256;0,00033144
0,258;9,7144e-05
0,26;0,000109262
0,262;0,000287316
0,264;0,000436614
0,266;0,000556817
0,268;0,000647644
0,27;0,000708877
0,272;0,000740363
0,274;0,00074201
0,276;0,000713792
0,278;0,000655743
0,28;0,000567965
0,282;0,000450621
0,284;0,000303938
0,286;0,000128205
0,288;7,62273e-05
0,29;0,000308944
0,292;0,000569473
0,294;0,000857279
0,296;0,00117177
0,298;0,0015123
0,3;0,00187816
0,302;0,00226859
0,304;0,00268277
0,306;0,00311985
0,308;0,00357891
0,31;0,00405898
0,312;0,00455906
0,314;0,0050781
0,316;0,00561501
0,318;0,00616865
0,32;0,00673786
0,322;0,00732143
0,324;0,00791814
0,326;0,00852672
0,328;0,00914587
0,33;0,0097743
0,332;0,0104107
0,334;0,0110536
0,336;0,0117018
0,338;0,0123538
0,34;0,0130082
0,342;0,0136637
0,344;0,0143189
0,346;0,0149723
0,348;0,0156226
0,35;0,0162684
0,352;0,0169083
0,354;0,0175409
0,356;0,0181648
0,358;0,0187788
0,36;0,0193815
0,362;0,0199716
0,364;0,0205479
0,366;0,0211091
0,368;0,021654
0,37;0,0221814
0,372;0,0226902
0,374;0,0231793
0,376;0,0236476
0,378;0,0240941
0,38;0,0245179
0,382;0,024918
0,384;0,0252935
0,386;0,0256436
0,388;0,0259677
0,39;0,0262648
0,392;0,0265345
0,394;0,026776
0,396;0,0269889
0,398;0,0271727
0,4;0,0273269
0,402;0,0274512
0,404;0,0275454
0,406;0,0276092
0,408;0,0276424
0,41;0,0276449
0,412;0,0276168
0,414;0,027558
0,416;0,0274686
0,418;0,0273489
0,42;0,027199
0,422;0,0270192
0,424;0,0268099
0,426;0,0265716
0,428;0,0263047
0,43;0,0260097
0,432;0,0256873
0,434;0,0253381
0,436;0,0249628
0,438;0,0245623
0,44;0,0241374
0,442;0,0236889
0,444;0,0232178
0,446;0,0227251
0,448;0,0222117
0,45;0,0216789
0,452;0,0211277
0,454;0,0205593
0,456;0,0199748
0,458;0,0193755
0,46;0,0187627
0,462;0,0181377
0,464;0,0175017
0,466;0,0168562
0,468;0,0162025
0,47;0,015542
0,472;0,0148761
0,474;0,0142062
0,476;0,0135337
0,478;0,0128602
0,48;0,0121869
0,482;0,0115154
0,484;0,0108471
0,486;0,0101833
0,488;0,00952564
0,49;0,00887538
0,492;0,00823395
0,494;0,00760272
0,496;0,00698306
0,498;0,00637628
0,5;0,00578371
0,502;0,0052066
0,504;0,00464621
0,506;0,00410374
0,508;0,00358037
0,51;0,00307723
0,512;0,0025954
0,514;0,00213594
0,516;0,00169983
0,518;0,00128804
0,52;0,00090145
0,522;0,000540913
0,524;0,000207219
0,526;9,89007e-05
0,528;0,00037677
0,53;0,000625773
0,532;0,000845356
0,534;0,00103503
0,536;0,00119436
0,538;0,00132298
0,54;0,00142061
0,542;0,00148699
0,544;0,00152197
0,546;0,00152545
0,548;0,00149739
0,55;0,00143784
0,552;0,00134688
0,554;0,00122469
0,556;0,00107151
0,558;0,000887633
0,56;0,000673432
0,562;0,00042934
0,564;0,000155852
0,566;0,000146472
0,568;0,000477009
0,57;0,000835077
0,572;0,00121994
0,574;0,00163078
0,576;0,00206676
0,578;0,00252697
0,58;0,00301044
0,582;0,00351615
0,584;0,00404305
0,586;0,00459004
0,588;0,00515595
0,59;0,0057396
0,592;0,00633976
0,594;0,00695516
0,596;0,00758449
0,598;0,00822644
0,6;0,00887963
0,602;0,00954269
0,604;0,0102142
0,606;0,0108927
0,608;0,0115769
0,61;0,0122651
0,612;0,0129561
0,614;0,0136482
0,616;0,0143401
0,618;0,0150302
0,62;0,015717
0,622;0,0163992
0,624;0,0170752
0,626;0,0177437
0,628;0,018403
0,63;0,019052
0,632;0,0196891
0,634;0,020313
0,636;0,0209223
0,638;0,0215158
0,64;0,0220921
0,642;0,0226501
0,644;0,0231884
0,646;0,023706
0,648;0,0242018
0,65;0,0246745
0,652;0,0251233
0,654;0,0255472
0,656;0,0259452
0,658;0,0263164
0,66;0,0266601
0,662;0,0269754
0,664;0,0272618
0,666;0,0275185
0,668;0,0277449
0,67;0,0279407
0,672;0,0281053
0,674;0,0282383
0,676;0,0283395
0,678;0,0284086
0,68;0,0284455
0,682;0,0284499
0,684;0,028422
0,686;0,0283617
0,688;0,0282691
0,69;0,0281444
0,692;0,0279879
0,694;0,0277998
0,696;0,0275806
0,698;0,0273306
0,7;0,0270504
0,702;0,0267405
0,704;0,0264017
0,706;0,0260345
0,708;0,0256398
0,71;0,0252183
0,712;0,024771
0,714;0,0242988
0,716;0,0238027
0,718;0,0232836
0,72;0,0227428
0,722;0,0221812
0,724;0,0216003
0,726;0,021001
0,728;0,0203847
0,73;0,0197528
0,732;0,0191065
0,734;0,0184472
0,736;0,0177763
0,738;0,0170952
0,74;0,0164054
0,742;0,0157083
0,744;0,0150054
0,746;0,0142983
0,748;0,0135884
0,75;0,0128772
0,752;0,0121662
0,754;0,011457
0,756;0,0107511
0,758;0,0100499
0,76;0,00935507
0,762;0,00866799
0,764;0,00799015
0,766;0,007323
0,768;0,00666798
0,77;0,0060265
0,772;0,00539993
0,774;0,00478962
0,776;0,00419689
0,778;0,00362302
0,78;0,00306925
0,782;0,00253677
0,784;0,00202673
0,786;0,00154025
0,788;0,00107838
0,79;0,000642117
0,792;0,000232423
0,794;0,000149809
0,796;0,000503744
0,798;0,000828603
0,8;0,00112367
0,802;0,00138829
0,804;0,00162188
0,806;0,00182391
0,808;0,00199392
0,81;0,00213154
0,812;0,00223643
0,814;0,00230835
0,816;0,00234712
0,818;0,00235263
0,82;0,00232484
0,822;0,00226379
0,824;0,00216957
0,826;0,00204236
0,828;0,00188241
0,83;0,00169004
0,832;0,00146562
0,834;0,00120961
0,836;0,000922525
0,838;0,000604963
0,84;0,000257571
0,842;0,000118932
0,844;0,000523767
0,846;0,000956093
0,848;0,00141501
0,85;0,00189956
0,852;0,00240873
0,854;0,00294145
0,856;0,00349661
0,858;0,00407303
0,86;0,00466951
0,862;0,00528479
0,864;0,00591758
0,866;0,00656653
0,868;0,00723027
0,87;0,00790741
0,872;0,0085965
0,874;0,00929609
0,876;0,0100047
0,878;0,0107208
0,88;0,0114429
0,882;0,0121694
0,884;0,0128989
0,886;0,0136297
0,888;0,0143603
0,89;0,0150891
0,892;0,0158146
0,894;0,0165352
0,896;0,0172495
0,898;0,0179557
0,9;0,0186525
0,902;0,0193384
0,904;0,0200119
0,906;0,0206714
0,908;0,0213157
0,91;0,0219433
0,912;0,0225529
0,914;0,0231432
0,916;0,0237128
0,918;0,0242606
0,92;0,0247853
0,922;0,0252859
0,924;0,0257612
0,926;0,0262103
0,928;0,026632
0,93;0,0270256
0,932;0,0273901
0,934;0,0277247
0,936;0,0280288
0,938;0,0283016
0,94;0,0285425
0,942;0,028751
0,944;0,0289266
0,946;0,0290689
0,948;0,0291777
0,95;0,0292525
0,952;0,0292933
0,954;0,0292999
0,956;0,0292723
0,958;0,0292105
0,96;0,0291146
0,962;0,0289848
0,964;0,0288214
0,966;0,0286246
0,968;0,0283949
0,97;0,0281327
0,972;0,0278386
0,974;0,0275131
0,976;0,027157
0,978;0,0267709
0,98;0,0263557
0,982;0,0259122
0,984;0,0254414
0,986;0,0249442
0,988;0,0244217
0,99;0,0238749
0,992;0,0233051
0,994;0,0227134
0,996;0,022101
0,998;0,0214693
1;0,0208195
1,002;0,0201531
1,004;0,0194714
1,006;0,018776
1,008;0,0180682
1,01;0,0173496
1,012;0,0166217
1,014;0,0158861
1,016;0,0151442
1,018;0,0143977
1,02;0,0136482
1,022;0,0128973
1,024;0,0121465
1,026;0,0113975
1,028;0,0106519
1,03;0,00991124
1,032;0,00917713
1,034;0,00845114
1,036;0,00773482
1,038;0,00702971
1,04;0,00633733
1,042;0,00565915
1,044;0,00499665
1,046;0,00435124
1,048;0,00372431
1,05;0,00311723
1,052;0,00253129
1,054;0,00196777
1,056;0,00142788
1,058;0,000912796
1,06;0,000423639
1,062;3,85284e-05
1,064;0,000472699
1,066;0,000877924
1,068;0,00125332
1,07;0,00159805
1,072;0,00191137
1,074;0,00219257
1,076;0,00244104
1,078;0,00265622
1,08;0,00283762
1,082;0,00298482
1,084;0,00309749
1,086;0,00317536
1,088;0,00321823
1,09;0,00322599
1,092;0,00319858
1,094;0,00313605
1,096;0,00303849
1,098;0,00290609
1,1;0,0027391
1,102;0,00253785
1,104;0,00230273
1,106;0,00203423
1,108;0,0017329
1,11;0,00139934
1,112;0,00103424
1,114;0,000638367
1,116;0,000212526
1,118;0,000242392
1,12;0,000725442
1,122;0,00123562
1,124;0,00177185
1,126;0,00233301
1,128;0,00291793
1,13;0,00352537
1,132;0,00415407
1,134;0,00480269
1,136;0,00546987
1,138;0,0061542
1,14;0,00685423
1,142;0,00756848
1,144;0,00829544
1,146;0,00903357
1,148;0,0097813
1,15;0,0105371
1,152;0,0112992
1,154;0,0120662
1,156;0,0128363
1,158;0,0136079
1,16;0,0143794
1,162;0,0151491
1,164;0,0159154
1,166;0,0166766
1,168;0,0174312
1,17;0,0181775
1,172;0,0189138
1,174;0,0196387
1,176;0,0203506
1,178;0,0210479
1,18;0,0217291
1,182;0,0223928
1,184;0,0230376
1,186;0,023662
1,188;0,0242647
1,19;0,0248444
1,192;0,0253999
1,194;0,0259299
1,196;0,0264333
1,198;0,026909
1,2;0,0273559
1,202;0,0277731
1,204;0,0281597
1,206;0,0285149
1,208;0,0288377
1,21;0,0291276
1,212;0,0293838
1,214;0,0296059
1,216;0,0297933
1,218;0,0299455
1,22;0,0300623
1,222;0,0301433
1,224;0,0301883
1,226;0,0301973
1,228;0,0301701
1,23;0,0301069
1,232;0,0300076
1,234;0,0298725
1,236;0,0297019
1,238;0,0294961
1,24;0,0292554
1,242;0,0289805
1,244;0,0286717
1,246;0,0283299
1,248;0,0279556
1,25;0,0275497
1,252;0,0271129
1,254;0,0266463
1,256;0,0261507
1,258;0,0256272
1,26;0,0250769
1,262;0,024501
1,264;0,0239006
1,266;0,023277
1,268;0,0226316
1,27;0,0219656
1,272;0,0212805
1,274;0,0205778
1,276;0,0198589
1,278;0,0191253
1,28;0,0183787
1,282;0,0176205
1,284;0,0168524
1,286;0,016076
1,288;0,015293
1,29;0,014505
1,292;0,0137137
1,294;0,0129209
1,296;0,0121281
1,298;0,011337
1,3;0,0105495
1,302;0,0097671
1,304;0,00899152
1,306;0,00822442
1,308;0,00746745
1,31;0,00672223
1,312;0,00599035
1,314;0,00527339
1,316;0,0045729
1,318;0,00389037
1,32;0,00322728
1,322;0,00258506
1,324;0,0019651
1,326;0,00136873
1,328;0,000797248
1,33;0,000251894
1,332;0,00026615
1,334;0,000755756
1,336;0,00121586
1,338;0,00164545
1,34;0,00204359
1,342;0,0024094
1,344;0,00274209
1,346;0,0030409
1,348;0,00330519
1,35;0,00353435
1,352;0,00372786
1,354;0,0038853
1,356;0,00400629
1,358;0,00409054
1,36;0,00413785
1,362;0,00414809
1,364;0,0041212
1,366;0,00405722
1,368;0,00395624
1,37;0,00381846
1,372;0,00364414
1,374;0,00343362
1,376;0,00318732
1,378;0,00290574
1,38;0,00258946
1,382;0,00223911
1,384;0,00185542
1,386;0,00143918
1,388;0,000991252
1,39;0,000512568
1,392;4,12331e-06
1,394;0,000533021
1,396;0,00109774
1,398;0,00168886
1,4;0,00230513
1,402;0,00294526
1,404;0,0036079
1,406;0,00429166
1,408;0,0049951
1,41;0,00571672
1,412;0,00645502
1,414;0,00720841
1,416;0,00797532
1,418;0,00875411
1,42;0,00954313
1,422;0,0103407
1,424;0,0111451
1,426;0,0119547
1,428;0,0127678
1,43;0,0135825
1,432;0,0143972
1,434;0,0152101
1,436;0,0160194
1,438;0,0168236
1,44;0,0176208
1,442;0,0184093
1,444;0,0191874
1,446;0,0199536
1,448;0,020706
1,45;0,0214432
1,452;0,0221635
1,454;0,0228654
1,456;0,0235473
1,458;0,0242078
1,46;0,0248455
1,462;0,025459
1,464;0,026047
1,466;0,0266082
1,468;0,0271413
1,47;0,0276452
1,472;0,0281188
1,474;0,0285612
1,476;0,0289712
1,478;0,029348
1,48;0,0296908
1,482;0,0299988
1,484;0,0302714
1,486;0,0305079
1,488;0,0307077
1,49;0,0308705
1,492;0,0309959
1,494;0,0310835
1,496;0,0311332
1,498;0,0311448
1,5;0,0311182
1,502;0,0310535
1,504;0,0309508
1,506;0,0308102
1,508;0,0306321
1,51;0,0304168
1,512;0,0301648
1,514;0,0298764
1,516;0,0295524
1,518;0,0291933
1,52;0,0288
1,522;0,0283732
1,524;0,0279138
1,526;0,0274228
1,528;0,0269011
1,53;0,02635
1,532;0,0257704
1,534;0,0251638
1,536;0,0245312
1,538;0,0238741
1,54;0,0231938
1,542;0,0224917
1,544;0,0217694
1,546;0,0210284
1,548;0,0202702
1,55;0,0194965
1,552;0,0187088
1,554;0,0179088
1,556;0,0170983
1,558;0,0162789
1,56;0,0154525
1,562;0,0146207
1,564;0,0137853
1,566;0,0129482
1,568;0,012111
1,57;0,0112756
1,572;0,0104438
1,574;0,00961731
1,576;0,00879793
1,578;0,00798741
1,58;0,00718748
1,582;0,00639987
1,584;0,00562625
1,586;0,0048683
1,588;0,00412764
1,59;0,00340587
1,592;0,00270454
1,594;0,00202516
1,596;0,0013692
1,598;0,000738082
1,6;0,000133167
1,602;0,000444232
1,604;0,00099286
1,606;0,00151153
1,608;0,0019991
1,61;0,00245451
1,612;0,00287676
1,614;0,00326494
1,616;0,00361817
1,618;0,00393568
1,62;0,00421677
1,622;0,0044608
1,624;0,00466723
1,626;0,00483558
1,628;0,00496546
1,63;0,00505657
1,632;0,00510869
1,634;0,00512166
1,636;0,00509543
1,638;0,00503002
1,64;0,00492555
1,642;0,00478221
1,644;0,00460026
1,646;0,00438007
1,648;0,00412207
1,65;0,00382679
1,652;0,00349482
1,654;0,00312685
1,656;0,00272363
1,658;0,002286
1,66;0,00181485
1,662;0,00131117
1,664;0,000776
1,666;0,000210467
1,668;0,000384252
1,67;0,00100691
1,672;0,00165621
1,674;0,00233077
1,676;0,00302919
1,678;0,00374998
1,68;0,00449164
1,682;0,00525259
1,684;0,00603123
1,686;0,00682591
1,688;0,00763495
1,69;0,00845664
1,692;0,00928922
1,694;0,0101309
1,696;0,01098
1,698;0,0118346
1,7;0,0126929
1,702;0,0135531
1,704;0,0144134
1,706;0,0152719
1,708;0,0161268
1,71;0,0169763
1,712;0,0178185
1,714;0,0186516
1,716;0,0194739
1,718;0,0202836
1,72;0,021079
1,722;0,0218583
1,724;0,0226199
1,726;0,0233621
1,728;0,0240834
1,73;0,0247821
1,732;0,0254569
1,734;0,0261061
1,736;0,0267285
1,738;0,0273226
1,74;0,0278872
1,742;0,028421
1,744;0,0289229
1,746;0,0293918
1,748;0,0298267
1,75;0,0302265
1,752;0,0305905
1,754;0,0309178
1,756;0,0312077
1,758;0,0314595
1,76;0,0316727
1,762;0,0318467
1,764;0,0319813
1,766;0,032076
1,768;0,0321307
1,77;0,0321451
1,772;0,0321193
1,774;0,0320532
1,776;0,0319469
1,778;0,0318007
1,78;0,0316149
1,782;0,0313897
1,784;0,0311256
1,786;0,0308233
1,788;0,0304832
1,79;0,0301061
1,792;0,0296927
1,794;0,029244
1,796;0,0287608
1,798;0,0282441
1,8;0,0276951
1,802;0,0271148
1,804;0,0265045
1,806;0,0258654
1,808;0,025199
1,81;0,0245065
1,812;0,0237895
1,814;0,0230494
1,816;0,0222879
1,818;0,0215065
1,82;0,0207068
1,822;0,0198907
1,824;0,0190597
1,826;0,0182157
1,828;0,0173605
1,83;0,0164958
1,832;0,0156235
1,834;0,0147454
1,836;0,0138635
1,838;0,0129796
1,84;0,0120956
1,842;0,0112134
1,844;0,0103348
1,846;0,00946172
1,848;0,00859607
1,85;0,00773966
1,852;0,00689435
1,854;0,00606194
1,856;0,00524421
1,858;0,00444293
1,86;0,00365981
1,862;0,00289654
1,864;0,00215477
1,866;0,00143609
1,868;0,000742054
1,87;7,41651e-05
1,872;0,000566132
1,874;0,00117745
1,876;0,00175846
1,878;0,0023079
1,88;0,00282457
1,882;0,00330734
1,884;0,00375516
1,886;0,00416705
1,888;0,00454209
1,89;0,00487945
1,892;0,00517839
1,894;0,00543824
1,896;0,00565841
1,898;0,0058384
1,9;0,0059778
1,902;0,00607627
1,904;0,00613357
1,906;0,00614955
1,908;0,00612414
1,91;0,00605736
1,912;0,00594932
1,914;0,00580021
1,916;0,00561033
1,918;0,00538004
1,92;0,00510981
1,922;0,00480018
1,924;0,00445177
1,926;0,00406531
1,928;0,00364158
1,93;0,00318145
1,932;0,00268589
1,934;0,00215591
1,936;0,00159263
1,938;0,000997219
1,94;0,000370917
1,942;0,000284961
1,944;0,000969041
1,946;0,00167988
1,948;0,002416
1,95;0,00317583
1,952;0,00395778
1,954;0,00476019
1,956;0,00558138
1,958;0,0064196
1,96;0,00727308
1,962;0,00814002
1,964;0,00901856
1,966;0,00990685
1,968;0,010803
1,97;0,0117051
1,972;0,0126113
1,974;0,0135195
1,976;0,0144279
1,978;0,0153346
1,98;0,0162375
1,982;0,0171348
1,984;0,0180246
1,986;0,0189049
1,988;0,0197738
1,99;0,0206296
1,992;0,0214703
1,994;0,0222942
1,996;0,0230994
1,998;0,0238843
2;0,0246472
2,002;0,0253864
2,004;0,0261002
2,006;0,0267873
2,008;0,0274461
2,01;0,0280751
2,012;0,028673
2,014;0,0292385
2,016;0,0297704
2,018;0,0302674
2,02;0,0307286
2,022;0,0311529
2,024;0,0315393
2,026;0,031887
2,028;0,0321953
2,03;0,0324635
2,032;0,0326908
2,034;0,0328769
2,036;0,0330213
2,038;0,0331237
2,04;0,0331837
2,042;0,0332013
2,044;0,0331764
2,046;0,0331089
2,048;0,0329991
2,05;0,032847
2,052;0,032653
2,054;0,0324176
2,056;0,032141
2,058;0,0318239
2,06;0,031467
2,062;0,031071
2,064;0,0306366
2,066;0,0301648
2,068;0,0296566
2,07;0,0291129
2,072;0,028535
2,074;0,0279241
2,076;0,0272814
2,078;0,0266082
2,08;0,0259061
2,082;0,0251764
2,084;0,0244207
2,086;0,0236405
2,088;0,0228376
2,09;0,0220136
2,092;0,0211703
2,094;0,0203094
2,096;0,0194328
2,098;0,0185424
2,1;0,0176399
2,102;0,0167274
2,104;0,0158067
2,106;0,0148798
2,108;0,0139488
2,11;0,0130156
2,112;0,0120821
2,114;0,0111503
2,116;0,0102224
2,118;0,00930013
2,12;0,0083856
2,122;0,00748073
2,124;0,00658746
2,126;0,00570771
2,128;0,00484336
2,13;0,00399628
2,132;0,00316827
2,134;0,00236113
2,136;0,00157659
2,138;0,00081634
2,14;8,20267e-05
2,142;0,000624765
2,144;0,0013025
2,146;0,00194972
2,148;0,00256502
2,15;0,00314705
2,152;0,00369454
2,154;0,00420631
2,156;0,00468123
2,158;0,00511826
2,16;0,00551644
2,162;0,00587488
2,164;0,00619279
2,166;0,00646946
2,168;0,00670427
2,17;0,00689667
2,172;0,00704624
2,174;0,0071526
2,176;0,00721551
2,178;0,00723479
2,18;0,00721037
2,182;0,00714226
2,184;0,00703058
2,186;0,00687553
2,188;0,0066774
2,19;0,00643658
2,192;0,00615355
2,194;0,00582888
2,196;0,00546324
2,198;0,00505736
2,2;0,00461209
2,202;0,00412833
2,204;0,0036071
2,206;0,00304947
2,208;0,00245661
2,21;0,00182974
2,212;0,00117019
2,214;0,00047933
2,216;0,000241391
2,218;0,000990458
2,22;0,0017663
2,222;0,00256727
2,224;0,00339169
2,226;0,00423782
2,228;0,00510387
2,23;0,00598801
2,232;0,00688837
2,234;0,00780304
2,236;0,00873007
2,238;0,00966751
2,24;0,0106134
2,242;0,0115656
2,244;0,0125222
2,246;0,0134812
2,248;0,0144404
2,25;0,0153979
2,252;0,0163516
2,254;0,0172995
2,256;0,0182395
2,258;0,0191696
2,26;0,0200878
2,262;0,0209923
2,264;0,0218809
2,266;0,0227519
2,268;0,0236033
2,27;0,0244333
2,272;0,0252401
2,274;0,026022
2,276;0,0267774
2,278;0,0275044
2,28;0,0282017
2,282;0,0288677
2,284;0,0295008
2,286;0,0300999
2,288;0,0306635
2,29;0,0311904
2,292;0,0316794
2,294;0,0321296
2,296;0,0325399
2,298;0,0329093
2,3;0,0332372
2,302;0,0335227
2,304;0,0337651
2,306;0,0339641
2,308;0,034119
2,31;0,0342295
2,312;0,0342954
2,314;0,0343164
2,316;0,0342926
2,318;0,0342238
2,32;0,0341103
2,322;0,0339522
2,324;0,0337498
2,326;0,0335035
2,328;0,0332139
2,33;0,0328815
2,332;0,0325069
2,334;0,0320909
2,336;0,0316345
2,338;0,0311385
2,34;0,0306039
2,342;0,0300319
2,344;0,0294237
2,346;0,0287805
2,348;0,0281037
2,35;0,0273946
2,352;0,0266549
2,354;0,0258859
2,356;0,0250894
2,358;0,0242671
2,36;0,0234205
2,362;0,0225517
2,364;0,0216623
2,366;0,0207542
2,368;0,0198295
2,37;0,01889
2,372;0,0179377
2,374;0,0169747
2,376;0,016003
2,378;0,0150246
2,38;0,0140417
2,382;0,0130564
2,384;0,0120706
2,386;0,0110867
2,388;0,0101066
2,39;0,00913237
2,392;0,0081662
2,394;0,00721013
2,396;0,00626619
2,398;0,00533642
2,4;0,0044228
2,402;0,0035273
2,404;0,00265184
2,406;0,00179831
2,408;0,000968542
2,41;0,00016433
2,412;0,000612592
2,414;0,00136054
2,416;0,00207791
2,418;0,00276313
2,42;0,00341472
2,422;0,00403126
2,424;0,00461141
2,426;0,0051539
2,428;0,00565755
2,43;0,00612125
2,432;0,00654397
2,434;0,00692479
2,436;0,00726286
2,438;0,00755741
2,44;0,0078078
2,442;0,00801345
2,444;0,00817388
2,446;0,00828872
2,448;0,00835768
2,45;0,00838058
2,452;0,00835734
2,454;0,00828797
2,456;0,00817257
2,458;0,00801137
2,46;0,00780466
2,462;0,00755285
2,464;0,00725644
2,466;0,00691604
2,468;0,00653232
2,47;0,00610607
2,472;0,00563817
2,474;0,00512959
2,476;0,00458137
2,478;0,00399465
2,48;0,00337066
2,482;0,0027107
2,484;0,00201614
2,486;0,00128843
2,488;0,000529118
2,49;0,000260218
2,492;0,00107792
2,494;0,00192225
2,496;0,00279145
2,498;0,00368367
2,5;0,00459703
2,502;0,00552959
2,504;0,0064794
2,506;0,00744442
2,508;0,00842262
2,51;0,00941191
2,512;0,0104102
2,514;0,0114154
2,516;0,0124253
2,518;0,0134378
2,52;0,0144507
2,522;0,0154619
2,524;0,0164691
2,526;0,0174704
2,528;0,0184635
2,53;0,0194462
2,532;0,0204165
2,534;0,0213724
2,536;0,0223117
2,538;0,0232324
2,54;0,0241326
2,542;0,0250103
2,544;0,0258637
2,546;0,0266908
2,548;0,0274899
2,55;0,0282594
2,552;0,0289974
2,554;0,0297024
2,556;0,030373
2,558;0,0310075
2,56;0,0316047
2,562;0,0321632
2,564;0,0326819
2,566;0,0331595
2,568;0,0335951
2,57;0,0339876
2,572;0,0343362
2,574;0,0346401
2,576;0,0348987
2,578;0,0351113
2,58;0,0352774
2,582;0,0353967
2,584;0,0354689
2,586;0,0354937
2,588;0,0354712
2,59;0,0354012
2,592;0,0352839
2,594;0,0351195
2,596;0,0349084
2,598;0,0346509
2,6;0,0343476
2,602;0,0339991
2,604;0,033606
2,606;0,0331692
2,608;0,0326895
2,61;0,0321681
2,612;0,0316058
2,614;0,031004
2,616;0,0303639
2,618;0,0296867
2,62;0,028974
2,622;0,0282271
2,624;0,0274477
2,626;0,0266375
2,628;0,025798
2,63;0,0249311
2,632;0,0240386
2,634;0,0231224
2,636;0,0221845
2,638;0,0212267
2,64;0,0202512
2,642;0,0192599
2,644;0,0182551
2,646;0,0172388
2,648;0,0162132
2,65;0,0151805
2,652;0,0141429
2,654;0,0131025
2,656;0,0120616
2,658;0,0110225
2,66;0,00998729
2,662;0,00895824
2,664;0,00793754
2,666;0,00692737
2,668;0,00592989
2,67;0,00494726
2,672;0,00398157
2,674;0,00303489
2,676;0,00210927
2,678;0,00120669
2,68;0,000329102
2,682;0,000521608
2,684;0,0013436
2,686;0,0021351
2,688;0,0028944
2,69;0,00361984
2,692;0,00430986
2,694;0,00496295
2,696;0,00557769
2,698;0,00615273
2,7;0,00668683
2,702;0,00717881
2,704;0,00762758
2,706;0,00803216
2,708;0,00839163
2,71;0,00870521
2,712;0,00897219
2,714;0,00919195
2,716;0,009364
2,718;0,00948792
2,72;0,00956341
2,722;0,00959028
2,724;0,00956843
2,726;0,00949787
2,728;0,0093787
2,73;0,00921114
2,732;0,00899551
2,734;0,00873224
2,736;0,00842185
2,738;0,00806495
2,74;0,00766228
2,742;0,00721466
2,744;0,006723
2,746;0,00618832
2,748;0,00561173
2,75;0,00499443
2,752;0,00433768
2,754;0,00364288
2,756;0,00291147
2,758;0,00214497
2,76;0,001345
2,762;0,000513237
2,764;0,000348571
2,766;0,00123861
2,768;0,002155
2,77;0,00309581
2,772;0,00405906
2,774;0,0050427
2,776;0,00604465
2,778;0,00706279
2,78;0,00809497
2,782;0,00913898
2,784;0,0101926
2,786;0,0112536
2,788;0,0123198
2,79;0,0133888
2,792;0,0144584
2,794;0,0155262
2,796;0,0165901
2,798;0,0176478
2,8;0,0186969
2,802;0,0197352
2,804;0,0207606
2,806;0,0217708
2,808;0,0227636
2,81;0,023737
2,812;0,0246887
2,814;0,0256169
2,816;0,0265194
2,818;0,0273943
2,82;0,0282398
2,822;0,0290541
2,824;0,0298352
2,826;0,0305817
2,828;0,0312917
2,83;0,0319639
2,832;0,0325967
2,834;0,0331887
2,836;0,0337387
2,838;0,0342455
2,84;0,0347079
2,842;0,0351249
2,844;0,0354955
2,846;0,0358191
2,848;0,0360947
2,85;0,0363219
2,852;0,0365001
2,854;0,0366288
2,856;0,0367077
2,858;0,0367367
2,86;0,0367156
2,862;0,0366445
2,864;0,0365234
2,866;0,0363526
2,868;0,0361324
2,87;0,0358632
2,872;0,0355456
2,874;0,0351802
2,876;0,0347677
2,878;0,034309
2,88;0,033805
2,882;0,0332568
2,884;0,0326655
2,886;0,0320323
2,888;0,0313585
2,89;0,0306456
2,892;0,029895
2,894;0,0291084
2,896;0,0282873
2,898;0,0274335
2,9;0,0265487
2,902;0,0256349
2,904;0,024694
2,906;0,0237279
2,908;0,0227387
2,91;0,0217285
2,912;0,0206994
2,914;0,0196536
2,916;0,0185933
2,918;0,0175208
2,92;0,0164384
2,922;0,0153483
2,924;0,0142529
2,926;0,0131544
2,928;0,0120553
2,93;0,0109579
2,932;0,00986457
2,934;0,00877757
2,936;0,00769925
2,938;0,00663193
2,94;0,0055779
2,942;0,0045394
2,944;0,00351868
2,946;0,00251791
2,948;0,00153926
2,95;0,000584824
2,952;0,000343338
2,954;0,00124322
2,956;0,0021129
2,958;0,00295047
2,96;0,00375414
2,962;0,00452215
2,964;0,00525285
2,966;0,00594464
2,968;0,00659602
2,97;0,00720557
2,972;0,00777195
2,974;0,00829391
2,976;0,00877032
2,978;0,00920011
2,98;0,00958234
2,982;0,00991614
2,984;0,0102008
2,986;0,0104356
2,988;0,01062
2,99;0,0107537
2,992;0,0108362
2,994;0,0108675
2,996;0,0108472
2,998;0,0107755
3;0,0106525
3,002;0,0104784
3,004;0,0102535
3,006;0,00997831
3,008;0,00965328
3,01;0,00927912
3,012;0,00885659
3,014;0,00838653
3,016;0,00786993
3,018;0,00730783
3,02;0,00670142
3,022;0,00605193
3,024;0,00536074
3,026;0,00462927
3,028;0,00385905
3,03;0,0030517
3,032;0,00220891
3,034;0,00133245
3,036;0,000424164
3,038;0,000514041
3,04;0,00148018
3,042;0,00247222
3,044;0,00348807
3,046;0,00452557
3,048;0,00558253
3,05;0,00665671
3,052;0,00774584
3,054;0,00884759
3,056;0,00995964
3,058;0,0110796
3,06;0,0122051
3,062;0,0133338
3,064;0,0144632
3,066;0,0155909
3,068;0,0167146
3,07;0,0178318
3,072;0,0189401
3,074;0,0200372
3,076;0,0211207
3,078;0,0221883
3,08;0,0232377
3,082;0,0242667
3,084;0,025273
3,086;0,0262544
3,088;0,027209
3,09;0,0281345
3,092;0,029029
3,094;0,0298906
3,096;0,0307174
3,098;0,0315077
3,1;0,0322596
3,102;0,0329716
3,104;0,0336421
3,106;0,0342696
3,108;0,0348529
3,11;0,0353905
3,112;0,0358814
3,114;0,0363243
3,116;0,0367185
3,118;0,0370629
3,12;0,0373567
3,122;0,0375994
3,124;0,0377904
3,126;0,0379292
3,128;0,0380155
3,13;0,038049
3,132;0,0380297
3,134;0,0379575
3,136;0,0378325
3,138;0,0376551
3,14;0,0374254
3,142;0,037144
3,144;0,0368114
3,146;0,0364283
3,148;0,0359955
3,15;0,0355138
3,152;0,0349843
3,154;0,034408
3,156;0,0337861
3,158;0,0331199
3,16;0,0324108
3,162;0,0316603
3,164;0,0308699
3,166;0,0300413
3,168;0,0291763
3,17;0,0282766
3,172;0,0273441
3,174;0,0263808
3,176;0,0253888
3,178;0,0243701
3,18;0,0233269
3,182;0,0222614
3,184;0,0211758
3,186;0,0200725
3,188;0,0189537
3,19;0,0178219
3,192;0,0166795
3,194;0,0155288
3,196;0,0143724
3,198;0,0132126
3,2;0,0120521
3,202;0,0108932
3,204;0,00973837
3,206;0,00859016
3,208;0,00745099
3,21;0,00632329
3,212;0,00520949
3,214;0,00411197
3,216;0,00303309
3,218;0,00197515
3,22;0,000940437
3,222;6,88246e-05
3,224;0,00105046
3,226;0,00200236
3,228;0,00292247
3,23;0,00380879
3,232;0,00465941
3,234;0,00547248
3,236;0,00624625
3,238;0,00697903
3,24;0,00766922
3,242;0,00831532
3,244;0,00891591
3,246;0,00946968
3,248;0,0099754
3,25;0,010432
3,252;0,0108384
3,254;0,0111937
3,256;0,0114971
3,258;0,0117479
3,26;0,0119457
3,262;0,0120898
3,264;0,0121799
3,266;0,0122159
3,268;0,0121975
3,27;0,0121248
3,272;0,0119979
3,274;0,011817
3,276;0,0115825
3,278;0,0112948
3,28;0,0109545
3,282;0,0105623
3,284;0,0101189
3,286;0,0096253
3,288;0,0090825
3,29;0,0084916
3,292;0,00785382
3,294;0,0071705
3,296;0,00644305
3,298;0,00567299
3,3;0,00486193
3,302;0,00401156
3,304;0,00312367
3,306;0,00220012
3,308;0,00124285
3,31;0,000253886
3,312;0,000764699
3,314;0,00181075
3,316;0,00288206
3,318;0,00397637
3,32;0,00509135
3,322;0,00622464
3,324;0,00737385
3,326;0,00853653
3,328;0,00971021
3,33;0,0108924
3,332;0,0120806
3,334;0,0132722
3,336;0,0144648
3,338;0,0156558
3,34;0,0168425
3,342;0,0180226
3,344;0,0191935
3,346;0,0203527
3,348;0,0214976
3,35;0,0226259
3,352;0,0237351
3,354;0,0248228
3,356;0,0258867
3,358;0,0269246
3,36;0,0279341
3,362;0,0289131
3,364;0,0298595
3,366;0,0307713
3,368;0,0316464
3,37;0,0324829
3,372;0,0332792
3,374;0,0340334
3,376;0,0347438
3,378;0,035409
3,38;0,0360274
3,382;0,0365978
3,384;0,0371189
3,386;0,0375894
3,388;0,0380085
3,39;0,038375
3,392;0,0386883
3,394;0,0389476
3,396;0,0391523
3,398;0,0393019
3,4;0,039396
3,402;0,0394345
3,404;0,0394172
3,406;0,039344
3,408;0,0392151
3,41;0,0390308
3,412;0,0387913
3,414;0,0384972
3,416;0,038149
3,418;0,0377474
3,42;0,0372932
3,422;0,0367875
3,424;0,0362311
3,426;0,0356252
3,428;0,0349712
3,43;0,0342703
3,432;0,033524
3,434;0,0327339
3,436;0,0319016
3,438;0,0310289
3,44;0,0301175
3,442;0,0291695
3,444;0,0281868
3,446;0,0271714
3,448;0,0261256
3,45;0,0250514
3,452;0,0239512
3,454;0,0228274
3,456;0,0216822
3,458;0,0205182
3,46;0,0193377
3,462;0,0181433
3,464;0,0169375
3,466;0,0157229
3,468;0,0145021
3,47;0,0132777
3,472;0,0120522
3,474;0,0108284
3,476;0,00960869
3,478;0,00839583
3,48;0,00719238
3,482;0,0060009
3,484;0,00482396
3,486;0,00366406
3,488;0,00252371
3,49;0,00140534
3,492;0,00031137
3,494;0,000755859
3,496;0,00179405
3,498;0,00280095
3,5;0,0037744
3,502;0,0047123
3,504;0,0056126
3,506;0,00647337
3,508;0,00729274
3,51;0,00806892
3,512;0,00880022
3,514;0,00948504
3,516;0,0101219
3,518;0,0107094
3,52;0,0112462
3,522;0,0117312
3,524;0,0121633
3,526;0,0125414
3,528;0,0128649
3,53;0,0131328
3,532;0,0133447
3,534;0,0135
3,536;0,0135983
3,538;0,0136394
3,54;0,0136232
3,542;0,0135496
3,544;0,0134188
3,546;0,0132309
3,548;0,0129864
3,55;0,0126857
3,552;0,0123294
3,554;0,0119183
3,556;0,0114531
3,558;0,0109348
3,56;0,0103645
3,562;0,00974329
3,564;0,00907255
3,566;0,00835365
3,568;0,00758806
3,57;0,00677738
3,572;0,00592332
3,574;0,00502765
3,576;0,00409225
3,578;0,00311909
3,58;0,00211022
3,582;0,00106775
3,584;6,11486e-06
3,586;0,00110911
3,588;0,00223891
3,59;0,00339311
3,592;0,00456929
3,594;0,00576494
3,596;0,00697754
3,598;0,0082045
3,6;0,00944323
3,602;0,0106911
3,604;0,0119454
3,606;0,0132036
3,608;0,0144628
3,61;0,0157205
3,612;0,016974
3,614;0,0182205
3,616;0,0194574
3,618;0,0206821
3,62;0,021892
3,622;0,0230844
3,624;0,0242568
3,626;0,0254066
3,628;0,0265315
3,63;0,0276289
3,632;0,0286966
3,634;0,0297322
3,636;0,0307334
3,638;0,0316982
3,64;0,0326245
3,642;0,0335101
3,644;0,0343533
3,646;0,0351521
3,648;0,0359049
3,65;0,0366099
3,652;0,0372657
3,654;0,0378708
3,656;0,0384239
3,658;0,0389237
3,66;0,0393692
3,662;0,0397593
3,664;0,0400933
3,666;0,0403702
3,668;0,0405895
3,67;0,0407507
3,672;0,0408534
3,674;0,0408972
3,676;0,0408822
3,678;0,0408082
3,68;0,0406754
3,682;0,0404839
3,684;0,0402343
3,686;0,0399269
3,688;0,0395623
3,69;0,0391414
3,692;0,0386649
3,694;0,0381338
3,696;0,0375492
3,698;0,0369123
3,7;0,0362245
3,702;0,0354871
3,704;0,0347017
3,706;0,0338699
3,708;0,0329935
3,71;0,0320743
3,712;0,0311142
3,714;0,0301153
3,716;0,0290795
3,718;0,0280093
3,72;0,0269066
3,722;0,025774
3,724;0,0246138
3,726;0,0234284
3,728;0,0222204
3,73;0,0209923
3,732;0,0197467
3,734;0,0184863
3,736;0,0172137
3,738;0,0159317
3,74;0,0146429
3,742;0,0133501
3,744;0,0120562
3,746;0,0107637
3,748;0,00947553
3,75;0,0081944
3,752;0,00692304
3,754;0,00566419
3,756;0,00442053
3,758;0,00319472
3,76;0,00198941
3,762;0,000807173
3,764;0,000349449
3,766;0,00147797
3,768;0,00257595
3,77;0,00364103
3,772;0,00467091
3,774;0,00566337
3,776;0,00661625
3,778;0,0075275
3,78;0,00839513
3,782;0,00921727
3,784;0,00999211
3,786;0,010718
3,788;0,0113933
3,79;0,0120165
3,792;0,0125863
3,794;0,0131015
3,796;0,0135608
3,798;0,0139633
3,8;0,014308
3,802;0,0145942
3,804;0,0148212
3,806;0,0149885
3,808;0,0150956
3,81;0,0151424
3,812;0,0151286
3,814;0,0150542
3,816;0,0149194
3,818;0,0147244
3,82;0,0144695
3,822;0,0141552
3,824;0,0137822
3,826;0,0133512
3,828;0,0128632
3,83;0,012319
3,832;0,0117198
3,834;0,0110668
3,836;0,0103614
3,838;0,00960508
3,84;0,00879936
3,842;0,00794595
3,844;0,00704661
3,846;0,00610324
3,848;0,00511781
3,85;0,00409239
3,852;0,00302913
3,854;0,00193028
3,856;0,000798146
3,858;0,000364881
3,86;0,00155634
3,862;0,00277373
3,864;0,00401445
3,866;0,00527588
3,868;0,00655535
3,87;0,00785015
3,872;0,00915752
3,874;0,0104747
3,876;0,0117988
3,878;0,0131272
3,88;0,0144568
3,882;0,015785
3,884;0,0171089
3,886;0,0184256
3,888;0,0197323
3,89;0,0210262
3,892;0,0223047
3,894;0,0235648
3,896;0,024804
3,898;0,0260195
3,9;0,0272088
3,902;0,0283692
3,904;0,0294984
3,906;0,0305938
3,908;0,0316531
3,91;0,032674
3,912;0,0336543
3,914;0,0345919
3,916;0,0354847
3,918;0,0363308
3,92;0,0371284
3,922;0,0378757
3,924;0,0385711
3,926;0,039213
3,928;0,0398001
3,93;0,040331
3,932;0,0408046
3,934;0,0412198
3,936;0,0415756
3,938;0,0418714
3,94;0,0421063
3,942;0,0422799
3,944;0,0423918
3,946;0,0424415
3,948;0,0424291
3,95;0,0423544
3,952;0,0422175
3,954;0,0420188
3,956;0,0417586
3,958;0,0414373
3,96;0,0410557
3,962;0,0406145
3,964;0,0401145
3,966;0,0395569
3,968;0,0389427
3,97;0,0382733
3,972;0,0375499
3,974;0,0367741
3,976;0,0359476
3,978;0,035072
3,98;0,0341491
3,982;0,0331809
3,984;0,0321695
3,986;0,0311169
3,988;0,0300254
3,99;0,0288972
3,992;0,0277348
3,994;0,0265405
3,996;0,025317
3,998;0,0240667
4;0,0227924
4,002;0,0214967
4,004;0,0201825
4,006;0,0188524
4,008;0,0175093
4,01;0,016156
4,012;0,0147955
4,014;0,0134306
4,016;0,0120643
4,018;0,0106994
4,02;0,00933891
4,022;0,00798567
4,024;0,00664259
4,026;0,00531255
4,028;0,00399841
4,03;0,00270296
4,032;0,00142899
4,034;0,000179246
4,036;0,0010436
4,038;0,00223691
4,04;0,00339813
4,042;0,00452473
4,044;0,0056143
4,046;0,00666449
4,048;0,00767301
4,05;0,00863768
4,052;0,00955641
4,054;0,0104272
4,056;0,0112482
4,058;0,0120175
4,06;0,0127336
4,062;0,0133947
4,064;0,0139995
4,066;0,0145467
4,068;0,015035
4,07;0,0154633
4,072;0,0158307
4,074;0,0161363
4,076;0,0163795
4,078;0,0165596
4,08;0,0166762
4,082;0,0167291
4,084;0,0167181
4,086;0,0166431
4,088;0,0165043
4,09;0,0163018
4,092;0,0160361
4,094;0,0157077
4,096;0,0153173
4,098;0,0148656
4,1;0,0143535
4,102;0,0137821
4,104;0,0131526
4,106;0,0124662
4,108;0,0117244
4,11;0,0109287
4,112;0,0100808
4,114;0,0091824
4,116;0,00823541
4,118;0,00724181
4,12;0,00620368
4,122;0,0051232
4,124;0,00400265
4,126;0,00284437
4,128;0,00165081
4,13;0,000424498
4,132;0,00083199
4,134;0,00211599
4,136;0,00342479
4,138;0,00475561
4,14;0,00610564
4,142;0,00747201
4,144;0,00885181
4,146;0,0102421
4,148;0,01164
4,15;0,0130424
4,152;0,0144464
4,154;0,015849
4,156;0,0172472
4,158;0,018638
4,16;0,0200184
4,162;0,0213856
4,164;0,0227364
4,166;0,0240682
4,168;0,0253779
4,17;0,0266628
4,172;0,0279202
4,174;0,0291473
4,176;0,0303415
4,178;0,0315001
4,18;0,0326208
4,182;0,0337011
4,184;0,0347387
4,186;0,0357312
4,188;0,0366766
4,19;0,0375728
4,192;0,0384178
4,194;0,0392099
4,196;0,0399472
4,198;0,0406282
4,2;0,0412513
4,202;0,0418152
4,204;0,0423186
4,206;0,0427605
4,208;0,0431397
4,21;0,0434555
4,212;0,0437072
4,214;0,043894
4,216;0,0440157
4,218;0,0440719
4,22;0,0440624
4,222;0,0439871
4,224;0,0438462
4,226;0,04364
4,228;0,0433688
4,23;0,0430331
4,232;0,0426337
4,234;0,0421712
4,236;0,0416467
4,238;0,0410612
4,24;0,040416
4,242;0,0397123
4,244;0,0389516
4,246;0,0381354
4,248;0,0372656
4,25;0,0363438
4,252;0,0353721
4,254;0,0343524
4,256;0,0332868
4,258;0,0321777
4,26;0,0310274
4,262;0,0298382
4,264;0,0286127
4,266;0,0273535
4,268;0,0260632
4,27;0,0247445
4,272;0,0234003
4,274;0,0220333
4,276;0,0206466
4,278;0,019243
4,28;0,0178255
4,282;0,0163971
4,284;0,0149608
4,286;0,0135198
4,288;0,0120771
4,29;0,0106358
4,292;0,00919886
4,294;0,00776946
4,296;0,00635062
4,298;0,00494539
4,3;0,00355677
4,302;0,00218773
4,304;0,000841215
4,306;0,000479888
4,308;0,00177274
4,31;0,00303456
4,312;0,00426263
4,314;0,00545431
4,316;0,00660702
4,318;0,00771827
4,32;0,00878566
4,322;0,00980688
4,324;0,0107797
4,326;0,011702
4,328;0,0125718
4,33;0,0133873
4,332;0,0141465
4,334;0,0148478
4,336;0,0154898
4,338;0,0160709
4,34;0,01659
4,342;0,0170458
4,344;0,0174373
4,346;0,0177636
4,348;0,018024
4,35;0,0182179
4,352;0,0183448
4,354;0,0184043
4,356;0,0183964
4,358;0,0183209
4,36;0,018178
4,362;0,017968
4,364;0,0176911
4,366;0,017348
4,368;0,0169393
4,37;0,0164659
4,372;0,0159287
4,374;0,0153288
4,376;0,0146674
4,378;0,0139459
4,38;0,0131658
4,382;0,0123288
4,384;0,0114364
4,386;0,0104907
4,388;0,00949352
4,39;0,00844703
4,392;0,0073534
4,394;0,00621492
4,396;0,00503398
4,398;0,00381308
4,4;0,00255478
4,402;0,00126174
4,404;6,33052e-05
4,406;0,00141756
4,408;0,00279817
4,41;0,00420219
4,412;0,00562665
4,414;0,00706854
4,416;0,00852478
4,418;0,00999228
4,42;0,0114679
4,422;0,0129486
4,424;0,0144311
4,426;0,0159122
4,428;0,0173889
4,43;0,018858
4,432;0,0203163
4,434;0,0217607
4,436;0,0231881
4,438;0,0245955
4,44;0,0259798
4,442;0,0273381
4,444;0,0286675
4,446;0,029965
4,448;0,0312279
4,45;0,0324535
4,452;0,0336392
4,454;0,0347823
4,456;0,0358804
4,458;0,0369311
4,46;0,0379321
4,462;0,0388814
4,464;0,0397767
4,466;0,0406161
4,468;0,0413979
4,47;0,0421203
4,472;0,0427816
4,474;0,0433805
4,476;0,0439157
4,478;0,0443858
4,48;0,0447899
4,482;0,0451271
4,484;0,0453966
4,486;0,0455977
4,488;0,04573
4,49;0,0457931
4,492;0,0457869
4,494;0,0457113
4,496;0,0455663
4,498;0,0453524
4,5;0,0450697
4,502;0,0447191
4,504;0,044301
4,506;0,0438163
4,508;0,0432661
4,51;0,0426514
4,512;0,0419735
4,514;0,0412338
4,516;0,0404339
4,518;0,0395753
4,52;0,0386599
4,522;0,0376895
4,524;0,0366663
4,526;0,0355923
4,528;0,0344699
4,53;0,0333012
4,532;0,0320889
4,534;0,0308354
4,536;0,0295435
4,538;0,0282157
4,54;0,026855
4,542;0,0254642
4,544;0,0240462
4,546;0,0226041
4,548;0,0211409
4,55;0,0196597
4,552;0,0181637
4,554;0,016656
4,556;0,0151398
4,558;0,0136185
4,56;0,0120951
4,562;0,010573
4,564;0,00905542
4,566;0,00754559
4,568;0,00604673
4,57;0,00456206
4,572;0,00309475
4,574;0,00164796
4,576;0,000224769
4,578;0,00117175
4,58;0,00253861
4,582;0,00387285
4,584;0,00517162
4,586;0,00643211
4,588;0,00765161
4,59;0,00882747
4,592;0,00995715
4,594;0,0110382
4,596;0,0120683
4,598;0,0130452
4,6;0,0139668
4,602;0,014831
4,604;0,015636
4,606;0,0163799
4,608;0,0170613
4,61;0,0176785
4,612;0,0182302
4,614;0,0187152
4,616;0,0191323
4,618;0,0194807
4,62;0,0197596
4,622;0,0199682
4,624;0,0201061
4,626;0,0201729
4,628;0,0201684
4,63;0,0200927
4,632;0,0199457
4,634;0,0197278
4,636;0,0194393
4,638;0,0190809
4,64;0,0186532
4,642;0,018157
4,644;0,0175935
4,646;0,0169636
4,648;0,0162688
4,65;0,0155105
4,652;0,0146902
4,654;0,0138095
4,656;0,0128705
4,658;0,0118749
4,66;0,010825
4,662;0,00972278
4,664;0,00857069
4,666;0,00737111
4,668;0,00612656
4,67;0,00483966
4,672;0,00351312
4,674;0,00214974
4,676;0,000752396
4,678;0,000675953
4,68;0,00213229
4,682;0,00361352
4,684;0,00511651
4,686;0,00663808
4,688;0,00817498
4,69;0,00972396
4,692;0,0112817
4,694;0,0128449
4,696;0,0144103
4,698;0,0159744
4,7;0,017534
4,702;0,0190858
4,704;0,0206263
4,706;0,0221524
4,708;0,0236607
4,71;0,025148
4,712;0,0266111
4,714;0,028047
4,716;0,0294524
4,718;0,0308244
4,72;0,03216
4,722;0,0334564
4,724;0,0347107
4,726;0,0359202
4,728;0,0370824
4,73;0,0381947
4,732;0,0392547
4,734;0,04026
4,736;0,0412086
4,738;0,0420983
4,74;0,0429272
4,742;0,0436934
4,744;0,0443954
4,746;0,0450314
4,748;0,0456002
4,75;0,0461005
4,752;0,0465311
4,754;0,046891
4,756;0,0471795
4,758;0,0473959
4,76;0,0475396
4,762;0,0476103
4,764;0,0476077
4,766;0,0475319
4,768;0,0473829
4,77;0,047161
4,772;0,0468666
4,774;0,0465002
4,776;0,0460627
4,778;0,0455548
4,78;0,0449776
4,782;0,0443322
4,784;0,0436201
4,786;0,0428426
4,788;0,0420014
4,79;0,0410982
4,792;0,0401349
4,794;0,0391134
4,796;0,038036
4,798;0,0369049
4,8;0,0357224
4,802;0,0344911
4,804;0,0332134
4,806;0,0318922
4,808;0,0305302
4,81;0,0291302
4,812;0,0276953
4,814;0,0262284
4,816;0,0247326
4,818;0,0232112
4,82;0,0216674
4,822;0,0201043
4,824;0,0185254
4,826;0,016934
4,828;0,0153335
4,83;0,0137273
4,832;0,0121188
4,834;0,0105114
4,836;0,00890866
4,838;0,00731388
4,84;0,0057305
4,842;0,00416191
4,844;0,00261147
4,846;0,00108251
4,848;0,000421708
4,85;0,00189794
4,852;0,00334302
4,854;0,00475384
4,856;0,00612737
4,858;0,00746063
4,86;0,00875076
4,862;0,00999498
4,864;0,0111906
4,866;0,012335
4,868;0,0134257
4,87;0,0144604
4,872;0,0154367
4,874;0,0163526
4,876;0,0172061
4,878;0,0179953
4,88;0,0187184
4,882;0,0193739
4,884;0,0199603
4,886;0,0204763
4,888;0,0209208
4,89;0,0212927
4,892;0,0215912
4,894;0,0218156
4,896;0,0219653
4,898;0,02204
4,9;0,0220395
4,902;0,0219636
4,904;0,0218126
4,906;0,0215866
4,908;0,0212861
4,91;0,0209117
4,912;0,0204641
4,914;0,0199441
4,916;0,019353
4,918;0,0186918
4,92;0,0179619
4,922;0,0171648
4,924;0,0163021
4,926;0,0153757
4,928;0,0143875
4,93;0,0133396
4,932;0,012234
4,934;0,0110732
4,936;0,00985952
4,938;0,00859557
4,94;0,00728399
4,942;0,00592753
4,944;0,00452906
4,946;0,00309153
4,948;0,00161796
4,95;0,000111482
4,952;0,00142472
4,954;0,00298741
4,956;0,00457325
4,958;0,00617889
4,96;0,00780091
4,962;0,00943588
4,964;0,0110803
4,966;0,0127307
4,968;0,0143835
4,97;0,0160353
4,972;0,0176824
4,974;0,0193215
4,976;0,0209489
4,978;0,0225612
4,98;0,0241549
4,982;0,0257267
4,984;0,0272732
4,986;0,0287909
4,988;0,0302768
4,99;0,0317275
4,992;0,03314
4,994;0,0345112
4,996;0,0358382
4,998;0,037118
5;0,038348
5,002;0,0395255
5,004;0,0406478
5,006;0,0417126
5,008;0,0427176
5,01;0,0436605
5,012;0,0445393
5,014;0,0453521
5,016;0,0460971
5,018;0,0467726
5,02;0,0473771
5,022;0,0479094
5,024;0,0483681
5,026;0,0487524
5,028;0,0490612
5,03;0,0492938
5,032;0,0494498
5,034;0,0495287
5,036;0,0495303
5,038;0,0494545
5,04;0,0493014
5,042;0,0490713
5,044;0,0487647
5,046;0,048382
5,048;0,0479241
5,05;0,0473919
5,052;0,0467864
5,054;0,0461089
5,056;0,0453608
5,058;0,0445436
5,06;0,0436591
5,062;0,0427089
5,064;0,0416952
5,066;0,04062
5,068;0,0394855
5,07;0,0382942
5,072;0,0370486
5,074;0,0357512
5,076;0,0344047
5,078;0,0330121
5,08;0,0315762
5,082;0,0301001
5,084;0,0285869
5,086;0,0270398
5,088;0,025462
5,09;0,0238569
5,092;0,022228
5,094;0,0205786
5,096;0,0189122
5,098;0,0172325
5,1;0,015543
5,102;0,0138472
5,104;0,0121488
5,106;0,0104514
5,108;0,00875866
5,11;0,00707415
5,112;0,00540149
5,114;0,00374425
5,116;0,00210598
5,118;0,000490198
5,12;0,00109964
5,122;0,00266013
5,124;0,0041879
5,126;0,00567967
5,128;0,00713224
5,13;0,00854247
5,132;0,00990732
5,134;0,0112238
5,136;0,0124892
5,138;0,0137006
5,14;0,0148555
5,142;0,0159513
5,144;0,0169857
5,146;0,0179564
5,148;0,0188613
5,15;0,0196984
5,152;0,0204659
5,154;0,021162
5,156;0,0217853
5,158;0,0223343
5,16;0,0228078
5,162;0,0232047
5,164;0,0235242
5,166;0,0237654
5,168;0,0239279
5,17;0,0240111
5,172;0,024015
5,174;0,0239393
5,176;0,0237842
5,178;0,0235499
5,18;0,0232369
5,182;0,0228459
5,184;0,0223775
5,186;0,0218326
5,188;0,0212125
5,19;0,0205184
5,192;0,0197517
5,194;0,0189139
5,196;0,0180068
5,198;0,0170323
5,2;0,0159924
5,202;0,0148892
5,204;0,0137251
5,206;0,0125026
5,208;0,0112241
5,21;0,00989231
5,212;0,0085101
5,214;0,00708035
5,216;0,00560606
5,218;0,00409035
5,22;0,00253641
5,222;0,00094754
5,224;0,000672909
5,226;0,0023215
5,228;0,00399475
5,23;0,00568909
5,232;0,00740094
5,234;0,00912666
5,236;0,0108626
5,238;0,012605
5,24;0,0143502
5,242;0,0160944
5,244;0,017834
5,246;0,0195653
5,248;0,0212844
5,25;0,0229879
5,252;0,0246719
5,254;0,0263329
5,256;0,0279674
5,258;0,0295718
5,26;0,0311426
5,262;0,0326766
5,264;0,0341704
5,266;0,0356207
5,268;0,0370246
5,27;0,0383788
5,272;0,0396805
5,274;0,0409269
5,276;0,0421153
5,278;0,043243
5,28;0,0443077
5,282;0,045307
5,284;0,0462388
5,286;0,0471009
5,288;0,0478915
5,29;0,0486089
5,292;0,0492514
5,294;0,0498176
5,296;0,0503064
5,298;0,0507164
5,3;0,0510469
5,302;0,051297
5,304;0,0514662
5,306;0,051554
5,308;0,0515602
5,31;0,0514847
5,312;0,0513275
5,314;0,0510891
5,316;0,0507697
5,318;0,05037
5,32;0,0498909
5,322;0,0493332
5,324;0,0486981
5,326;0,0479869
5,328;0,0472011
5,33;0,0463422
5,332;0,045412
5,334;0,0444125
5,336;0,0433458
5,338;0,042214
5,34;0,0410195
5,342;0,0397648
5,344;0,0384526
5,346;0,0370856
5,348;0,0356667
5,35;0,0341988
5,352;0,0326851
5,354;0,0311287
5,356;0,029533
5,358;0,0279012
5,36;0,0262369
5,362;0,0245436
5,364;0,0228249
5,366;0,0210844
5,368;0,0193258
5,37;0,0175528
5,372;0,0157693
5,374;0,013979
5,376;0,0121857
5,378;0,0103933
5,38;0,0086055
5,382;0,00682624
5,384;0,00505927
5,386;0,00330839
5,388;0,00157733
5,39;0,000130198
5,392;0,00181053
5,394;0,00346006
5,396;0,00507524
5,398;0,0066526
5,4;0,00818875
5,402;0,00968037
5,404;0,0111242
5,406;0,0125173
5,408;0,0138564
5,41;0,0151388
5,412;0,0163616
5,414;0,0175222
5,416;0,0186181
5,418;0,0196468
5,42;0,0206062
5,422;0,0214941
5,424;0,0223086
5,426;0,0230478
5,428;0,0237102
5,43;0,0242942
5,432;0,0247986
5,434;0,0252222
5,436;0,0255641
5,438;0,0258234
5,44;0,0259996
5,442;0,0260921
5,444;0,0261008
5,446;0,0260255
5,448;0,0258663
5,45;0,0256236
5,452;0,0252977
5,454;0,0248893
5,456;0,0243991
5,458;0,0238283
5,46;0,0231779
5,462;0,0224492
5,464;0,0216438
5,466;0,0207632
5,468;0,0198094
5,47;0,0187843
5,472;0,01769
5,474;0,0165288
5,476;0,0153031
5,478;0,0140156
5,48;0,0126688
5,482;0,0112656
5,484;0,00980895
5,486;0,00830195
5,488;0,00674775
5,49;0,00514962
5,492;0,00351095
5,494;0,00183519
5,496;0,000125892
5,498;0,00161333
5,5;0,00337878
5,502;0,00516672
5,504;0,00697335
5,506;0,00879484
5,508;0,0106273
5,51;0,0124669
5,512;0,0143096
5,514;0,0161515
5,516;0,0179887
5,518;0,0198173
5,52;0,0216334
5,522;0,0234331
5,524;0,0252125
5,526;0,0269678
5,528;0,0286953
5,53;0,0303912
5,532;0,032052
5,534;0,033674
5,536;0,0352537
5,538;0,0367877
5,54;0,0382728
5,542;0,0397057
5,544;0,0410834
5,546;0,0424028
5,548;0,043661
5,55;0,0448554
5,552;0,0459834
5,554;0,0470424
5,556;0,0480302
5,558;0,0489447
5,56;0,0497837
5,562;0,0505455
5,564;0,0512283
5,566;0,0518307
5,568;0,0523513
5,57;0,0527889
5,572;0,0531425
5,574;0,0534113
5,576;0,0535947
5,578;0,0536922
5,58;0,0537034
5,582;0,0536285
5,584;0,0534673
5,586;0,0532202
5,588;0,0528877
5,59;0,0524703
5,592;0,051969
5,594;0,0513847
5,596;0,0507186
5,598;0,049972
5,6;0,0491465
5,602;0,0482438
5,604;0,0472658
5,606;0,0462144
5,608;0,0450918
5,61;0,0439005
5,612;0,0426428
5,614;0,0413214
5,616;0,0399391
5,618;0,0384988
5,62;0,0370035
5,622;0,0354563
5,624;0,0338606
5,626;0,0322196
5,628;0,0305368
5,63;0,0288158
5,632;0,0270603
5,634;0,0252739
5,636;0,0234605
5,638;0,0216238
5,64;0,0197679
5,642;0,0178965
5,644;0,0160138
5,646;0,0141237
5,648;0,0122302
5,65;0,0103374
5,652;0,00844931
5,654;0,00656997
5,656;0,0047034
5,658;0,00285359
5,66;0,00102449
5,662;0,000779968
5,664;0,00255592
5,666;0,00429956
5,668;0,00600714
5,67;0,00767499
5,672;0,00929951
5,674;0,0108772
5,676;0,0124047
5,678;0,0138786
5,68;0,0152959
5,682;0,0166533
5,684;0,017948
5,686;0,0191772
5,688;0,0203382
5,69;0,0214284
5,692;0,0224455
5,694;0,0233873
5,696;0,0242516
5,698;0,0250366
5,7;0,0257405
5,702;0,0263618
5,704;0,0268991
5,706;0,0273511
5,708;0,0277169
5,71;0,0279955
5,712;0,0281864
5,714;0,028289
5,716;0,028303
5,718;0,0282284
5,72;0,0280652
5,722;0,0278138
5,724;0,0274745
5,726;0,027048
5,728;0,0265352
5,73;0,0259371
5,732;0,025255
5,734;0,0244901
5,736;0,023644
5,738;0,0227186
5,74;0,0217157
5,742;0,0206374
5,744;0,0194858
5,746;0,0182636
5,748;0,0169731
5,75;0,015617
5,752;0,0141983
5,754;0,0127199
5,756;0,0111848
5,758;0,00959643
5,76;0,00795799
5,762;0,00627299
5,764;0,00454497
5,766;0,00277758
5,768;0,000974579
5,77;0,000860233
5,772;0,00272296
5,774;0,00460966
5,776;0,00651631
5,778;0,00843887
5,78;0,0103733
5,782;0,0123153
5,784;0,014261
5,786;0,0162061
5,788;0,0181464
5,79;0,0200778
5,792;0,0219963
5,794;0,0238976
5,796;0,0257778
5,798;0,0276328
5,8;0,0294586
5,802;0,0312513
5,804;0,033007
5,806;0,034722
5,808;0,0363926
5,81;0,0380152
5,812;0,0395862
5,814;0,0411024
5,816;0,0425603
5,818;0,043957
5,82;0,0452892
5,822;0,0465542
5,824;0,0477491
5,826;0,0488715
5,828;0,0499187
5,83;0,0508886
5,832;0,051779
5,834;0,0525879
5,836;0,0533136
5,838;0,0539543
5,84;0,0545088
5,842;0,0549758
5,844;0,0553541
5,846;0,0556429
5,848;0,0558415
5,85;0,0559494
5,852;0,0559663
5,854;0,0558922
5,856;0,055727
5,858;0,0554711
5,86;0,0551249
5,862;0,0546892
5,864;0,0541647
5,866;0,0535525
5,868;0,0528539
5,87;0,0520702
5,872;0,0512032
5,874;0,0502544
5,876;0,049226
5,878;0,0481201
5,88;0,0469388
5,882;0,0456848
5,884;0,0443606
5,886;0,042969
5,888;0,0415129
5,89;0,0399954
5,892;0,0384196
5,894;0,0367888
5,896;0,0351066
5,898;0,0333764
5,9;0,0316019
5,902;0,0297869
5,904;0,0279351
5,906;0,0260505
5,908;0,0241372
5,91;0,0221991
5,912;0,0202404
5,914;0,0182652
5,916;0,0162777
5,918;0,0142823
5,92;0,012283
5,922;0,0102842
5,924;0,00829022
5,926;0,0063052
5,928;0,00433342
5,93;0,0023791
5,932;0,000446432
5,934;0,00146045
5,936;0,00333746
5,938;0,00518057
5,94;0,00698582
5,942;0,00874932
5,944;0,0104673
5,946;0,012136
5,948;0,0137519
5,95;0,0153115
5,952;0,0168113
5,954;0,0182482
5,956;0,0196191
5,958;0,0209209
5,96;0,0221508
5,962;0,0233062
5,964;0,0243844
5,966;0,0253833
5,968;0,0263005
5,97;0,0271341
5,972;0,0278821
5,974;0,028543
5,976;0,0291152
5,978;0,0295975
5,98;0,0299888
5,982;0,0302881
5,984;0,0304948
5,986;0,0306082
5,988;0,0306282
5,99;0,0305546
5,992;0,0303874
5,994;0,0301271
5,996;0,0297739
5,998;0,0293287
6;0,0287922
6,002;0,0281656
6,004;0,0274502
6,006;0,0266473
6,008;0,0257586
6,01;0,024786
6,012;0,0237315
6,014;0,0225972
6,016;0,0213855
6,018;0,020099
6,02;0,0187402
6,022;0,0173121
6,024;0,0158176
6,026;0,0142599
6,028;0,0126423
6,03;0,0109681
6,032;0,00924088
6,034;0,00746429
6,036;0,00564206
6,038;0,00377806
6,04;0,00187622
6,042;5,94207e-05
6,044;0,00202477
6,046;0,00401566
6,048;0,00602786
6,05;0,00805709
6,052;0,010099
6,054;0,0121494
6,056;0,0142037
6,058;0,0162577
6,06;0,0183069
6,062;0,0203469
6,064;0,0223735
6,066;0,0243823
6,068;0,0263689
6,07;0,0283292
6,072;0,0302588
6,074;0,0321538
6,076;0,0340099
6,078;0,0358233
6,08;0,03759
6,082;0,0393061
6,084;0,0409681
6,086;0,0425723
6,088;0,0441153
6,09;0,0455936
6,092;0,0470042
6,094;0,0483439
6,096;0,0496098
6,098;0,0507992
6,1;0,0519094
6,102;0,0529381
6,104;0,0538829
6,106;0,0547419
6,108;0,055513
6,11;0,0561946
6,112;0,0567851
6,114;0,0572833
6,116;0,0576879
6,118;0,0579981
6,12;0,0582131
6,122;0,0583324
6,124;0,0583555
6,126;0,0582825
6,128;0,0581134
6,13;0,0578485
6,132;0,0574882
6,134;0,0570333
6,136;0,0564846
6,138;0,0558433
6,14;0,0551106
6,142;0,0542881
6,144;0,0533773
6,146;0,0523803
6,148;0,0512989
6,15;0,0501356
6,152;0,0488927
6,154;0,0475727
6,156;0,0461785
6,158;0,0447129
6,16;0,0431791
6,162;0,0415802
6,164;0,0399196
6,166;0,0382008
6,168;0,0364274
6,17;0,0346032
6,172;0,032732
6,174;0,0308177
6,176;0,0288644
6,178;0,0268763
6,18;0,0248575
6,182;0,0228124
6,184;0,0207453
6,186;0,0186605
6,188;0,0165626
6,19;0,0144559
6,192;0,012345
6,194;0,0102343
6,196;0,00812841
6,198;0,00603177
6,2;0,00394886
6,202;0,00188415
6,204;0,000157942
6,206;0,00217305
6,208;0,00415685
6,21;0,00610509
6,212;0,00801357
6,214;0,0098782
6,216;0,011695
6,218;0,01346
6,22;0,0151694
6,222;0,0168195
6,224;0,0184068
6,226;0,0199277
6,228;0,0213792
6,23;0,0227578
6,232;0,0240608
6,234;0,0252852
6,236;0,0264283
6,238;0,0274877
6,24;0,028461
6,242;0,0293461
6,244;0,030141
6,246;0,0308439
6,248;0,0314534
6,25;0,0319679
6,252;0,0323863
6,254;0,0327078
6,256;0,0329314
6,258;0,0330566
6,26;0,0330832
6,262;0,0330109
6,264;0,0328399
6,266;0,0325703
6,268;0,0322028
6,27;0,031738
6,272;0,0311769
6,274;0,0305205
6,276;0,0297701
6,278;0,0289274
6,28;0,027994
6,282;0,0269719
6,284;0,0258631
6,286;0,02467
6,288;0,023395
6,29;0,0220408
6,292;0,0206102
6,294;0,0191062
6,296;0,017532
6,298;0,0158908
6,3;0,0141861
6,302;0,0124215
6,304;0,0106007
6,306;0,00872759
6,308;0,00680605
6,31;0,00484016
6,312;0,00283409
6,314;0,000792087
6,316;0,00128152
6,318;0,00338235
6,32;0,00550592
6,322;0,00764773
6,324;0,00980322
6,326;0,0119678
6,328;0,0141369
6,33;0,0163058
6,332;0,01847
6,334;0,0206247
6,336;0,0227655
6,338;0,0248877
6,34;0,0269869
6,342;0,0290584
6,344;0,0310978
6,346;0,0331008
6,348;0,0350631
6,35;0,0369805
6,352;0,0388487
6,354;0,0406639
6,356;0,0424221
6,358;0,0441194
6,36;0,0457523
6,362;0,0473171
6,364;0,0488106
6,366;0,0502294
6,368;0,0515705
6,37;0,0528309
6,372;0,0540078
6,374;0,0550988
6,376;0,0561015
6,378;0,0570135
6,38;0,0578329
6,382;0,0585578
6,384;0,0591867
6,386;0,0597182
6,388;0,0601509
6,39;0,0604839
6,392;0,0607165
6,394;0,060848
6,396;0,0608781
6,398;0,0608066
6,4;0,0606337
6,402;0,0603595
6,404;0,0599846
6,406;0,0595097
6,408;0,0589358
6,41;0,058264
6,412;0,0574956
6,414;0,0566323
6,416;0,0556757
6,418;0,0546279
6,42;0,0534909
6,422;0,0522673
6,424;0,0509594
6,426;0,0495701
6,428;0,0481022
6,43;0,0465587
6,432;0,044943
6,434;0,0432584
6,436;0,0415085
6,438;0,0396969
6,44;0,0378275
6,442;0,0359041
6,444;0,0339309
6,446;0,031912
6,448;0,0298517
6,45;0,0277543
6,452;0,0256244
6,454;0,0234663
6,456;0,0212848
6,458;0,0190844
6,46;0,0168698
6,462;0,0146457
6,464;0,0124169
6,466;0,0101881
6,468;0,00796406
6,47;0,00574954
6,472;0,00354926
6,474;0,00136794
6,476;0,000789764
6,478;0,00291922
6,48;0,00501587
6,482;0,00707522
6,484;0,00909283
6,486;0,0110644
6,488;0,0129856
6,49;0,0148524
6,492;0,0166607
6,494;0,0184066
6,496;0,0200864
6,498;0,0216964
6,5;0,0232331
6,502;0,0246932
6,504;0,0260734
6,506;0,0273709
6,508;0,0285828
6,51;0,0297063
6,512;0,0307391
6,514;0,0316789
6,516;0,0325235
6,518;0,0332712
6,52;0,0339202
6,522;0,034469
6,524;0,0349165
6,526;0,0352616
6,528;0,0355034
6,53;0,0356414
6,532;0,0356752
6,534;0,0356046
6,536;0,0354298
6,538;0,0351509
6,54;0,0347685
6,542;0,0342834
6,544;0,0336964
6,546;0,0330088
6,548;0,032222
6,55;0,0313375
6,552;0,0303572
6,554;0,029283
6,556;0,0281172
6,558;0,0268622
6,56;0,0255207
6,562;0,0240953
6,564;0,0225891
6,566;0,0210052
6,568;0,0193469
6,57;0,0176178
6,572;0,0158214
6,574;0,0139616
6,576;0,0120422
6,578;0,0100672
6,58;0,00804097
6,582;0,00596764
6,584;0,00385164
6,586;0,00169745
6,588;0,000490371
6,59;0,00270718
6,592;0,00494827
6,594;0,00720889
6,596;0,00948421
6,598;0,0117694
6,6;0,0140596
6,602;0,0163499
6,604;0,0186355
6,606;0,0209114
6,608;0,0231728
6,61;0,0254149
6,612;0,0276328
6,614;0,0298219
6,616;0,0319773
6,618;0,0340946
6,62;0,0361691
6,622;0,0381963
6,624;0,040172
6,626;0,0420919
6,628;0,0439518
6,63;0,0457477
6,632;0,0474757
6,634;0,0491321
6,636;0,0507133
6,638;0,0522158
6,64;0,0536365
6,642;0,0549721
6,644;0,0562198
6,646;0,0573769
6,648;0,0584408
6,65;0,0594091
6,652;0,0602798
6,654;0,0610508
6,656;0,0617205
6,658;0,0622874
6,66;0,0627501
6,662;0,0631076
6,664;0,063359
6,666;0,0635038
6,668;0,0635414
6,67;0,0634719
6,672;0,0632951
6,674;0,0630115
6,676;0,0626215
6,678;0,0621259
6,68;0,0615257
6,682;0,0608219
6,684;0,0600162
6,686;0,0591101
6,688;0,0581054
6,69;0,0570042
6,692;0,0558089
6,694;0,0545218
6,696;0,0531456
6,698;0,0516833
6,7;0,0501378
6,702;0,0485124
6,704;0,0468105
6,706;0,0450356
6,708;0,0431916
6,71;0,0412822
6,712;0,0393115
6,714;0,0372836
6,716;0,0352029
6,718;0,0330736
6,72;0,0309004
6,722;0,0286879
6,724;0,0264406
6,726;0,0241634
6,728;0,0218612
6,73;0,0195387
6,732;0,017201
6,734;0,014853
6,736;0,0124997
6,738;0,0101462
6,74;0,0077974
6,742;0,00545838
6,744;0,00313414
6,746;0,000829629
6,748;0,00145021
6,75;0,00370049
6,752;0,00591639
6,754;0,00809316
6,756;0,0102261
6,758;0,0123107
6,76;0,0143424
6,762;0,0163168
6,764;0,0182297
6,766;0,020077
6,768;0,0218547
6,77;0,0235588
6,772;0,0251858
6,774;0,026732
6,776;0,0281942
6,778;0,0295691
6,78;0,0308538
6,782;0,0320454
6,784;0,0331413
6,786;0,034139
6,788;0,0350365
6,79;0,0358317
6,792;0,0365227
6,794;0,0371081
6,796;0,0375866
6,798;0,0379569
6,8;0,0382183
6,802;0,0383701
6,804;0,0384118
6,806;0,0383434
6,808;0,0381648
6,81;0,0378764
6,812;0,0374787
6,814;0,0369724
6,816;0,0363585
6,818;0,0356383
6,82;0,0348132
6,822;0,0338849
6,824;0,0328553
6,826;0,0317265
6,828;0,0305008
6,83;0,0291808
6,832;0,0277692
6,834;0,0262689
6,836;0,0246831
6,838;0,0230151
6,84;0,0212684
6,842;0,0194466
6,844;0,0175536
6,846;0,0155934
6,848;0,01357
6,85;0,0114878
6,852;0,0093511
6,854;0,00716449
6,856;0,00493255
6,858;0,00266002
6,86;0,000351717
6,862;0,00198747
6,864;0,00435257
6,866;0,00673856
6,868;0,00914037
6,87;0,0115529
6,872;0,013971
6,874;0,0163895
6,876;0,0188032
6,878;0,0212071
6,88;0,0235959
6,882;0,0259646
6,884;0,028308
6,886;0,0306213
6,888;0,0328993
6,89;0,0351373
6,892;0,0373304
6,894;0,0394739
6,896;0,0415631
6,898;0,0435937
6,9;0,0455611
6,902;0,0474613
6,904;0,04929
6,906;0,0510432
6,908;0,0527173
6,91;0,0543085
6,912;0,0558135
6,914;0,0572288
6,916;0,0585515
6,918;0,0597786
6,92;0,0609074
6,922;0,0619355
6,924;0,0628606
6,926;0,0636806
6,928;0,0643937
6,93;0,0649983
6,932;0,065493
6,934;0,0658766
6,936;0,0661483
6,938;0,0663074
6,94;0,0663534
6,942;0,0662862
6,944;0,0661058
6,946;0,0658125
6,948;0,0654069
6,95;0,0648897
6,952;0,064262
6,954;0,0635249
6,956;0,06268
6,958;0,061729
6,96;0,0606739
6,962;0,0595167
6,964;0,0582599
6,966;0,0569061
6,968;0,0554582
6,97;0,053919
6,972;0,0522919
6,974;0,0505802
6,976;0,0487875
6,978;0,0469175
6,98;0,0449743
6,982;0,0429618
6,984;0,0408844
6,986;0,0387464
6,988;0,0365523
6,99;0,0343067
6,992;0,0320145
6,994;0,0296804
6,996;0,0273094
6,998;0,0249065
7;0,0224768
7,002;0,0200256
7,004;0,0175579
7,006;0,0150791
7,008;0,0125944
7,01;0,0101092
7,012;0,00762868
7,014;0,00515819
7,016;0,00270301
7,018;0,000268374
7,02;0,00214049
7,022;0,00451844
7,024;0,00686036
7,026;0,00916124
7,028;0,0114161
7,03;0,0136202
7,032;0,0157687
7,034;0,0178569
7,036;0,0198805
7,038;0,021835
7,04;0,0237162
7,042;0,02552
7,044;0,0272425
7,046;0,02888
7,048;0,0304289
7,05;0,0318859
7,052;0,0332477
7,054;0,0345114
7,056;0,0356742
7,058;0,0367335
7,06;0,0376871
7,062;0,0385327
7,064;0,0392685
7,066;0,0398928
7,068;0,0404042
7,07;0,0408016
7,072;0,041084
7,074;0,0412506
7,076;0,0413012
7,078;0,0412353
7,08;0,0410532
7,082;0,040755
7,084;0,0403414
7,086;0,0398131
7,088;0,0391711
7,09;0,0384168
7,092;0,0375517
7,094;0,0365774
7,096;0,0354961
7,098;0,0343099
7,1;0,0330212
7,102;0,0316328
7,104;0,0301476
7,106;0,0285685
7,108;0,026899
7,11;0,0251424
7,112;0,0233025
7,114;0,0213832
7,116;0,0193884
7,118;0,0173223
7,12;0,0151894
7,122;0,0129941
7,124;0,010741
7,126;0,00843491
7,128;0,00608071
7,13;0,00368336
7,132;0,00124796
7,134;0,00122034
7,136;0,0037163
7,138;0,00623461
7,14;0,00876992
7,142;0,0113168
7,144;0,0138699
7,146;0,0164237
7,148;0,0189729
7,15;0,0215118
7,152;0,0240352
7,154;0,0265376
7,156;0,0290137
7,158;0,0314582
7,16;0,0338658
7,162;0,0362313
7,164;0,0385498
7,166;0,0408161
7,168;0,0430255
7,17;0,0451731
7,172;0,0472543
7,174;0,0492647
7,176;0,0511999
7,178;0,0530557
7,18;0,0548281
7,182;0,0565132
7,184;0,0581074
7,186;0,0596072
7,188;0,0610093
7,19;0,0623106
7,192;0,0635084
7,194;0,0645999
7,196;0,0655827
7,198;0,0664548
7,2;0,067214
7,202;0,0678587
7,204;0,0683875
7,206;0,0687991
7,208;0,0690925
7,21;0,069267
7,212;0,0693222
7,214;0,0692579
7,216;0,069074
7,218;0,0687709
7,22;0,0683491
7,222;0,0678095
7,224;0,067153
7,226;0,0663811
7,228;0,0654952
7,23;0,0644972
7,232;0,063389
7,234;0,062173
7,236;0,0608517
7,238;0,0594279
7,24;0,0579043
7,242;0,0562843
7,244;0,0545713
7,246;0,0527687
7,248;0,0508804
7,25;0,0489103
7,252;0,0468626
7,254;0,0447415
7,256;0,0425516
7,258;0,0402975
7,26;0,0379839
7,262;0,0356156
7,264;0,0331978
7,266;0,0307355
7,268;0,0282339
7,27;0,0256984
7,272;0,0231344
7,274;0,0205472
7,276;0,0179424
7,278;0,0153255
7,28;0,0127021
7,282;0,0100778
7,284;0,0074582
7,286;0,00484886
7,288;0,00225538
7,29;0,000316708
7,292;0,00286189
7,294;0,00537472
7,296;0,00784981
7,298;0,0102819
7,3;0,0126656
7,302;0,014996
7,304;0,0172679
7,306;0,0194766
7,308;0,0216172
7,31;0,0236851
7,312;0,0256758
7,314;0,0275851
7,316;0,0294088
7,318;0,0311429
7,32;0,0327836
7,322;0,0343275
7,324;0,0357711
7,326;0,0371112
7,328;0,038345
7,33;0,0394696
7,332;0,0404827
7,334;0,0413819
7,336;0,0421653
7,338;0,0428311
7,34;0,0433777
7,342;0,043804
7,344;0,0441088
7,346;0,0442916
7,348;0,0443517
7,35;0,0442889
7,352;0,0441034
7,354;0,0437953
7,356;0,0433652
7,358;0,042814
7,36;0,0421428
7,362;0,0413528
7,364;0,0404457
7,366;0,0394233
7,368;0,0382877
7,37;0,0370412
7,372;0,0356864
7,374;0,0342261
7,376;0,0326634
7,378;0,0310014
7,38;0,0292437
7,382;0,0273939
7,384;0,0254559
7,386;0,0234338
7,388;0,0213317
7,39;0,0191542
7,392;0,0169058
7,394;0,0145913
7,396;0,0122155
7,398;0,00978341
7,4;0,00730025
7,402;0,00477125
7,404;0,00220176
7,406;0,000402761
7,408;0,00303679
7,41;0,00569474
7,412;0,00837095
7,414;0,0110597
7,416;0,0137553
7,418;0,0164521
7,42;0,0191441
7,422;0,0218258
7,424;0,0244913
7,426;0,027135
7,428;0,0297512
7,43;0,0323343
7,432;0,0348788
7,434;0,0373792
7,436;0,0398301
7,438;0,0422263
7,44;0,0445626
7,442;0,046834
7,444;0,0490356
7,446;0,0511627
7,448;0,0532106
7,45;0,0551748
7,452;0,0570513
7,454;0,0588358
7,456;0,0605245
7,458;0,0621137
7,46;0,0636
7,462;0,06498
7,464;0,0662509
7,466;0,0674097
7,468;0,0684538
7,47;0,0693811
7,472;0,0701894
7,474;0,0708769
7,476;0,071442
7,478;0,0718835
7,48;0,0722002
7,482;0,0723914
7,484;0,0724567
7,486;0,0723957
7,488;0,0722085
7,49;0,0718954
7,492;0,0714569
7,494;0,0708939
7,496;0,0702076
7,498;0,0693992
7,5;0,0684703
7,502;0,067423
7,504;0,0662592
7,506;0,0649815
7,508;0,0635924
7,51;0,0620948
7,512;0,0604918
7,514;0,0587868
7,516;0,0569832
7,518;0,055085
7,52;0,053096
7,522;0,0510204
7,524;0,0488626
7,526;0,0466272
7,528;0,0443187
7,53;0,0419421
7,532;0,0395025
7,534;0,0370049
7,536;0,0344547
7,538;0,0318571
7,54;0,0292179
7,542;0,0265425
7,544;0,0238366
7,546;0,0211059
7,548;0,0183564
7,55;0,0155937
7,552;0,0128239
7,554;0,0100528
7,556;0,00728628
7,558;0,00453031
7,56;0,00179076
7,562;0,000926523
7,564;0,00361572
7,566;0,00627107
7,568;0,00888688
7,57;0,0114575
7,572;0,0139775
7,574;0,0164414
7,576;0,0188439
7,578;0,0211799
7,58;0,0234443
7,582;0,0256321
7,584;0,0277388
7,586;0,0297596
7,588;0,0316904
7,59;0,0335267
7,592;0,0352648
7,594;0,0369007
7,596;0,0384309
7,598;0,0398521
7,6;0,0411611
7,602;0,042355
7,604;0,0434313
7,606;0,0443875
7,608;0,0452215
7,61;0,0459313
7,612;0,0465155
7,614;0,0469727
7,616;0,0473017
7,618;0,0475018
7,62;0,0475724
7,622;0,0475133
7,624;0,0473245
7,626;0,0470063
7,628;0,0465593
7,63;0,0459843
7,632;0,0452825
7,634;0,0444552
7,636;0,0435042
7,638;0,0424313
7,64;0,0412387
7,642;0,0399289
7,644;0,0385046
7,646;0,0369688
7,648;0,0353245
7,65;0,0335753
7,652;0,0317248
7,654;0,0297769
7,656;0,0277355
7,658;0,0256051
7,66;0,0233901
7,662;0,0210951
7,664;0,018725
7,666;0,0162848
7,668;0,0137796
7,67;0,0112147
7,672;0,00859556
7,674;0,0059277
7,676;0,00321677
7,678;0,000468519
7,68;0,00231121
7,682;0,00511652
7,684;0,00794144
7,686;0,01078
7,688;0,013626
7,69;0,0164736
7,692;0,0193166
7,694;0,0221489
7,696;0,0249646
7,698;0,0277575
7,7;0,0305217
7,702;0,0332513
7,704;0,0359405
7,706;0,0385834
7,708;0,0411743
7,71;0,0437079
7,712;0,0461784
7,714;0,0485807
7,716;0,0509096
7,718;0,0531601
7,72;0,0553272
7,722;0,0574062
7,724;0,0593928
7,726;0,0612826
7,728;0,0630714
7,73;0,0647553
7,732;0,0663308
7,734;0,0677943
7,736;0,0691426
7,738;0,0703727
7,74;0,0714821
7,742;0,072468
7,744;0,0733285
7,746;0,0740615
7,748;0,0746654
7,75;0,0751387
7,752;0,0754805
7,754;0,0756897
7,756;0,075766
7,758;0,0757089
7,76;0,0755186
7,762;0,0751953
7,764;0,0747396
7,766;0,0741524
7,768;0,0734348
7,77;0,0725883
7,772;0,0716145
7,774;0,0705154
7,776;0,0692933
7,778;0,0679507
7,78;0,0664903
7,782;0,0649152
7,784;0,0632287
7,786;0,0614342
7,788;0,0595355
7,79;0,0575365
7,792;0,0554415
7,794;0,0532548
7,796;0,050981
7,798;0,048625
7,8;0,0461916
7,802;0,043686
7,804;0,0411135
7,806;0,0384795
7,808;0,0357896
7,81;0,0330495
7,812;0,0302649
7,814;0,0274419
7,816;0,0245863
7,818;0,0217043
7,82;0,0188019
7,822;0,0158855
7,824;0,012961
7,826;0,0100349
7,828;0,00711331
7,83;0,00420248
7,832;0,00130865
7,834;0,001562
7,836;0,00440334
7,838;0,00720927
7,84;0,00997378
7,842;0,0126909
7,844;0,0153549
7,846;0,01796
7,848;0,0205005
7,85;0,0229711
7,852;0,0253664
7,854;0,0276811
7,856;0,0299104
7,858;0,0320494
7,86;0,0340934
7,862;0,0360381
7,864;0,0378791
7,866;0,0396125
7,868;0,0412345
7,87;0,0427416
7,872;0,0441304
7,874;0,0453979
7,876;0,0465412
7,878;0,0475579
7,88;0,0484457
7,882;0,0492026
7,884;0,0498268
7,886;0,0503169
7,888;0,0506718
7,89;0,0508906
7,892;0,0509727
7,894;0,0509178
7,896;0,050726
7,898;0,0503976
7,9;0,0499331
7,902;0,0493334
7,904;0,0485997
7,906;0,0477334
7,908;0,0467364
7,91;0,0456105
7,912;0,0443582
7,914;0,0429819
7,916;0,0414846
7,918;0,0398693
7,92;0,0381393
7,922;0,0362984
7,924;0,0343502
7,926;0,0322989
7,928;0,0301488
7,93;0,0279043
7,932;0,0255703
7,934;0,0231515
7,936;0,0206532
7,938;0,0180804
7,94;0,0154388
7,942;0,0127339
7,944;0,00997129
7,946;0,00715696
7,948;0,00429682
7,95;0,00139694
7,952;0,00153653
7,954;0,00449734
7,956;0,00747922
7,958;0,0104758
7,96;0,0134807
7,962;0,0164876
7,964;0,01949
7,966;0,0224814
7,968;0,0254556
7,97;0,0284062
7,972;0,0313268
7,974;0,0342112
7,976;0,0370531
7,978;0,0398467
7,98;0,0425857
7,982;0,0452643
7,984;0,0478768
7,986;0,0504176
7,988;0,0528811
7,99;0,055262
7,992;0,0575553
7,994;0,0597558
7,996;0,061859
7,998;0,0638601
8;0,0657549
8,002;0,0675392
8,004;0,0692092
8,006;0,0707611
8,008;0,0721916
8,01;0,0734975
8,012;0,0746759
8,014;0,0757243
8,016;0,0766402
8,018;0,0774217
8,02;0,0780669
8,022;0,0785744
8,024;0,0789429
8,026;0,0791716
8,028;0,0792598
8,03;0,0792074
8,032;0,0790141
8,034;0,0786805
8,036;0,078207
8,038;0,0775946
8,04;0,0768445
8,042;0,0759581
8,044;0,0749372
8,046;0,0737839
8,048;0,0725006
8,05;0,0710899
8,052;0,0695546
8,054;0,0678981
8,056;0,0661236
8,058;0,064235
8,06;0,0622361
8,062;0,0601311
8,064;0,0579244
8,066;0,0556207
8,068;0,0532248
8,07;0,0507416
8,072;0,0481766
8,074;0,045535
8,076;0,0428224
8,078;0,0400445
8,08;0,0372074
8,082;0,0343168
8,084;0,031379
8,086;0,0284002
8,088;0,0253867
8,09;0,022345
8,092;0,0192814
8,094;0,0162025
8,096;0,0131149
8,098;0,0100251
8,1;0,00693969
8,102;0,00386533
8,104;0,000808555
8,106;0,00222411
8,108;0,00522617
8,11;0,0081912
8,112;0,0111128
8,114;0,0139848
8,116;0,016801
8,118;0,0195553
8,12;0,0222418
8,122;0,0248547
8,124;0,0273884
8,126;0,0298374
8,128;0,0321964
8,13;0,0344604
8,132;0,0366244
8,134;0,0386836
8,136;0,0406337
8,138;0,0424704
8,14;0,0441897
8,142;0,0457878
8,144;0,0472612
8,146;0,0486067
8,148;0,0498213
8,15;0,0509023
8,152;0,0518473
8,154;0,0526541
8,156;0,053321
8,158;0,0538464
8,16;0,054229
8,162;0,054468
8,164;0,0545626
8,166;0,0545127
8,168;0,0543182
8,17;0,0539793
8,172;0,0534967
8,174;0,0528713
8,176;0,0521044
8,178;0,0511974
8,18;0,0501521
8,182;0,0489708
8,184;0,0476557
8,186;0,0462097
8,188;0,0446356
8,19;0,0429368
8,192;0,0411167
8,194;0,0391792
8,196;0,0371282
8,198;0,0349681
8,2;0,0327034
8,202;0,0303389
8,204;0,0278794
8,206;0,0253302
8,208;0,0226967
8,21;0,0199843
8,212;0,0171989
8,214;0,0143462
8,216;0,0114324
8,218;0,00846355
8,22;0,00544601
8,222;0,00238616
8,224;0,000709525
8,226;0,00383445
8,228;0,00698198
8,23;0,0101454
8,232;0,013318
8,234;0,0164931
8,236;0,0196637
8,238;0,0228232
8,24;0,0259649
8,242;0,029082
8,244;0,0321678
8,246;0,0352157
8,248;0,0382192
8,25;0,0411719
8,252;0,0440674
8,254;0,0468994
8,256;0,049662
8,258;0,0523491
8,26;0,054955
8,262;0,057474
8,264;0,0599007
8,266;0,0622299
8,268;0,0644564
8,27;0,0665755
8,272;0,0685825
8,274;0,0704731
8,276;0,0722432
8,278;0,0738888
8,28;0,0754065
8,282;0,0767927
8,284;0,0780446
8,286;0,0791592
8,288;0,0801341
8,29;0,0809671
8,292;0,0816564
8,294;0,0822003
8,296;0,0825975
8,298;0,0828471
8,3;0,0829485
8,302;0,0829013
8,304;0,0827055
8,306;0,0823614
8,308;0,0818695
8,31;0,0812309
8,312;0,0804468
8,314;0,0795188
8,316;0,0784486
8,318;0,0772385
8,32;0,0758909
8,322;0,0744087
8,324;0,0727948
8,326;0,0710526
8,328;0,0691857
8,33;0,067198
8,332;0,0650937
8,334;0,0628771
8,336;0,0605528
8,338;0,0581258
8,34;0,0556012
8,342;0,0529842
8,344;0,0502803
8,346;0,0474953
8,348;0,0446351
8,35;0,0417056
8,352;0,0387131
8,354;0,0356638
8,356;0,0325644
8,358;0,0294213
8,36;0,0262412
8,362;0,0230308
8,364;0,019797
8,366;0,0165467
8,368;0,0132868
8,37;0,0100242
8,372;0,00676591
8,374;0,00351885
8,376;0,000289968
8,378;0,00291383
8,38;0,00608569
8,382;0,00921882
8,384;0,0123065
8,386;0,0153421
8,388;0,0183192
8,39;0,0212312
8,392;0,024072
8,394;0,0268354
8,396;0,0295156
8,398;0,0321066
8,4;0,0346029
8,402;0,0369991
8,404;0,0392899
8,406;0,0414706
8,408;0,0435362
8,41;0,0454823
8,412;0,0473046
8,414;0,0489992
8,416;0,0505624
8,418;0,0519906
8,42;0,0532808
8,422;0,0544301
8,424;0,0554359
8,426;0,0562959
8,428;0,0570083
8,43;0,0575713
8,432;0,0579837
8,434;0,0582444
8,436;0,0583528
8,438;0,0583085
8,44;0,0581115
8,442;0,0577621
8,444;0,0572608
8,446;0,0566088
8,448;0,0558072
8,45;0,0548576
8,452;0,0537619
8,454;0,0525224
8,456;0,0511415
8,458;0,0496222
8,46;0,0479674
8,462;0,0461808
8,464;0,0442659
8,466;0,0422268
8,468;0,0400677
8,47;0,0377931
8,472;0,0354077
8,474;0,0329166
8,476;0,0303251
8,478;0,0276384
8,48;0,0248624
8,482;0,0220028
8,484;0,0190658
8,486;0,0160574
8,488;0,0129841
8,49;0,00985228
8,492;0,0066687
8,494;0,00344006
8,496;0,000173215
8,498;0,0031249
8,5;0,00644727
8,502;0,00978682
8,504;0,0131365
8,506;0,016489
8,508;0,0198374
8,51;0,0231744
8,512;0,0264929
8,514;0,0297859
8,516;0,0330462
8,518;0,0362669
8,52;0,0394411
8,522;0,042562
8,524;0,0456228
8,526;0,0486171
8,528;0,0515384
8,53;0,0543803
8,532;0,0571367
8,534;0,0598018
8,536;0,0623697
8,538;0,0648348
8,54;0,067192
8,542;0,0694359
8,544;0,0715618
8,546;0,073565
8,548;0,0754412
8,55;0,0771862
8,552;0,0787962
8,554;0,0802677
8,556;0,0815974
8,558;0,0827824
8,56;0,08382
8,562;0,0847079
8,564;0,0854442
8,566;0,086027
8,568;0,086455
8,57;0,0867272
8,572;0,0868429
8,574;0,0868017
8,576;0,0866036
8,578;0,0862488
8,58;0,0857381
8,582;0,0850723
8,584;0,0842528
8,586;0,0832812
8,588;0,0821594
8,59;0,0808897
8,592;0,0794748
8,594;0,0779174
8,596;0,0762209
8,598;0,0743887
8,6;0,0724246
8,602;0,0703327
8,604;0,0681174
8,606;0,0657832
8,608;0,0633352
8,61;0,0607783
8,612;0,0581181
8,614;0,05536
8,616;0,0525099
8,618;0,0495738
8,62;0,0465578
8,622;0,0434684
8,624;0,0403121
8,626;0,0370955
8,628;0,0338255
8,63;0,0305091
8,632;0,0271531
8,634;0,0237649
8,636;0,0203515
8,638;0,0169202
8,64;0,0134784
8,642;0,0100334
8,644;0,00659247
8,646;0,00316304
8,648;0,000247611
8,65;0,00363217
8,652;0,00698341
8,654;0,0102941
8,656;0,0135573
8,658;0,0167658
8,66;0,0199129
8,662;0,0229917
8,664;0,0259956
8,666;0,0289182
8,668;0,0317532
8,67;0,0344944
8,672;0,0371359
8,674;0,0396721
8,676;0,0420973
8,678;0,0444064
8,68;0,0465943
8,682;0,0486563
8,684;0,0505879
8,686;0,0523848
8,688;0,0540431
8,69;0,0555591
8,692;0,0569296
8,694;0,0581514
8,696;0,0592218
8,698;0,0601385
8,7;0,0608993
8,702;0,0615025
8,704;0,0619468
8,706;0,0622309
8,708;0,0623542
8,71;0,0623164
8,712;0,0621172
8,714;0,0617571
8,716;0,0612367
8,718;0,060557
8,72;0,0597192
8,722;0,0587251
8,724;0,0575766
8,726;0,0562761
8,728;0,0548262
8,73;0,0532299
8,732;0,0514904
8,734;0,0496115
8,736;0,0475969
8,738;0,0454509
8,74;0,043178
8,742;0,0407828
8,744;0,0382704
8,746;0,035646
8,748;0,0329153
8,75;0,0300838
8,752;0,0271577
8,754;0,0241429
8,756;0,021046
8,758;0,0178734
8,76;0,0146319
8,762;0,0113282
8,764;0,00796949
8,766;0,00456278
8,768;0,00111533
8,77;0,00236554
8,772;0,00587243
8,774;0,00939789
8,776;0,0129344
8,778;0,0164744
8,78;0,0200104
8,782;0,0235349
8,784;0,0270402
8,786;0,0305189
8,788;0,0339636
8,79;0,0373669
8,792;0,0407214
8,794;0,0440201
8,796;0,0472558
8,798;0,0504215
8,8;0,0535105
8,802;0,056516
8,804;0,0594318
8,806;0,0622513
8,808;0,0649686
8,81;0,0675777
8,812;0,070073
8,814;0,0724491
8,816;0,0747009
8,818;0,0768234
8,82;0,0788119
8,822;0,0806622
8,824;0,0823702
8,826;0,0839322
8,828;0,0853446
8,83;0,0866043
8,832;0,0877086
8,834;0,0886549
8,836;0,0894412
8,838;0,0900656
8,84;0,0905266
8,842;0,0908231
8,844;0,0909544
8,846;0,09092
8,848;0,09072
8,85;0,0903545
8,852;0,0898243
8,854;0,0891303
8,856;0,0882739
8,858;0,0872567
8,86;0,0860809
8,862;0,0847488
8,864;0,0832631
8,866;0,0816269
8,868;0,0798435
8,87;0,0779167
8,872;0,0758503
8,874;0,0736488
8,876;0,0713167
8,878;0,0688589
8,88;0,0662805
8,882;0,0635869
8,884;0,0607838
8,886;0,057877
8,888;0,0548728
8,89;0,0517773
8,892;0,0485972
8,894;0,0453392
8,896;0,0420102
8,898;0,0386171
8,9;0,0351672
8,902;0,0316678
8,904;0,0281264
8,906;0,0245504
8,908;0,0209474
8,91;0,0173252
8,912;0,0136913
8,914;0,0100537
8,916;0,00641998
8,918;0,00279794
8,92;0,000804682
8,922;0,00438018
8,924;0,00792092
8,926;0,0114193
8,928;0,0148678
8,93;0,0182591
8,932;0,0215859
8,934;0,024841
8,936;0,0280174
8,938;0,0311083
8,94;0,0341071
8,942;0,0370072
8,944;0,0398023
8,946;0,0424865
8,948;0,045054
8,95;0,0474991
8,952;0,0498165
8,954;0,0520012
8,956;0,0540485
8,958;0,0559538
8,96;0,057713
8,962;0,0593222
8,964;0,0607778
8,966;0,0620766
8,968;0,0632158
8,97;0,0641928
8,972;0,0650053
8,974;0,0656514
8,976;0,0661298
8,978;0,0664392
8,98;0,0665788
8,982;0,0665482
8,984;0,0663473
8,986;0,0659764
8,988;0,0654362
8,99;0,0647277
8,992;0,0638523
8,994;0,0628116
8,996;0,0616079
8,998;0,0602434
9;0,0587211
9,002;0,057044
9,004;0,0552156
9,006;0,0532396
9,008;0,0511202
9,01;0,0488617
9,012;0,0464689
9,014;0,0439468
9,016;0,0413007
9,018;0,038536
9,02;0,0356586
9,022;0,0326746
9,024;0,0295901
9,026;0,0264119
9,028;0,0231464
9,03;0,0198006
9,032;0,0163817
9,034;0,0128968
9,036;0,00935329
9,038;0,00575872
9,04;0,00212071
9,042;0,00155303
9,044;0,00525467
9,046;0,00897635
9,048;0,0127101
9,05;0,0164481
9,052;0,0201822
9,054;0,0239046
9,056;0,0276072
9,058;0,0312822
9,06;0,0349216
9,062;0,0385178
9,064;0,0420629
9,066;0,0455494
9,068;0,0489699
9,07;0,0523168
9,072;0,0555832
9,074;0,0587618
9,076;0,0618459
9,078;0,0648289
9,08;0,0677042
9,082;0,0704656
9,084;0,0731073
9,086;0,0756233
9,088;0,0780083
9,09;0,0802571
9,092;0,0823648
9,094;0,0843267
9,096;0,0861386
9,098;0,0877965
9,1;0,0892966
9,102;0,0906358
9,104;0,0918109
9,106;0,0928194
9,108;0,093659
9,11;0,0943277
9,112;0,0948241
9,114;0,0951468
9,116;0,0952951
9,118;0,0952684
9,12;0,0950668
9,122;0,0946906
9,124;0,0941403
9,126;0,093417
9,128;0,0925221
9,13;0,0914574
9,132;0,090225
9,134;0,0888275
9,136;0,0872676
9,138;0,0855486
9,14;0,083674
9,142;0,0816477
9,144;0,0794738
9,146;0,077157
9,148;0,0747019
9,15;0,0721139
9,152;0,0693982
9,154;0,0665606
9,156;0,063607
9,158;0,0605436
9,16;0,0573769
9,162;0,0541135
9,164;0,0507604
9,166;0,0473246
9,168;0,0438133
9,17;0,0402341
9,172;0,0365944
9,174;0,0329021
9,176;0,0291649
9,178;0,0253908
9,18;0,0215877
9,182;0,0177639
9,184;0,0139274
9,186;0,0100864
9,188;0,00624907
9,19;0,00242364
9,192;0,00138174
9,194;0,00515893
9,196;0,00889985
9,198;0,0125965
9,2;0,0162409
9,202;0,0198254
9,204;0,0233421
9,206;0,0267835
9,208;0,0301423
9,21;0,0334112
9,212;0,0365831
9,214;0,0396513
9,216;0,042609
9,218;0,0454499
9,22;0,0481678
9,222;0,0507569
9,224;0,0532115
9,226;0,0555262
9,228;0,0576961
9,23;0,0597163
9,232;0,0615824
9,234;0,0632904
9,236;0,0648364
9,238;0,0662171
9,24;0,0674294
9,242;0,0684704
9,244;0,069338
9,246;0,07003
9,248;0,0705449
9,25;0,0708815
9,252;0,0710388
9,254;0,0710164
9,256;0,0708142
9,258;0,0704325
9,26;0,0698719
9,262;0,0691336
9,264;0,0682189
9,266;0,0671296
9,268;0,065868
9,27;0,0644365
9,272;0,0628382
9,274;0,0610763
9,276;0,0591543
9,278;0,0570764
9,28;0,0548467
9,282;0,05247
9,284;0,0499511
9,286;0,0472954
9,288;0,0445083
9,29;0,0415958
9,292;0,038564
9,294;0,0354192
9,296;0,032168
9,298;0,0288173
9,3;0,0253741
9,302;0,0218458
9,304;0,0182398
9,306;0,0145637
9,308;0,0108253
9,31;0,00703254
9,312;0,00319346
9,314;0,0006838
9,316;0,00459098
9,318;0,00851978
9,32;0,0124618
9,322;0,0164087
9,324;0,0203521
9,326;0,0242834
9,328;0,0281944
9,33;0,0320767
9,332;0,0359219
9,334;0,0397218
9,336;0,0434683
9,338;0,0471534
9,34;0,0507691
9,342;0,0543077
9,344;0,0577615
9,346;0,0611232
9,348;0,0643854
9,35;0,0675412
9,352;0,0705837
9,354;0,0735063
9,356;0,0763028
9,358;0,078967
9,36;0,0814931
9,362;0,0838757
9,364;0,0861096
9,366;0,0881898
9,368;0,0901118
9,37;0,0918714
9,372;0,0934647
9,374;0,0948882
9,376;0,0961387
9,378;0,0972134
9,38;0,0981098
9,382;0,0988259
9,384;0,09936
9,386;0,0997109
9,388;0,0998777
9,39;0,0998598
9,392;0,0996571
9,394;0,0992699
9,396;0,098699
9,398;0,0979453
9,4;0,0970103
9,402;0,0958959
9,404;0,0946044
9,406;0,0931382
9,408;0,0915005
9,41;0,0896946
9,412;0,0877241
9,414;0,0855932
9,416;0,0833063
9,418;0,0808682
9,42;0,0782838
9,422;0,0755586
9,424;0,0726984
9,426;0,0697091
9,428;0,0665969
9,43;0,0633685
9,432;0,0600306
9,434;0,0565902
9,436;0,0530547
9,438;0,0494314
9,44;0,045728
9,442;0,0419524
9,444;0,0381126
9,446;0,0342167
9,448;0,030273
9,45;0,0262898
9,452;0,0222756
9,454;0,0182389
9,456;0,0141885
9,458;0,0101327
9,46;0,00608046
9,462;0,00204024
9,464;0,00197927
9,466;0,0059695
9,468;0,0099219
9,47;0,013828
9,472;0,0176795
9,474;0,021468
9,476;0,0251855
9,478;0,0288239
9,48;0,0323755
9,482;0,0358326
9,484;0,0391877
9,486;0,0424336
9,488;0,0455633
9,49;0,04857
9,492;0,0514472
9,494;0,0541887
9,496;0,0567884
9,498;0,0592409
9,5;0,0615406
9,502;0,0636826
9,504;0,0656622
9,506;0,067475
9,508;0,069117
9,51;0,0705846
9,512;0,0718745
9,514;0,0729838
9,516;0,07391
9,518;0,074651
9,52;0,075205
9,522;0,0755708
9,524;0,0757474
9,526;0,0757342
9,528;0,0755312
9,53;0,0751386
9,532;0,0745571
9,534;0,0737878
9,536;0,0728321
9,538;0,0716921
9,54;0,0703699
9,542;0,0688682
9,544;0,0671902
9,546;0,0653392
9,548;0,063319
9,55;0,0611338
9,552;0,0587882
9,554;0,056287
9,556;0,0536355
9,558;0,0508391
9,56;0,0479037
9,562;0,0448356
9,564;0,041641
9,566;0,0383267
9,568;0,0348998
9,57;0,0313674
9,572;0,0277369
9,574;0,0240161
9,576;0,0202128
9,578;0,0163351
9,58;0,0123911
9,582;0,00838921
9,584;0,00433796
9,586;0,000245936
9,588;0,00387817
9,59;0,00802559
9,592;0,0121875
9,594;0,016355
9,596;0,0205192
9,598;0,0246713
9,6;0,0288024
9,602;0,0329036
9,604;0,0369661
9,606;0,0409814
9,608;0,0449407
9,61;0,0488356
9,612;0,0526577
9,614;0,0563988
9,616;0,0600509
9,618;0,0636061
9,62;0,0670567
9,622;0,0703953
9,624;0,0736146
9,626;0,0767078
9,628;0,0796681
9,63;0,0824891
9,632;0,0851647
9,634;0,087689
9,636;0,0900565
9,638;0,0922621
9,64;0,094301
9,642;0,0961685
9,644;0,0978607
9,646;0,0993737
9,648;0,100704
9,65;0,101849
9,652;0,102806
9,654;0,103573
9,656;0,104148
9,658;0,104529
9,66;0,104716
9,662;0,104708
9,664;0,104504
9,666;0,104106
9,668;0,103514
9,67;0,102729
9,672;0,101752
9,674;0,100586
9,676;0,0992323
9,678;0,0976943
9,68;0,0959749
9,682;0,0940777
9,684;0,0920065
9,686;0,0897657
9,688;0,0873599
9,69;0,0847941
9,692;0,0820736
9,694;0,0792042
9,696;0,0761918
9,698;0,0730426
9,7;0,0697635
9,702;0,0663611
9,704;0,0628428
9,706;0,0592159
9,708;0,055488
9,71;0,051667
9,712;0,0477611
9,714;0,0437784
9,716;0,0397274
9,718;0,0356167
9,72;0,0314551
9,722;0,0272513
9,724;0,0230142
9,726;0,018753
9,728;0,0144766
9,73;0,0101942
9,732;0,00591495
9,734;0,00164791
9,736;0,00259777
9,738;0,00681302
9,74;0,0109888
9,742;0,0151162
9,744;0,0191864
9,746;0,0231907
9,748;0,0271203
9,75;0,030967
9,752;0,0347224
9,754;0,0383785
9,756;0,0419273
9,758;0,0453612
9,76;0,0486728
9,762;0,051855
9,764;0,0549008
9,766;0,0578036
9,768;0,0605571
9,77;0,0631554
9,772;0,0655927
9,774;0,0678638
9,776;0,0699636
9,778;0,0718876
9,78;0,0736315
9,782;0,0751914
9,784;0,0765638
9,786;0,0777457
9,788;0,0787345
9,79;0,0795277
9,792;0,0801237
9,794;0,0805209
9,796;0,0807184
9,798;0,0807155
9,8;0,0805122
9,802;0,0801087
9,804;0,0795056
9,806;0,0787042
9,808;0,077706
9,81;0,0765129
9,812;0,0751273
9,814;0,0735521
9,816;0,0717904
9,818;0,0698458
9,82;0,0677225
9,822;0,0654246
9,824;0,0629571
9,826;0,060325
9,828;0,0575338
9,83;0,0545894
9,832;0,0514978
9,834;0,0482657
9,836;0,0448997
9,838;0,0414069
9,84;0,0377948
9,842;0,0340708
9,844;0,0302429
9,846;0,0263191
9,848;0,0223077
9,85;0,0182173
9,852;0,0140564
9,854;0,00983398
9,856;0,00555888
9,858;0,00124022
9,86;0,00311282
9,862;0,007491
9,864;0,011885
9,866;0,0162854
9,868;0,0206829
9,87;0,0250681
9,872;0,0294315
9,874;0,033764
9,876;0,0380562
9,878;0,0422989
9,88;0,0464831
9,882;0,0505997
9,884;0,0546399
9,886;0,0585952
9,888;0,0624568
9,89;0,0662166
9,892;0,0698664
9,894;0,0733984
9,896;0,0768049
9,898;0,0800786
9,9;0,0832123
9,902;0,0861993
9,904;0,0890331
9,906;0,0917075
9,908;0,0942166
9,91;0,0965551
9,912;0,0987178
9,914;0,1007
9,916;0,102497
9,918;0,104105
9,92;0,105521
9,922;0,106741
9,924;0,107762
9,926;0,108583
9,928;0,109201
9,93;0,109615
9,932;0,109823
9,934;0,109826
9,936;0,109623
9,938;0,109214
9,94;0,1086
9,942;0,107782
9,944;0,106762
9,946;0,105541
9,948;0,104123
9,95;0,102509
9,952;0,100704
9,954;0,0987114
9,956;0,0965345
9,958;0,0941782
9,96;0,0916473
9,962;0,0889472
9,964;0,0860835
9,966;0,0830622
9,968;0,0798895
9,97;0,0765721
9,972;0,073117
9,974;0,0695314
9,976;0,0658229
9,978;0,0619993
9,98;0,0580687
9,982;0,0540393
9,984;0,0499197
9,986;0,0457186
9,988;0,0414449
9,99;0,0371077
9,992;0,032716
9,994;0,0282794
9,996;0,0238072
9,998;0,0193089
10;0,0147941
10,002;0,0102724
10,004;0,0057534
10,006;0,00124684
10,008;0,0032377
10,01;0,00769063
10,012;0,0121024
10,014;0,0164637
10,016;0,020765
10,018;0,0249972
10,02;0,0291511
10,022;0,0332179
10,024;0,0371888
10,026;0,0410553
10,028;0,0448089
10,03;0,0484418
10,032;0,0519458
10,034;0,0553136
10,036;0,0585378
10,038;0,0616114
10,04;0,0645278
10,042;0,0672805
10,044;0,0698636
10,046;0,0722715
10,048;0,0744988
10,05;0,0765407
10,052;0,0783927
10,054;0,0800506
10,056;0,0815108
10,058;0,08277
10,06;0,0838253
10,062;0,0846743
10,064;0,0853152
10,066;0,0857462
10,068;0,0859664
10,07;0,085975
10,072;0,085772
10,074;0,0853576
10,076;0,0847324
10,078;0,0838977
10,08;0,082855
10,082;0,0816065
10,084;0,0801546
10,086;0,0785023
10,088;0,0766529
10,09;0,0746102
10,092;0,0723784
10,094;0,0699621
10,096;0,0673664
10,098;0,0645966
10,1;0,0616584
10,102;0,0585581
10,104;0,0553022
10,106;0,0518973
10,108;0,0483507
10,11;0,0446699
10,112;0,0408625
10,114;0,0369367
10,116;0,0329006
10,118;0,0287628
10,12;0,024532
10,122;0,0202173
10,124;0,0158277
10,126;0,0113725
10,128;0,00686119
10,13;0,00230337
10,132;0,0022913
10,134;0,00691304
10,136;0,011552
10,138;0,0161983
10,14;0,0208421
10,142;0,0254734
10,144;0,0300823
10,146;0,0346591
10,148;0,0391938
10,15;0,0436769
10,152;0,0480986
10,154;0,0524496
10,156;0,0567204
10,158;0,0609019
10,16;0,0649852
10,162;0,0689613
10,164;0,0728218
10,166;0,0765583
10,168;0,0801628
10,17;0,0836274
10,172;0,0869447
10,174;0,0901074
10,176;0,0931087
10,178;0,0959421
10,18;0,0986013
10,182;0,101081
10,184;0,103375
10,186;0,105478
10,188;0,107386
10,19;0,109096
10,192;0,110602
10,194;0,111901
10,196;0,112992
10,198;0,11387
10,2;0,114534
10,202;0,114983
10,204;0,115215
10,206;0,11523
10,208;0,115028
10,21;0,114608
10,212;0,113971
10,214;0,11312
10,216;0,112054
10,218;0,110777
10,22;0,109291
10,222;0,107599
10,224;0,105704
10,226;0,10361
10,228;0,101322
10,23;0,0988443
10,232;0,096182
10,234;0,0933406
10,236;0,0903262
10,238;0,0871449
10,24;0,0838035
10,242;0,0803089
10,244;0,0766684
10,246;0,0728898
10,248;0,0689809
10,25;0,06495
10,252;0,0608057
10,254;0,0565565
10,256;0,0522116
10,258;0,0477802
10,26;0,0432715
10,262;0,0386952
10,264;0,034061
10,266;0,0293787
10,268;0,0246582
10,27;0,0199097
10,272;0,0151432
10,274;0,0103688
10,276;0,00559678
10,278;0,000837287
10,28;0,00389952
10,282;0,00860351
10,284;0,0132646
10,286;0,0178729
10,288;0,0224184
10,29;0,0268915
10,292;0,0312825
10,294;0,0355819
10,296;0,0397807
10,298;0,0438696
10,3;0,0478399
10,302;0,0516831
10,304;0,0553908
10,306;0,058955
10,308;0,062368
10,31;0,0656224
10,312;0,0687112
10,314;0,0716275
10,316;0,0743651
10,318;0,0769179
10,32;0,0792804
10,322;0,0814474
10,324;0,0834141
10,326;0,0851761
10,328;0,0867295
10,33;0,0880709
10,332;0,0891971
10,334;0,0901057
10,336;0,0907946
10,338;0,0912619
10,34;0,0915067
10,342;0,0915282
10,344;0,0913262
10,346;0,0909008
10,348;0,090253
10,35;0,0893838
10,352;0,0882949
10,354;0,0869885
10,356;0,0854672
10,358;0,0837341
10,36;0,0817926
10,362;0,0796469
10,364;0,0773012
10,366;0,0747604
10,368;0,0720299
10,37;0,0691152
10,372;0,0660225
10,374;0,0627581
10,376;0,059329
10,378;0,0557423
10,38;0,0520055
10,382;0,0481264
10,384;0,0441134
10,386;0,0399747
10,388;0,0357191
10,39;0,0313557
10,392;0,0268936
10,394;0,0223423
10,396;0,0177113
10,398;0,0130106
10,4;0,00825014
10,402;0,00343995
10,404;0,00140971
10,406;0,00628853
10,408;0,0111861
10,41;0,0160921
10,412;0,0209959
10,414;0,0258871
10,416;0,0307553
10,418;0,03559
10,42;0,040381
10,422;0,045118
10,424;0,0497908
10,426;0,0543894
10,428;0,0589039
10,43;0,0633246
10,432;0,0676421
10,434;0,071847
10,436;0,0759303
10,438;0,0798832
10,44;0,0836971
10,442;0,0873637
10,444;0,0908752
10,446;0,094224
10,448;0,0974027
10,45;0,100404
10,452;0,103223
10,454;0,105851
10,456;0,108284
10,458;0,110517
10,46;0,112543
10,462;0,11436
10,464;0,115962
10,466;0,117346
10,468;0,11851
10,47;0,11945
10,472;0,120164
10,474;0,12065
10,476;0,120908
10,478;0,120937
10,48;0,120735
10,482;0,120304
10,484;0,119645
10,486;0,118758
10,488;0,117645
10,49;0,116309
10,492;0,114752
10,494;0,112977
10,496;0,110988
10,498;0,108789
10,5;0,106384
10,502;0,103779
10,504;0,100978
10,506;0,0979881
10,508;0,0948151
10,51;0,0914655
10,512;0,0879464
10,514;0,0842651
10,516;0,0804294
10,518;0,0764474
10,52;0,0723273
10,522;0,068078
10,524;0,0637083
10,526;0,0592274
10,528;0,054645
10,53;0,0499705
10,532;0,045214
10,534;0,0403856
10,536;0,0354954
10,538;0,0305538
10,54;0,0255714
10,542;0,0205587
10,544;0,0155265
10,546;0,0104854
10,548;0,00544615
10,55;0,000419554
10,552;0,00458367
10,554;0,00955284
10,556;0,0144773
10,558;0,0193466
10,56;0,0241501
10,562;0,0288778
10,564;0,0335193
10,566;0,0380647
10,568;0,0425043
10,57;0,0468285
10,572;0,0510279
10,574;0,0550936
10,576;0,0590167
10,578;0,0627888
10,58;0,0664016
10,582;0,0698474
10,584;0,0731186
10,586;0,0762082
10,588;0,0791094
10,59;0,0818159
10,592;0,0843217
10,594;0,0866214
10,596;0,0887098
10,598;0,0905823
10,6;0,0922349
10,602;0,0936637
10,604;0,0948655
10,606;0,0958376
10,608;0,0965778
10,61;0,0970843
10,612;0,0973557
10,614;0,0973914
10,616;0,0971911
10,618;0,096755
10,62;0,0960838
10,622;0,0951789
10,624;0,0940419
10,626;0,092675
10,628;0,0910811
10,63;0,0892633
10,632;0,0872254
10,634;0,0849715
10,636;0,0825062
10,638;0,0798346
10,64;0,0769623
10,642;0,0738952
10,644;0,0706398
10,646;0,0672027
10,648;0,0635913
10,65;0,059813
10,652;0,0558758
10,654;0,051788
10,656;0,0475581
10,658;0,0431952
10,66;0,0387083
10,662;0,0341069
10,664;0,0294008
10,666;0,0246
10,668;0,0197145
10,67;0,0147548
10,672;0,00973135
10,674;0,00465485
10,676;0,000463924
10,678;0,00561409
10,68;0,0107847
10,682;0,0159647
10,684;0,0211431
10,686;0,0263088
10,688;0,0314508
10,69;0,0365581
10,692;0,0416197
10,694;0,0466249
10,696;0,051563
10,698;0,0564233
10,7;0,0611953
10,702;0,065869
10,704;0,0704341
10,706;0,0748809
10,708;0,0791998
10,71;0,0833815
10,712;0,0874169
10,714;0,0912974
10,716;0,0950145
10,718;0,0985601
10,72;0,101927
10,722;0,105107
10,724;0,108093
10,726;0,11088
10,728;0,113461
10,73;0,11583
10,732;0,117982
10,734;0,119912
10,736;0,121616
10,738;0,123091
10,74;0,124332
10,742;0,125338
10,744;0,126105
10,746;0,126632
10,748;0,126918
10,75;0,126961
10,752;0,126762
10,754;0,126321
10,756;0,125638
10,758;0,124714
10,76;0,123552
10,762;0,122154
10,764;0,120523
10,766;0,118661
10,768;0,116573
10,77;0,114263
10,772;0,111736
10,774;0,108996
10,776;0,106051
10,778;0,102904
10,78;0,0995644
10,782;0,0960377
10,784;0,0923315
10,786;0,0884536
10,788;0,0844123
10,79;0,0802159
10,792;0,0758733
10,794;0,0713937
10,796;0,0667864
10,798;0,0620613
10,8;0,0572283
10,802;0,0522976
10,804;0,0472797
10,806;0,0421852
10,808;0,0370249
10,81;0,0318098
10,812;0,0265509
10,814;0,0212595
10,816;0,0159467
10,818;0,010624
10,82;0,00530266
10,822;5,98827e-06
10,824;0,00529059
10,826;0,0105398
10,828;0,0157425
10,83;0,0208875
10,832;0,0259638
10,834;0,0309604
10,836;0,0358667
10,838;0,0406721
10,84;0,0453663
10,842;0,0499392
10,844;0,054381
10,846;0,058682
10,848;0,062833
10,85;0,0668249
10,852;0,0706492
10,854;0,0742976
10,856;0,0777621
10,858;0,0810352
10,86;0,0841098
10,862;0,0869791
10,864;0,0896368
10,866;0,0920772
10,868;0,0942948
10,87;0,0962847
10,872;0,0980426
10,874;0,0995644
10,876;0,100847
10,878;0,101887
10,88;0,102682
10,882;0,10323
10,884;0,103531
10,886;0,103582
10,888;0,103384
10,89;0,102937
10,892;0,102242
10,894;0,1013
10,896;0,100113
10,898;0,0986834
10,9;0,0970135
10,902;0,095107
10,904;0,0929678
10,906;0,0906004
10,908;0,0880094
10,91;0,0852003
10,912;0,082179
10,914;0,0789516
10,916;0,0755249
10,918;0,0719061
10,92;0,0681027
10,922;0,0641227
10,924;0,0599745
10,926;0,0556666
10,928;0,0512083
10,93;0,0466089
10,932;0,0418781
10,934;0,0370259
10,936;0,0320626
10,938;0,0269986
10,94;0,0218446
10,942;0,0166117
10,944;0,0113108
10,946;0,00595327
10,948;0,000550482
10,95;0,00488609
10,952;0,0103449
10,954;0,0158142
10,956;0,0212825
10,958;0,0267381
10,96;0,0321692
10,962;0,0375644
10,964;0,042912
10,966;0,0482006
10,968;0,0534189
10,97;0,0585557
10,972;0,0636
10,974;0,068541
10,976;0,0733679
10,978;0,0780705
10,98;0,0826386
10,982;0,0870623
10,984;0,0913321
10,986;0,0954387
10,988;0,0993734
10,99;0,103127
10,992;0,106693
10,994;0,110062
10,996;0,113227
10,998;0,116181
11;0,118918
11,002;0,121432
11,004;0,123717
11,006;0,125768
11,008;0,127581
11,01;0,129152
11,012;0,130476
11,014;0,131552
11,016;0,132376
11,018;0,132947
11,02;0,133262
11,022;0,133322
11,024;0,133126
11,026;0,132674
11,028;0,131967
11,03;0,131006
11,032;0,129793
11,034;0,12833
11,036;0,126621
11,038;0,124669
11,04;0,122477
11,042;0,120051
11,044;0,117395
11,046;0,114514
11,048;0,111416
11,05;0,108105
11,052;0,104589
11,054;0,100876
11,056;0,0969729
11,058;0,092888
11,06;0,08863
11,062;0,0842078
11,064;0,0796307
11,066;0,0749084
11,068;0,0700507
11,07;0,065068
11,072;0,0599708
11,074;0,0547699
11,076;0,0494762
11,078;0,0441011
11,08;0,0386558
11,082;0,033152
11,084;0,0276014
11,086;0,0220157
11,088;0,0164069
11,09;0,0107868
11,092;0,00516759
11,094;0,000438907
11,096;0,00602066
11,098;0,0115658
11,1;0,0170623
11,102;0,0224986
11,104;0,027863
11,106;0,0331439
11,108;0,03833
11,11;0,0434103
11,112;0,0483737
11,114;0,0532096
11,116;0,0579076
11,118;0,0624575
11,12;0,0668495
11,122;0,0710742
11,124;0,0751223
11,126;0,0789851
11,128;0,0826542
11,13;0,0861216
11,132;0,0893798
11,134;0,0924217
11,136;0,0952405
11,138;0,0978301
11,14;0,100185
11,142;0,102299
11,144;0,104169
11,146;0,10579
11,148;0,107158
11,15;0,10827
11,152;0,109124
11,154;0,109718
11,156;0,110049
11,158;0,110118
11,16;0,109924
11,162;0,109466
11,164;0,108747
11,166;0,107767
11,168;0,106527
11,17;0,105032
11,172;0,103282
11,174;0,101283
11,176;0,0990376
11,178;0,0965509
11,18;0,093828
11,182;0,0908744
11,184;0,0876963
11,186;0,0843003
11,188;0,0806935
11,19;0,0768834
11,192;0,0728779
11,194;0,0686854
11,196;0,0643148
11,198;0,0597752
11,2;0,0550761
11,202;0,0502275
11,204;0,0452396
11,206;0,040123
11,208;0,0348883
11,21;0,0295467
11,212;0,0241096
11,214;0,0185884
11,216;0,0129948
11,218;0,00734074
11,22;0,00163821
11,222;0,00410065
11,224;0,00986364
11,226;0,0156385
11,228;0,0214129
11,23;0,0271745
11,232;0,032911
11,234;0,0386102
11,236;0,0442599
11,238;0,0498479
11,24;0,0553624
11,242;0,0607914
11,244;0,0661234
11,246;0,0713469
11,248;0,0764507
11,25;0,0814237
11,252;0,0862552
11,254;0,0909349
11,256;0,0954527
11,258;0,0997987
11,26;0,103964
11,262;0,107938
11,264;0,111714
11,266;0,115283
11,268;0,118637
11,27;0,121769
11,272;0,124672
11,274;0,12734
11,276;0,129766
11,278;0,131946
11,28;0,133874
11,282;0,135546
11,284;0,136959
11,286;0,13811
11,288;0,138994
11,29;0,139612
11,292;0,13996
11,294;0,140038
11,296;0,139846
11,298;0,139383
11,3;0,138652
11,302;0,137652
11,304;0,136385
11,306;0,134856
11,308;0,133065
11,31;0,131018
11,312;0,128717
11,314;0,126169
11,316;0,123378
11,318;0,120349
11,32;0,11709
11,322;0,113606
11,324;0,109906
11,326;0,105996
11,328;0,101886
11,33;0,0975827
11,332;0,0930965
11,334;0,0884364
11,336;0,0836121
11,338;0,0786339
11,34;0,0735123
11,342;0,0682581
11,344;0,0628822
11,346;0,0573963
11,348;0,0518118
11,35;0,0461405
11,352;0,0403946
11,354;0,0345862
11,356;0,0287276
11,358;0,0228314
11,36;0,01691
11,362;0,0109761
11,364;0,00504231
11,366;0,000878693
11,368;0,00677428
11,37;0,0126318
11,372;0,0184389
11,374;0,0241829
11,376;0,0298517
11,378;0,035433
11,38;0,0409149
11,382;0,0462857
11,384;0,0515337
11,386;0,0566477
11,388;0,0616166
11,39;0,0664298
11,392;0,0710768
11,394;0,0755477
11,396;0,0798326
11,398;0,0839224
11,4;0,0878082
11,402;0,0914814
11,404;0,0949342
11,406;0,0981589
11,408;0,101148
11,41;0,103896
11,412;0,106397
11,414;0,108643
11,416;0,110632
11,418;0,112358
11,42;0,113817
11,422;0,115007
11,424;0,115924
11,426;0,116565
11,428;0,116931
11,43;0,117019
11,432;0,116829
11,434;0,116361
11,436;0,115617
11,438;0,114597
11,44;0,113304
11,442;0,111739
11,444;0,109907
11,446;0,10781
11,448;0,105453
11,45;0,102841
11,452;0,0999798
11,454;0,0968744
11,456;0,0935316
11,458;0,0899582
11,46;0,0861618
11,462;0,0821503
11,464;0,077932
11,466;0,0735158
11,468;0,068911
11,47;0,0641272
11,472;0,0591744
11,474;0,0540632
11,476;0,0488043
11,478;0,0434087
11,48;0,037888
11,482;0,0322537
11,484;0,0265178
11,486;0,0206925
11,488;0,0147901
11,49;0,00882314
11,492;0,00280429
11,494;0,00325363
11,496;0,00933775
11,498;0,0154351
11,5;0,0215327
11,502;0,0276175
11,504;0,0336765
11,506;0,0396969
11,508;0,0456656
11,51;0,05157
11,512;0,0573974
11,514;0,0631352
11,516;0,0687713
11,518;0,0742934
11,52;0,0796898
11,522;0,0849487
11,524;0,0900589
11,526;0,0950094
11,528;0,0997894
11,53;0,104389
11,532;0,108797
11,534;0,113005
11,536;0,117004
11,538;0,120785
11,54;0,124339
11,542;0,127659
11,544;0,130738
11,546;0,133569
11,548;0,136145
11,55;0,138461
11,552;0,140512
11,554;0,142293
11,556;0,1438
11,558;0,14503
11,56;0,14598
11,562;0,146647
11,564;0,147031
11,566;0,147129
11,568;0,146942
11,57;0,146469
11,572;0,145712
11,574;0,144672
11,576;0,14335
11,578;0,14175
11,58;0,139875
11,582;0,137728
11,584;0,135313
11,586;0,132637
11,588;0,129703
11,59;0,126519
11,592;0,123091
11,594;0,119425
11,596;0,11553
11,598;0,111414
11,6;0,107085
11,602;0,102553
11,604;0,0978262
11,606;0,0929154
11,608;0,0878307
11,61;0,0825829
11,612;0,077183
11,614;0,0716424
11,616;0,0659728
11,618;0,0601863
11,62;0,0542949
11,622;0,0483114
11,624;0,0422482
11,626;0,0361184
11,628;0,0299349
11,63;0,0237108
11,632;0,0174595
11,634;0,0111943
11,636;0,00492837
11,638;0,00132476
11,64;0,00755178
11,642;0,0137394
11,644;0,0198743
11,646;0,0259435
11,648;0,0319339
11,65;0,0378327
11,652;0,0436273
11,654;0,0493051
11,656;0,0548539
11,658;0,0602619
11,66;0,0655174
11,662;0,0706091
11,664;0,0755259
11,666;0,0802572
11,668;0,0847928
11,67;0,0891229
11,672;0,093238
11,674;0,0971292
11,676;0,100788
11,678;0,104206
11,68;0,107377
11,682;0,110293
11,684;0,112947
11,686;0,115335
11,688;0,11745
11,69;0,119288
11,692;0,120844
11,694;0,122116
11,696;0,1231
11,698;0,123794
11,7;0,124196
11,702;0,124305
11,704;0,124121
11,706;0,123643
11,708;0,122873
11,71;0,121812
11,712;0,120462
11,714;0,118826
11,716;0,116906
11,718;0,114708
11,72;0,112234
11,722;0,109491
11,724;0,106484
11,726;0,103219
11,728;0,099703
11,73;0,0959431
11,732;0,0919472
11,734;0,0877237
11,736;0,0832814
11,738;0,0786296
11,74;0,0737781
11,742;0,0687369
11,744;0,0635169
11,746;0,0581288
11,748;0,0525842
11,75;0,0468946
11,752;0,0410722
11,754;0,0351292
11,756;0,0290783
11,758;0,0229321
11,76;0,0167039
11,762;0,0104067
11,764;0,00405407
11,766;0,00234062
11,768;0,00876371
11,77;0,0152015
11,772;0,0216404
11,774;0,0280664
11,776;0,0344661
11,778;0,0408256
11,78;0,0471314
11,782;0,05337
11,784;0,059528
11,786;0,0655922
11,788;0,0715496
11,79;0,0773875
11,792;0,0830932
11,794;0,0886544
11,796;0,0940593
11,798;0,0992961
11,8;0,104354
11,802;0,109221
11,804;0,113887
11,806;0,118343
11,808;0,122577
11,81;0,126582
11,812;0,130349
11,814;0,133868
11,816;0,137134
11,818;0,140137
11,82;0,142872
11,822;0,145333
11,824;0,147514
11,826;0,149411
11,828;0,151018
11,83;0,152333
11,832;0,153352
11,834;0,154074
11,836;0,154495
11,838;0,154615
11,84;0,154434
11,842;0,153952
11,844;0,153169
11,846;0,152087
11,848;0,150708
11,85;0,149035
11,852;0,14707
11,854;0,144819
11,856;0,142285
11,858;0,139474
11,86;0,136391
11,862;0,133043
11,864;0,129437
11,866;0,125581
11,868;0,121481
11,87;0,117147
11,872;0,112589
11,874;0,107814
11,876;0,102835
11,878;0,0976597
11,88;0,0923006
11,882;0,0867686
11,884;0,0810754
11,886;0,0752329
11,888;0,0692535
11,89;0,0631499
11,892;0,056935
11,894;0,0506219
11,896;0,0442241
11,898;0,0377551
11,9;0,0312286
11,902;0,0246586
11,904;0,018059
11,906;0,0114439
11,908;0,0048274
11,91;0,00177643
11,912;0,00835348
11,914;0,0148897
11,916;0,0213711
11,918;0,0277837
11,92;0,034114
11,922;0,0403483
11,924;0,0464732
11,926;0,0524755
11,928;0,0583425
11,93;0,0640613
11,932;0,0696199
11,934;0,075006
11,936;0,0802082
11,938;0,0852151
11,94;0,0900159
11,942;0,0946003
11,944;0,0989583
11,946;0,10308
11,948;0,106957
11,95;0,110581
11,952;0,113944
11,954;0,117038
11,956;0,119856
11,958;0,122392
11,96;0,124642
11,962;0,126599
11,964;0,128259
11,966;0,129618
11,968;0,130674
11,97;0,131424
11,972;0,131865
11,974;0,131997
11,976;0,13182
11,978;0,131333
11,98;0,130537
11,982;0,129433
11,984;0,128025
11,986;0,126313
11,988;0,124303
11,99;0,121998
11,992;0,119402
11,994;0,116521
11,996;0,113361
11,998;0,109928
