0,002;0
0,004;2,82843e-05
0,006;8,48151e-05
0,008;0,000169487
0,01;0,000282127
0,012;0,000422494
0,014;0,000590281
0,016;0,000785114
0,018;0,00100656
0,02;0,0012541
0,022;0,00152719
0,024;0,00182518
0,026;0,0021474
0,028;0,00249309
0,03;0,00286145
0,032;0,00325162
0,034;0,00366269
0,036;0,00409368
0,038;0,0045436
0,04;0,00501138
0,042;0,00549591
0,044;0,00599606
0,046;0,00651063
0,048;0,00703841
0,05;0,00757814
0,052;0,00812855
0,054;0,00868832
0,056;0,00925612
0,058;0,00983059
0,06;0,0104104
0,062;0,0109941
0,064;0,0115803
0,066;0,0121676
0,068;0,0127547
0,07;0,01334
0,072;0,0139222
0,074;0,0145
0,076;0,0150718
0,078;0,0156363
0,08;0,0161922
0,082;0,0167382
0,084;0,0172728
0,086;0,0177948
0,088;0,018303
0,09;0,018796
0,092;0,0192728
0,094;0,0197321
0,096;0,0201728
0,098;0,0205938
0,1;0,0209942
0,102;0,0213728
0,104;0,0217289
0,106;0,0220615
0,108;0,0223698
0,11;0,022653
0,112;0,0229104
0,114;0,0231414
0,116;0,0233454
0,118;0,0235219
0,12;0,0236703
0,122;0,0237905
0,124;0,0238819
0,126;0,0239444
0,128;0,0239778
0,13;0,0239819
0,132;0,0239568
0,134;0,0239025
0,136;0,023819
0,138;0,0237065
0,14;0,0235653
0,142;0,0233957
0,144;0,023198
0,146;0,0229728
0,148;0,0227204
0,15;0,0224415
0,152;0,0221368
0,154;0,0218069
0,156;0,0214526
0,158;0,0210747
0,16;0,0206741
0,162;0,0202517
0,164;0,0198086
0,166;0,0193457
0,168;0,0188643
0,17;0,0183653
0,172;0,0178499
0,174;0,0173195
0,176;0,0167752
0,178;0,0162184
0,18;0,0156503
0,182;0,0150724
0,184;0,0144859
0,186;0,0138924
0,188;0,0132931
0,19;0,0126896
0,192;0,0120833
0,194;0,0114756
0,196;0,010868
0,198;0,010262
0,2;0,00965894
0,202;0,00906037
0,204;0,0084677
0,206;0,00788236
0,208;0,00730576
0,21;0,0067393
0,212;0,00618434
0,214;0,00564224
0,216;0,00511429
0,218;0,0046018
0,22;0,004106
0,222;0,00362809
0,224;0,00316926
0,226;0,00273061
0,228;0,00231323
0,23;0,00191814
0,232;0,0015463
0,234;0,00119864
0,236;0,000876019
0,238;0,000579234
0,24;0,000309026
0,242;6,60728e-05
0,244;0,000149014
0,246;0,000335688
0,248;0,000493471
0,25;0,000621954
0,252;0,000720797
0,254;0,000789732
0,256;0,00082856
0,258;0,000837157
0,26;0,00081547
0,262;0,000763518
0,264;0,000681394
0,266;0,000569262
0,268;0,000427361
0,27;0,000255998
0,272;5,55542e-05
0,274;0,000173521
0,276;0,000430709
0,278;0,000715422
0,28;0,00102701
0,282;0,00136474
0,284;0,00172785
0,286;0,00211547
0,288;0,00252672
0,29;0,00296063
0,292;0,00341618
0,294;0,0038923
0,296;0,00438788
0,298;0,00490173
0,3;0,00543265
0,302;0,00597939
0,304;0,00654064
0,306;0,00711508
0,308;0,00770133
0,31;0,00829802
0,312;0,00890371
0,314;0,00951696
0,316;0,0101363
0,318;0,0107603
0,32;0,0113874
0,322;0,0120161
0,324;0,0126449
0,326;0,0132724
0,328;0,0138969
0,33;0,014517
0,332;0,0151313
0,334;0,0157381
0,336;0,0163362
0,338;0,0169239
0,34;0,0174999
0,342;0,0180629
0,344;0,0186113
0,346;0,019144
0,348;0,0196596
0,35;0,0201568
0,352;0,0206345
0,354;0,0210914
0,356;0,0215265
0,358;0,0219387
0,36;0,0223269
0,362;0,0226903
0,364;0,0230279
0,366;0,0233388
0,368;0,0236224
0,37;0,0238778
0,372;0,0241045
0,374;0,0243019
0,376;0,0244694
0,378;0,0246067
0,38;0,0247134
0,382;0,0247891
0,384;0,0248337
0,386;0,0248471
0,388;0,0248291
0,39;0,0247797
0,392;0,0246992
0,394;0,0245876
0,396;0,0244451
0,398;0,0242721
0,4;0,0240689
0,402;0,023836
0,404;0,023574
0,406;0,0232834
0,408;0,0229649
0,41;0,0226192
0,412;0,0222471
0,414;0,0218495
0,416;0,0214274
0,418;0,0209817
0,42;0,0205134
0,422;0,0200237
0,424;0,0195136
0,426;0,0189845
0,428;0,0184375
0,43;0,017874
0,432;0,0172953
0,434;0,0167028
0,436;0,0160978
0,438;0,0154818
0,44;0,0148562
0,442;0,0142227
0,444;0,0135826
0,446;0,0129375
0,448;0,012289
0,45;0,0116385
0,452;0,0109877
0,454;0,0103382
0,456;0,00969139
0,458;0,00904895
0,46;0,00841238
0,462;0,00778323
0,464;0,00716301
0,466;0,00655323
0,468;0,00595535
0,47;0,00537082
0,472;0,00480107
0,474;0,00424747
0,476;0,00371137
0,478;0,00319407
0,48;0,00269684
0,482;0,00222089
0,484;0,00176739
0,486;0,00133745
0,488;0,000932124
0,49;0,000552412
0,492;0,000199254
0,494;0,000126475
0,496;0,000423963
0,498;0,000692467
0,5;0,000931312
0,502;0,00113989
0,504;0,00131767
0,506;0,0014642
0,508;0,00157908
0,51;0,00166201
0,512;0,00171276
0,514;0,00173117
0,516;0,00171715
0,518;0,00167072
0,52;0,00159194
0,522;0,00148098
0,524;0,00133805
0,526;0,00116348
0,528;0,000957647
0,53;0,00072101
0,532;0,000454107
0,534;0,000157545
0,536;0,000167996
0,538;0,000521765
0,54;0,000902944
0,542;0,00131065
0,544;0,00174392
0,546;0,00220176
0,548;0,00268308
0,55;0,00318677
0,552;0,00371163
0,554;0,00425642
0,556;0,00481986
0,558;0,00540062
0,56;0,00599733
0,562;0,00660856
0,564;0,00723286
0,566;0,00786876
0,568;0,00851473
0,57;0,00916925
0,572;0,00983074
0,574;0,0104976
0,576;0,0111683
0,578;0,0118412
0,58;0,0125147
0,582;0,0131871
0,584;0,0138569
0,586;0,0145224
0,588;0,0151821
0,59;0,0158343
0,592;0,0164775
0,594;0,0171101
0,596;0,0177306
0,598;0,0183375
0,6;0,0189294
0,602;0,0195047
0,604;0,0200621
0,606;0,0206002
0,608;0,0211178
0,61;0,0216135
0,612;0,0220861
0,614;0,0225345
0,616;0,0229576
0,618;0,0233544
0,62;0,0237238
0,622;0,0240649
0,624;0,024377
0,626;0,0246591
0,628;0,0249106
0,63;0,025131
0,632;0,0253195
0,634;0,0254757
0,636;0,0255993
0,638;0,0256898
0,64;0,025747
0,642;0,0257709
0,644;0,0257611
0,646;0,0257178
0,648;0,0256411
0,65;0,0255309
0,652;0,0253877
0,654;0,0252117
0,656;0,0250033
0,658;0,0247629
0,66;0,0244911
0,662;0,0241886
0,664;0,0238559
0,666;0,0234939
0,668;0,0231035
0,67;0,0226854
0,672;0,0222408
0,674;0,0217706
0,676;0,0212759
0,678;0,0207579
0,68;0,0202178
0,682;0,0196569
0,684;0,0190765
0,686;0,018478
0,688;0,0178628
0,69;0,0172324
0,692;0,0165882
0,694;0,0159318
0,696;0,0152647
0,698;0,0145886
0,7;0,013905
0,702;0,0132156
0,704;0,0125221
0,706;0,011826
0,708;0,0111291
0,71;0,010433
0,712;0,00973946
0,714;0,00905006
0,716;0,00836649
0,718;0,00769039
0,72;0,00702339
0,722;0,00636712
0,724;0,00572315
0,726;0,00509304
0,728;0,00447831
0,73;0,00388047
0,732;0,00330097
0,734;0,0027412
0,736;0,00220255
0,738;0,00168632
0,74;0,00119377
0,742;0,000726118
0,744;0,000284509
0,746;0,000129969
0,748;0,000516293
0,75;0,000873506
0,752;0,00120072
0,754;0,00149712
0,756;0,00176195
0,758;0,00199456
0,76;0,00219434
0,762;0,00236078
0,764;0,00249345
0,766;0,002592
0,768;0,00265614
0,77;0,0026857
0,772;0,00268055
0,774;0,00264068
0,776;0,00256615
0,778;0,0024571
0,78;0,00231375
0,782;0,0021364
0,784;0,00192546
0,786;0,00168139
0,788;0,00140473
0,79;0,00109613
0,792;0,00075628
0,794;0,000385969
0,796;1,39464e-05
0,798;0,00044254
0,8;0,000898812
0,802;0,0013817
0,804;0,00189007
0,806;0,00242273
0,808;0,00297843
0,81;0,00355585
0,812;0,00415365
0,814;0,00477039
0,816;0,00540463
0,818;0,00605486
0,82;0,00671953
0,822;0,00739708
0,824;0,00808587
0,826;0,00878428
0,828;0,00949064
0,83;0,0102033
0,832;0,0109204
0,834;0,0116404
0,836;0,0123616
0,838;0,0130821
0,84;0,0138002
0,842;0,0145143
0,844;0,0152227
0,846;0,0159235
0,848;0,0166151
0,85;0,0172959
0,852;0,0179642
0,854;0,0186183
0,856;0,0192568
0,858;0,019878
0,86;0,0204804
0,862;0,0210627
0,864;0,0216232
0,866;0,0221608
0,868;0,022674
0,87;0,0231617
0,872;0,0236225
0,874;0,0240555
0,876;0,0244594
0,878;0,0248334
0,88;0,0251765
0,882;0,0254878
0,884;0,0257665
0,886;0,026012
0,888;0,0262235
0,89;0,0264007
0,892;0,026543
0,894;0,02665
0,896;0,0267214
0,898;0,0267571
0,9;0,0267569
0,902;0,0267207
0,904;0,0266487
0,906;0,0265409
0,908;0,0263976
0,91;0,026219
0,912;0,0260057
0,914;0,0257579
0,916;0,0254764
0,918;0,0251617
0,92;0,0248146
0,922;0,0244358
0,924;0,0240263
0,926;0,0235869
0,928;0,0231188
0,93;0,022623
0,932;0,0221006
0,934;0,0215529
0,936;0,0209812
0,938;0,0203868
0,94;0,0197711
0,942;0,0191356
0,944;0,0184817
0,946;0,0178111
0,948;0,0171254
0,95;0,0164261
0,952;0,0157149
0,954;0,0149935
0,956;0,0142636
0,958;0,013527
0,96;0,0127855
0,962;0,0120407
0,964;0,0112946
0,966;0,0105488
0,968;0,00980518
0,97;0,00906554
0,972;0,00833163
0,974;0,00760523
0,976;0,00688809
0,978;0,00618194
0,98;0,00548848
0,982;0,00480939
0,984;0,00414632
0,986;0,00350087
0,988;0,00287462
0,99;0,00226909
0,992;0,00168574
0,994;0,00112602
0,996;0,000591279
0,998;8,28334e-05
1;0,000398069
1,002;0,000850245
1,004;0,00127258
1,006;0,00166402
1,008;0,00202361
1,01;0,00235044
1,012;0,00264369
1,014;0,00290262
1,016;0,00312658
1,018;0,00331499
1,02;0,00346737
1,022;0,00358329
1,024;0,00366246
1,026;0,00370464
1,028;0,00370969
1,03;0,00367755
1,032;0,00360827
1,034;0,00350198
1,036;0,00335888
1,038;0,00317928
1,04;0,00296358
1,042;0,00271224
1,044;0,00242585
1,046;0,00210505
1,048;0,00175056
1,05;0,00136322
1,052;0,000943902
1,054;0,00049359
1,056;1,33276e-05
1,058;0,000495763
1,06;0,00103249
1,062;0,0015956
1,064;0,00218376
1,066;0,00279559
1,068;0,00342965
1,07;0,00408444
1,072;0,00475841
1,074;0,00544997
1,076;0,00615746
1,078;0,00687922
1,08;0,00761352
1,082;0,00835861
1,084;0,00911272
1,086;0,00987406
1,088;0,0106408
1,09;0,0114111
1,092;0,0121831
1,094;0,012955
1,096;0,0137249
1,098;0,0144909
1,1;0,0152513
1,102;0,0160042
1,104;0,0167478
1,106;0,0174802
1,108;0,0181997
1,11;0,0189047
1,112;0,0195933
1,114;0,0202638
1,116;0,0209148
1,118;0,0215445
1,12;0,0221515
1,122;0,0227343
1,124;0,0232914
1,126;0,0238214
1,128;0,0243232
1,13;0,0247954
1,132;0,0252369
1,134;0,0256465
1,136;0,0260233
1,138;0,0263664
1,14;0,0266748
1,142;0,0269479
1,144;0,0271848
1,146;0,027385
1,148;0,027548
1,15;0,0276733
1,152;0,0277607
1,154;0,0278098
1,156;0,0278205
1,158;0,0277927
1,16;0,0277264
1,162;0,0276219
1,164;0,0274792
1,166;0,0272987
1,168;0,0270807
1,17;0,0268259
1,172;0,0265346
1,174;0,0262077
1,176;0,0258458
1,178;0,0254497
1,18;0,0250204
1,182;0,024559
1,184;0,0240663
1,186;0,0235437
1,188;0,0229923
1,19;0,0224134
1,192;0,0218084
1,194;0,0211786
1,196;0,0205257
1,198;0,0198511
1,2;0,0191564
1,202;0,0184433
1,204;0,0177134
1,206;0,0169685
1,208;0,0162104
1,21;0,0154409
1,212;0,0146617
1,214;0,0138749
1,216;0,0130822
1,218;0,0122855
1,22;0,0114867
1,222;0,0106879
1,224;0,00989079
1,226;0,0090974
1,228;0,00830962
1,23;0,00752934
1,232;0,00675844
1,234;0,00599878
1,236;0,00525219
1,238;0,00452049
1,24;0,00380545
1,242;0,00310879
1,244;0,00243221
1,246;0,00177736
1,248;0,00114583
1,25;0,000539157
1,252;4,11708e-05
1,254;0,000593735
1,256;0,00111718
1,258;0,00161022
1,26;0,00207163
1,262;0,00250028
1,264;0,0028951
1,266;0,00325511
1,268;0,00357941
1,27;0,00386718
1,272;0,00411769
1,274;0,0043303
1,276;0,00450446
1,278;0,00463972
1,28;0,00473569
1,282;0,00479212
1,284;0,00480883
1,286;0,00478572
1,288;0,00472282
1,29;0,00462024
1,292;0,00447817
1,294;0,00429692
1,296;0,00407688
1,298;0,00381854
1,3;0,00352247
1,302;0,00318935
1,304;0,00281993
1,306;0,00241507
1,308;0,00197569
1,31;0,00150283
1,312;0,000997561
1,314;0,000461079
1,316;0,000105367
1,318;0,000700448
1,32;0,00132277
1,322;0,00197086
1,324;0,0026432
1,326;0,00333819
1,328;0,0040542
1,33;0,00478953
1,332;0,00554243
1,334;0,00631112
1,336;0,00709376
1,338;0,0078885
1,34;0,00869344
1,342;0,00950665
1,344;0,0103262
1,346;0,0111501
1,348;0,0119765
1,35;0,0128032
1,352;0,0136284
1,354;0,0144501
1,356;0,0152662
1,358;0,0160748
1,36;0,016874
1,362;0,0176619
1,364;0,0184365
1,366;0,0191959
1,368;0,0199384
1,37;0,0206621
1,372;0,0213653
1,374;0,0220462
1,376;0,0227032
1,378;0,0233347
1,38;0,0239392
1,382;0,0245151
1,384;0,0250612
1,386;0,0255759
1,388;0,0260581
1,39;0,0265065
1,392;0,0269201
1,394;0,0272978
1,396;0,0276387
1,398;0,0279419
1,4;0,0282066
1,402;0,0284322
1,404;0,0286181
1,406;0,0287638
1,408;0,0288689
1,41;0,0289331
1,412;0,0289563
1,414;0,0289382
1,416;0,028879
1,418;0,0287786
1,42;0,0286374
1,422;0,0284556
1,424;0,0282336
1,426;0,0279718
1,428;0,027671
1,43;0,0273317
1,432;0,0269547
1,434;0,0265409
1,436;0,0260912
1,438;0,0256068
1,44;0,0250886
1,442;0,024538
1,444;0,0239562
1,446;0,0233445
1,448;0,0227044
1,45;0,0220375
1,452;0,0213452
1,454;0,0206293
1,456;0,0198914
1,458;0,0191332
1,46;0,0183566
1,462;0,0175634
1,464;0,0167554
1,466;0,0159347
1,468;0,0151031
1,47;0,0142627
1,472;0,0134155
1,474;0,0125634
1,476;0,0117086
1,478;0,010853
1,48;0,00999876
1,482;0,00914789
1,484;0,00830244
1,486;0,00746444
1,488;0,00663593
1,49;0,00581888
1,492;0,00501529
1,494;0,00422708
1,496;0,00345618
1,498;0,00270444
1,5;0,00197369
1,502;0,00126571
1,504;0,000582222
1,506;7,51089e-05
1,508;0,000704676
1,51;0,00130494
1,512;0,00187443
1,514;0,00241174
1,516;0,00291555
1,518;0,00338462
1,52;0,00381778
1,522;0,00421396
1,524;0,00457216
1,526;0,00489148
1,528;0,00517113
1,53;0,00541037
1,532;0,00560861
1,534;0,0057653
1,536;0,00588005
1,538;0,00595252
1,54;0,0059825
1,542;0,00596986
1,544;0,00591461
1,546;0,00581681
1,548;0,00567666
1,55;0,00549446
1,552;0,00527059
1,554;0,00500555
1,556;0,00469993
1,558;0,00435442
1,56;0,00396981
1,562;0,00354697
1,564;0,00308688
1,566;0,00259062
1,568;0,00205932
1,57;0,00149422
1,572;0,000896658
1,574;0,000268018
1,576;0,000390219
1,578;0,00107651
1,58;0,00178923
1,582;0,0025267
1,584;0,00328717
1,586;0,00406886
1,588;0,00486989
1,59;0,00568838
1,592;0,00652237
1,594;0,00736989
1,596;0,0082289
1,598;0,00909737
1,6;0,00997321
1,602;0,0108543
1,604;0,0117386
1,606;0,012624
1,608;0,0135083
1,61;0,0143894
1,612;0,0152651
1,614;0,0161335
1,616;0,0169924
1,618;0,0178396
1,62;0,0186733
1,622;0,0194913
1,624;0,0202917
1,626;0,0210725
1,628;0,0218318
1,63;0,0225679
1,632;0,0232789
1,634;0,023963
1,636;0,0246186
1,638;0,0252442
1,64;0,0258381
1,642;0,0263989
1,644;0,0269252
1,646;0,0274158
1,648;0,0278694
1,65;0,0282848
1,652;0,0286611
1,654;0,0289973
1,656;0,0292926
1,658;0,0295461
1,66;0,0297573
1,662;0,0299256
1,664;0,0300505
1,666;0,0301317
1,668;0,030169
1,67;0,0301622
1,672;0,0301113
1,674;0,0300163
1,676;0,0298775
1,678;0,0296951
1,68;0,0294695
1,682;0,0292013
1,684;0,028891
1,686;0,0285393
1,688;0,028147
1,69;0,027715
1,692;0,0272443
1,694;0,026736
1,696;0,0261913
1,698;0,0256114
1,7;0,0249978
1,702;0,0243517
1,704;0,0236749
1,706;0,0229687
1,708;0,022235
1,71;0,0214754
1,712;0,0206917
1,714;0,0198859
1,716;0,0190597
1,718;0,0182152
1,72;0,0173543
1,722;0,0164792
1,724;0,0155919
1,726;0,0146944
1,728;0,0137891
1,73;0,012878
1,732;0,0119632
1,734;0,0110471
1,736;0,0101318
1,738;0,00921945
1,74;0,00831229
1,742;0,0074125
1,744;0,00652225
1,746;0,00564367
1,748;0,0047789
1,75;0,00393003
1,752;0,00309909
1,754;0,00228812
1,756;0,00149908
1,758;0,00073388
1,76;5,61227e-06
1,762;0,000717595
1,764;0,00140033
1,766;0,00205215
1,768;0,00267146
1,77;0,00325673
1,772;0,00380652
1,774;0,00431948
1,776;0,00479434
1,778;0,00522991
1,78;0,00562511
1,782;0,00597895
1,784;0,00629053
1,786;0,00655906
1,788;0,00678385
1,79;0,00696432
1,792;0,00709998
1,794;0,00719046
1,796;0,0072355
1,798;0,00723493
1,8;0,00718872
1,802;0,00709692
1,804;0,00695971
1,806;0,00677736
1,808;0,00655026
1,81;0,00627892
1,812;0,00596394
1,814;0,00560602
1,816;0,00520598
1,818;0,00476474
1,82;0,00428331
1,822;0,0037628
1,824;0,00320442
1,826;0,00260946
1,828;0,00197933
1,83;0,00131549
1,832;0,0006195
1,834;0,000107003
1,836;0,000862308
1,838;0,00164463
1,84;0,00245213
1,842;0,00328289
1,844;0,00413494
1,846;0,00500626
1,848;0,00589478
1,85;0,00679838
1,852;0,00771491
1,854;0,00864219
1,856;0,00957801
1,858;0,0105201
1,86;0,0114663
1,862;0,0124142
1,864;0,0133616
1,866;0,0143063
1,868;0,0152459
1,87;0,0161782
1,872;0,0171009
1,874;0,0180119
1,876;0,0189089
1,878;0,0197898
1,88;0,0206524
1,882;0,0214946
1,884;0,0223145
1,886;0,0231099
1,888;0,023879
1,89;0,0246199
1,892;0,0253308
1,894;0,0260099
1,896;0,0266556
1,898;0,0272664
1,9;0,0278406
1,902;0,0283769
1,904;0,0288739
1,906;0,0293305
1,908;0,0297454
1,91;0,0301177
1,912;0,0304464
1,914;0,0307306
1,916;0,0309697
1,918;0,031163
1,92;0,03131
1,922;0,0314103
1,924;0,0314636
1,926;0,0314697
1,928;0,0314286
1,93;0,0313403
1,932;0,0312049
1,934;0,0310228
1,936;0,0307944
1,938;0,0305201
1,94;0,0302005
1,942;0,0298364
1,944;0,0294286
1,946;0,028978
1,948;0,0284856
1,95;0,0279527
1,952;0,0273804
1,954;0,02677
1,956;0,026123
1,958;0,025441
1,96;0,0247254
1,962;0,023978
1,964;0,0232005
1,966;0,0223949
1,968;0,0215629
1,97;0,0207065
1,972;0,0198278
1,974;0,0189289
1,976;0,0180119
1,978;0,0170789
1,98;0,0161323
1,982;0,0151742
1,984;0,0142069
1,986;0,0132328
1,988;0,0122542
1,99;0,0112734
1,992;0,0102929
1,994;0,00931479
1,996;0,00834162
1,998;0,00737567
2;0,00641928
2,002;0,00547474
2,004;0,00454434
2,006;0,00363033
2,008;0,00273491
2,01;0,00186026
2,012;0,00100849
2,014;0,000181681
2,016;0,000618163
2,018;0,00138909
2,02;0,00212923
2,022;0,00283675
2,024;0,00350994
2,026;0,00414714
2,028;0,00474679
2,03;0,00530739
2,032;0,00582758
2,034;0,00630604
2,036;0,0067416
2,038;0,00713316
2,04;0,00747973
2,042;0,00778044
2,044;0,00803451
2,046;0,00824128
2,048;0,00840021
2,05;0,00851087
2,052;0,00857293
2,054;0,0085862
2,056;0,00855059
2,058;0,00846614
2,06;0,008333
2,062;0,00815143
2,064;0,00792182
2,066;0,00764467
2,068;0,00732059
2,07;0,00695031
2,072;0,00653467
2,074;0,00607462
2,076;0,00557122
2,078;0,00502562
2,08;0,0044391
2,082;0,00381301
2,084;0,00314882
2,086;0,00244808
2,088;0,00171243
2,09;0,000943606
2,092;0,000143411
2,094;0,000686266
2,096;0,00154347
2,098;0,00242616
2,1;0,00333226
2,102;0,00425961
2,104;0,00520601
2,106;0,00616921
2,108;0,00714691
2,11;0,00813679
2,112;0,00913648
2,114;0,0101436
2,116;0,0111557
2,118;0,0121704
2,12;0,0131853
2,122;0,0141979
2,124;0,0152058
2,126;0,0162066
2,128;0,0171978
2,13;0,018177
2,132;0,019142
2,134;0,0200904
2,136;0,0210198
2,138;0,0219281
2,14;0,022813
2,142;0,0236723
2,144;0,0245041
2,146;0,0253062
2,148;0,0260767
2,15;0,0268137
2,152;0,0275155
2,154;0,0281802
2,156;0,0288064
2,158;0,0293923
2,16;0,0299366
2,162;0,0304379
2,164;0,030895
2,166;0,0313067
2,168;0,031672
2,17;0,0319899
2,172;0,0322597
2,174;0,0324807
2,176;0,0326522
2,178;0,0327738
2,18;0,0328452
2,182;0,0328661
2,184;0,0328364
2,186;0,0327562
2,188;0,0326256
2,19;0,0324448
2,192;0,0322142
2,194;0,0319344
2,196;0,0316059
2,198;0,0312295
2,2;0,030806
2,202;0,0303364
2,204;0,0298218
2,206;0,0292633
2,208;0,0286623
2,21;0,0280202
2,212;0,0273384
2,214;0,0266186
2,216;0,0258623
2,218;0,0250715
2,22;0,024248
2,222;0,0233937
2,224;0,0225106
2,226;0,0216008
2,228;0,0206665
2,23;0,0197099
2,232;0,0187332
2,234;0,0177388
2,236;0,0167291
2,238;0,0157064
2,24;0,0146733
2,242;0,0136321
2,244;0,0125853
2,246;0,0115355
2,248;0,0104852
2,25;0,00943691
2,252;0,00839312
2,254;0,00735635
2,256;0,00632912
2,258;0,00531388
2,26;0,00431308
2,262;0,00332916
2,264;0,00236447
2,266;0,00142137
2,268;0,000502139
2,27;0,000390997
2,272;0,00125586
2,274;0,00209035
2,276;0,00289243
2,278;0,00366014
2,28;0,0043916
2,282;0,00508501
2,284;0,00573868
2,286;0,00635099
2,288;0,00692042
2,29;0,00744557
2,292;0,00792512
2,294;0,00835788
2,296;0,00874276
2,298;0,00907878
2,3;0,00936509
2,302;0,00960094
2,304;0,00978572
2,306;0,00991892
2,308;0,0100002
2,31;0,0100292
2,312;0,010006
2,314;0,00993039
2,316;0,0098026
2,318;0,00962287
2,32;0,00939157
2,322;0,00910919
2,324;0,00877637
2,326;0,00839385
2,328;0,00796248
2,33;0,00748327
2,332;0,0069573
2,334;0,00638578
2,336;0,00577005
2,338;0,00511152
2,34;0,00441175
2,342;0,00367235
2,344;0,00289507
2,346;0,00208172
2,348;0,00123423
2,35;0,000354588
2,352;0,000555129
2,354;0,00149277
2,356;0,00245611
2,358;0,00344287
2,36;0,0044507
2,362;0,00547721
2,364;0,00651995
2,366;0,00757644
2,368;0,00864416
2,37;0,00972056
2,372;0,0108031
2,374;0,0118891
2,376;0,012976
2,378;0,0140612
2,38;0,0151421
2,382;0,0162161
2,384;0,0172807
2,386;0,0183331
2,388;0,019371
2,39;0,0203918
2,392;0,021393
2,394;0,0223722
2,396;0,0233271
2,398;0,0242553
2,4;0,0251545
2,402;0,0260226
2,404;0,0268575
2,406;0,027657
2,408;0,0284194
2,41;0,0291426
2,412;0,029825
2,414;0,0304647
2,416;0,0310604
2,418;0,0316104
2,42;0,0321134
2,422;0,0325681
2,424;0,0329735
2,426;0,0333284
2,428;0,0336321
2,43;0,0338836
2,432;0,0340823
2,434;0,0342278
2,436;0,0343195
2,438;0,0343572
2,44;0,0343409
2,442;0,0342703
2,444;0,0341457
2,446;0,0339674
2,448;0,0337356
2,45;0,0334508
2,452;0,0331138
2,454;0,0327252
2,456;0,032286
2,458;0,0317971
2,46;0,0312596
2,462;0,0306748
2,464;0,0300441
2,466;0,0293688
2,468;0,0286507
2,47;0,0278913
2,472;0,0270924
2,474;0,026256
2,476;0,0253839
2,478;0,0244782
2,48;0,0235412
2,482;0,0225749
2,484;0,0215817
2,486;0,0205639
2,488;0,0195239
2,49;0,0184643
2,492;0,0173875
2,494;0,0162961
2,496;0,0151928
2,498;0,0140801
2,5;0,0129606
2,502;0,0118372
2,504;0,0107125
2,506;0,00958907
2,508;0,00846976
2,51;0,00735721
2,512;0,00625411
2,514;0,0051631
2,516;0,00408682
2,518;0,00302787
2,52;0,0019888
2,522;0,000972141
2,524;1,9653e-05
2,526;0,000984174
2,528;0,00191908
2,53;0,00282209
2,532;0,003691
2,534;0,0045237
2,536;0,00531815
2,538;0,0060724
2,54;0,00678459
2,542;0,00745298
2,544;0,00807591
2,546;0,00865183
2,548;0,00917932
2,55;0,00965706
2,552;0,0100839
2,554;0,0104586
2,556;0,0107804
2,558;0,0110483
2,56;0,0112618
2,562;0,0114201
2,564;0,011523
2,566;0,01157
2,568;0,011561
2,57;0,0114959
2,572;0,011375
2,574;0,0111983
2,576;0,0109662
2,578;0,0106793
2,58;0,0103382
2,582;0,00994365
2,584;0,00949651
2,586;0,00899781
2,588;0,0084487
2,59;0,00785045
2,592;0,00720443
2,594;0,00651215
2,596;0,00577521
2,598;0,00499535
2,6;0,00417438
2,602;0,00331423
2,604;0,00241693
2,606;0,00148458
2,608;0,000519394
2,61;0,000476354
2,612;0,00150031
2,614;0,00255003
2,616;0,00362304
2,618;0,00471679
2,62;0,00582866
2,622;0,00695602
2,624;0,00809617
2,626;0,00924639
2,628;0,0104039
2,63;0,011566
2,632;0,0127299
2,634;0,0138927
2,636;0,0150517
2,638;0,0162041
2,64;0,0173471
2,642;0,018478
2,644;0,0195941
2,646;0,0206926
2,648;0,0217709
2,65;0,0228263
2,652;0,0238564
2,654;0,0248587
2,656;0,0258306
2,658;0,0267698
2,66;0,0276741
2,662;0,0285412
2,664;0,029369
2,666;0,0301555
2,668;0,0308988
2,67;0,031597
2,672;0,0322484
2,674;0,0328513
2,676;0,0334043
2,678;0,0339061
2,68;0,0343553
2,682;0,0347508
2,684;0,0350916
2,686;0,0353768
2,688;0,0356057
2,69;0,0357777
2,692;0,0358923
2,694;0,0359492
2,696;0,0359481
2,698;0,035889
2,7;0,035772
2,702;0,0355974
2,704;0,0353654
2,706;0,0350765
2,708;0,0347314
2,71;0,034331
2,712;0,0338759
2,714;0,0333674
2,716;0,0328065
2,718;0,0321946
2,72;0,031533
2,722;0,0308233
2,724;0,0300672
2,726;0,0292664
2,728;0,0284228
2,73;0,0275384
2,732;0,0266152
2,734;0,0256555
2,736;0,0246614
2,738;0,0236353
2,74;0,0225798
2,742;0,0214972
2,744;0,0203901
2,746;0,0192612
2,748;0,0181131
2,75;0,0169487
2,752;0,0157706
2,754;0,0145816
2,756;0,0133847
2,758;0,0121827
2,76;0,0109785
2,762;0,00977488
2,764;0,00857483
2,766;0,00738119
2,768;0,00619685
2,77;0,00502466
2,772;0,00386745
2,774;0,002728
2,776;0,00160908
2,778;0,00051338
2,78;0,000556433
2,782;0,00159777
2,784;0,00260809
2,786;0,00358495
2,788;0,00452597
2,79;0,00542884
2,792;0,00629136
2,794;0,00711142
2,796;0,007887
2,798;0,00861619
2,8;0,0092972
2,802;0,00992834
2,804;0,010508
2,806;0,0110348
2,808;0,0115075
2,81;0,0119247
2,812;0,0122854
2,814;0,0125888
2,816;0,012834
2,818;0,0130203
2,82;0,0131474
2,822;0,0132147
2,824;0,0132221
2,826;0,0131695
2,828;0,013057
2,83;0,0128847
2,832;0,012653
2,834;0,0123624
2,836;0,0120135
2,838;0,0116072
2,84;0,0111443
2,842;0,0106259
2,844;0,0100531
2,846;0,00942729
2,848;0,00874992
2,85;0,00802254
2,852;0,00724684
2,854;0,00642464
2,856;0,00555786
2,858;0,00464853
2,86;0,00369879
2,862;0,00271088
2,864;0,00168712
2,866;0,000629942
2,868;0,000458165
2,87;0,00157462
2,872;0,00271676
2,874;0,00388189
2,876;0,00506724
2,878;0,00626996
2,88;0,00748721
2,882;0,00871607
2,884;0,00995361
2,886;0,0111969
2,888;0,0124429
2,89;0,0136886
2,892;0,0149311
2,894;0,0161674
2,896;0,0173944
2,898;0,0186094
2,9;0,0198092
2,902;0,0209911
2,904;0,0221521
2,906;0,0232895
2,908;0,0244005
2,91;0,0254824
2,912;0,0265326
2,914;0,0275485
2,916;0,0285276
2,918;0,0294676
2,92;0,0303662
2,922;0,0312212
2,924;0,0320304
2,926;0,0327919
2,928;0,0335038
2,93;0,0341643
2,932;0,0347718
2,934;0,0353248
2,936;0,0358219
2,938;0,0362618
2,94;0,0366435
2,942;0,0369659
2,944;0,0372282
2,946;0,0374297
2,948;0,0375699
2,95;0,0376484
2,952;0,0376648
2,954;0,0376192
2,956;0,0375116
2,958;0,037342
2,96;0,037111
2,962;0,0368189
2,964;0,0364664
2,966;0,0360544
2,968;0,0355836
2,97;0,0350552
2,972;0,0344704
2,974;0,0338306
2,976;0,0331371
2,978;0,0323917
2,98;0,031596
2,982;0,0307519
2,984;0,0298614
2,986;0,0289265
2,988;0,0279496
2,99;0,0269328
2,992;0,0258785
2,994;0,0247893
2,996;0,0236677
2,998;0,0225165
3;0,0213382
3,002;0,0201357
3,004;0,018912
3,006;0,0176698
3,008;0,0164121
3,01;0,0151421
3,012;0,0138626
3,014;0,0125767
3,016;0,0112876
3,018;0,00999831
3,02;0,00871192
3,022;0,00743154
3,024;0,00616025
3,026;0,0049011
3,028;0,00365712
3,03;0,00243133
3,032;0,00122668
3,034;4,60784e-05
3,036;0,0011076
3,038;0,00223157
3,04;0,0033231
3,042;0,00437954
3,044;0,0053983
3,046;0,00637692
3,048;0,00731298
3,05;0,00820421
3,052;0,00904842
3,054;0,00984353
3,056;0,0105876
3,058;0,0112787
3,06;0,0119152
3,062;0,0124956
3,064;0,0130182
3,066;0,013482
3,068;0,0138855
3,07;0,0142279
3,072;0,0145082
3,074;0,0147257
3,076;0,0148798
3,078;0,0149701
3,08;0,0149963
3,082;0,0149582
3,084;0,0148559
3,086;0,0146895
3,088;0,0144594
3,09;0,0141661
3,092;0,0138102
3,094;0,0133925
3,096;0,0129139
3,098;0,0123756
3,1;0,0117786
3,102;0,0111245
3,104;0,0104147
3,106;0,0096509
3,108;0,0088348
3,11;0,00796834
3,112;0,00705356
3,114;0,00609258
3,116;0,00508767
3,118;0,0040412
3,12;0,00295563
3,122;0,00183352
3,124;0,000677524
3,126;0,00050961
3,128;0,00172507
3,13;0,00296597
3,132;0,00422937
3,134;0,00551224
3,136;0,00681154
3,138;0,00812416
3,14;0,00944696
3,142;0,0107768
3,144;0,0121105
3,146;0,0134448
3,148;0,0147765
3,15;0,0161025
3,152;0,0174195
3,154;0,0187245
3,156;0,0200141
3,158;0,0212854
3,16;0,0225353
3,162;0,0237606
3,164;0,0249586
3,166;0,0261262
3,168;0,0272606
3,17;0,0283591
3,172;0,029419
3,174;0,0304377
3,176;0,0314127
3,178;0,0323417
3,18;0,0332223
3,182;0,0340524
3,184;0,03483
3,186;0,035553
3,188;0,0362198
3,19;0,0368287
3,192;0,0373781
3,194;0,0378667
3,196;0,0382932
3,198;0,0386565
3,2;0,0389557
3,202;0,0391901
3,204;0,0393589
3,206;0,0394617
3,208;0,0394982
3,21;0,0394682
3,212;0,0393718
3,214;0,039209
3,216;0,0389803
3,218;0,038686
3,22;0,0383269
3,222;0,0379037
3,224;0,0374174
3,226;0,036869
3,228;0,0362598
3,23;0,0355912
3,232;0,0348648
3,234;0,0340823
3,236;0,0332453
3,238;0,032356
3,24;0,0314164
3,242;0,0304286
3,244;0,0293951
3,246;0,0283182
3,248;0,0272004
3,25;0,0260445
3,252;0,0248531
3,254;0,0236291
3,256;0,0223753
3,258;0,0210948
3,26;0,0197906
3,262;0,0184657
3,264;0,0171235
3,266;0,015767
3,268;0,0143994
3,27;0,0130242
3,272;0,0116445
3,274;0,0102637
3,276;0,00888503
3,278;0,00751187
3,28;0,0061475
3,282;0,00479521
3,284;0,00345825
3,286;0,00213985
3,288;0,000843195
3,29;0,000428585
3,292;0,00167241
3,294;0,00288526
3,296;0,0040642
3,298;0,00520636
3,3;0,00630895
3,302;0,0073693
3,304;0,0083848
3,306;0,00935298
3,308;0,0102715
3,31;0,011138
3,312;0,0119504
3,314;0,0127068
3,316;0,0134051
3,318;0,0140438
3,32;0,0146211
3,322;0,0151357
3,324;0,0155862
3,326;0,0159715
3,328;0,0162907
3,33;0,0165427
3,332;0,0167271
3,334;0,0168432
3,336;0,0168907
3,338;0,0168695
3,34;0,0167794
3,342;0,0166208
3,344;0,0163937
3,346;0,0160988
3,348;0,0157367
3,35;0,0153081
3,352;0,0148141
3,354;0,0142556
3,356;0,0136341
3,358;0,0129509
3,36;0,0122077
3,362;0,011406
3,364;0,0105479
3,366;0,00963517
3,368;0,00867011
3,37;0,00765492
3,372;0,006592
3,374;0,00548383
3,376;0,00433304
3,378;0,00314234
3,38;0,00191454
3,382;0,000652556
3,384;0,000640627
3,386;0,00196194
3,388;0,00330823
3,39;0,00467631
3,392;0,0060629
3,394;0,00746471
3,396;0,00887838
3,398;0,0103005
3,4;0,0117278
3,402;0,0131567
3,404;0,0145838
3,406;0,0160057
3,408;0,0174191
3,41;0,0188204
3,412;0,0202063
3,414;0,0215735
3,416;0,0229186
3,418;0,0242385
3,42;0,0255299
3,422;0,0267896
3,424;0,0280147
3,426;0,0292022
3,428;0,0303491
3,43;0,0314527
3,432;0,0325103
3,434;0,0335193
3,436;0,0344772
3,438;0,0353816
3,44;0,0362304
3,442;0,0370214
3,444;0,0377526
3,446;0,0384224
3,448;0,0390289
3,45;0,0395707
3,452;0,0400464
3,454;0,0404547
3,456;0,0407947
3,458;0,0410655
3,46;0,0412662
3,462;0,0413964
3,464;0,0414557
3,466;0,0414438
3,468;0,0413608
3,47;0,0412066
3,472;0,0409817
3,474;0,0406865
3,476;0,0403216
3,478;0,0398878
3,48;0,0393861
3,482;0,0388177
3,484;0,0381837
3,486;0,0374857
3,488;0,0367253
3,49;0,0359043
3,492;0,0350244
3,494;0,0340879
3,496;0,0330968
3,498;0,0320535
3,5;0,0309605
3,502;0,0298203
3,504;0,0286355
3,506;0,0274091
3,508;0,0261439
3,51;0,0248428
3,512;0,0235091
3,514;0,0221457
3,516;0,0207561
3,518;0,0193434
3,52;0,0179111
3,522;0,0164626
3,524;0,0150012
3,526;0,0135307
3,528;0,0120543
3,53;0,0105757
3,532;0,0090985
3,534;0,00762613
3,536;0,00616217
3,538;0,00471014
3,54;0,00327355
3,542;0,00185585
3,544;0,000460468
3,546;0,000909222
3,548;0,00224991
3,55;0,00355834
3,552;0,00483134
3,554;0,00606582
3,556;0,00725878
3,558;0,0084073
3,56;0,00950859
3,562;0,0105599
3,564;0,0115588
3,566;0,0125027
3,568;0,0133893
3,57;0,0142164
3,572;0,014982
3,574;0,0156842
3,576;0,0163212
3,578;0,0168915
3,58;0,0173935
3,582;0,017826
3,584;0,0181879
3,586;0,0184783
3,588;0,0186963
3,59;0,0188415
3,592;0,0189132
3,594;0,0189114
3,596;0,0188359
3,598;0,0186869
3,6;0,0184645
3,602;0,0181693
3,604;0,0178019
3,606;0,0173631
3,608;0,0168539
3,61;0,0162754
3,612;0,0156289
3,614;0,014916
3,616;0,0141382
3,618;0,0132973
3,62;0,0123954
3,622;0,0114345
3,624;0,0104168
3,626;0,00934474
3,628;0,00822083
3,63;0,00704772
3,632;0,00582815
3,634;0,00456501
3,636;0,00326128
3,638;0,00192005
3,64;0,0005445
3,642;0,000862111
3,644;0,00229644
3,646;0,00375507
3,648;0,00523452
3,65;0,00673128
3,652;0,00824176
3,654;0,00976236
3,656;0,0112894
3,658;0,0128193
3,66;0,0143484
3,662;0,0158729
3,664;0,0173892
3,666;0,0188937
3,668;0,0203828
3,67;0,0218528
3,672;0,0233002
3,674;0,0247215
3,676;0,0261133
3,678;0,0274722
3,68;0,0287949
3,682;0,0300781
3,684;0,0313189
3,686;0,032514
3,688;0,0336607
3,69;0,0347562
3,692;0,0357976
3,694;0,0367826
3,696;0,0377086
3,698;0,0385733
3,7;0,0393747
3,702;0,0401108
3,704;0,0407796
3,706;0,0413796
3,708;0,0419092
3,71;0,042367
3,712;0,042752
3,714;0,043063
3,716;0,0432993
3,718;0,0434602
3,72;0,0435453
3,722;0,0435542
3,724;0,0434869
3,726;0,0433435
3,728;0,0431241
3,73;0,0428293
3,732;0,0424597
3,734;0,0420161
3,736;0,0414994
3,738;0,0409109
3,74;0,0402518
3,742;0,0395238
3,744;0,0387283
3,746;0,0378674
3,748;0,0369429
3,75;0,0359571
3,752;0,0349122
3,754;0,0338107
3,756;0,0326552
3,758;0,0314483
3,76;0,030193
3,762;0,0288921
3,764;0,0275488
3,766;0,0261663
3,768;0,0247477
3,77;0,0232965
3,772;0,0218162
3,774;0,0203101
3,776;0,0187821
3,778;0,0172356
3,78;0,0156743
3,782;0,0141021
3,784;0,0125226
3,786;0,0109397
3,788;0,00935714
3,79;0,00777869
3,792;0,00620818
3,794;0,00464938
3,796;0,00310604
3,798;0,00158189
3,8;8,05936e-05
3,802;0,00139421
3,804;0,00283896
3,806;0,00425015
3,808;0,00562436
3,81;0,00695825
3,812;0,00824858
3,814;0,00949221
3,816;0,0106861
3,818;0,0118273
3,82;0,0129131
3,822;0,0139408
3,824;0,0149078
3,826;0,0158118
3,828;0,0166505
3,83;0,0174219
3,832;0,0181239
3,834;0,018755
3,836;0,0193134
3,838;0,0197978
3,84;0,0202069
3,842;0,0205397
3,844;0,0207952
3,846;0,0209729
3,848;0,0210721
3,85;0,0210925
3,852;0,0210341
3,854;0,0208968
3,856;0,0206809
3,858;0,0203869
3,86;0,0200154
3,862;0,0195672
3,864;0,0190432
3,866;0,0184447
3,868;0,017773
3,87;0,0170296
3,872;0,0162163
3,874;0,0153349
3,876;0,0143875
3,878;0,0133763
3,88;0,0123036
3,882;0,0111719
3,884;0,00998393
3,886;0,00874245
3,888;0,00745039
3,89;0,00611078
3,892;0,00472679
3,894;0,0033017
3,896;0,00183887
3,898;0,000341795
3,9;0,00118599
3,902;0,00274083
3,904;0,00431905
3,906;0,00591686
3,908;0,00753047
3,91;0,009156
3,912;0,0107896
3,914;0,0124273
3,916;0,0140652
3,918;0,0156994
3,92;0,0173259
3,922;0,0189409
3,924;0,0205404
3,926;0,0221207
3,928;0,0236778
3,93;0,025208
3,932;0,0267076
3,934;0,028173
3,936;0,0296007
3,938;0,0309871
3,94;0,0323289
3,942;0,0336229
3,944;0,0348658
3,946;0,0360546
3,948;0,0371865
3,95;0,0382586
3,952;0,0392683
3,954;0,0402131
3,956;0,0410907
3,958;0,041899
3,96;0,0426358
3,962;0,0432993
3,964;0,0438879
3,966;0,0444001
3,968;0,0448346
3,97;0,0451902
3,972;0,045466
3,974;0,0456613
3,976;0,0457755
3,978;0,0458082
3,98;0,0457594
3,982;0,0456289
3,984;0,045417
3,986;0,0451243
3,988;0,0447512
3,99;0,0442985
3,992;0,0437674
3,994;0,0431589
3,996;0,0424745
3,998;0,0417157
4;0,0408843
4,002;0,0399821
4,004;0,0390113
4,006;0,0379741
4,008;0,036873
4,01;0,0357105
4,012;0,0344893
4,014;0,0332123
4,016;0,0318826
4,018;0,0305031
4,02;0,0290773
4,022;0,0276085
4,024;0,0261001
4,026;0,0245558
4,028;0,0229791
4,03;0,021374
4,032;0,019744
4,034;0,0180933
4,036;0,0164256
4,038;0,0147451
4,04;0,0130556
4,042;0,0113613
4,044;0,0096662
4,046;0,00797437
4,048;0,00628988
4,05;0,00461679
4,052;0,00295911
4,054;0,00132085
4,056;0,00029404
4,058;0,00188167
4,06;0,00343819
4,062;0,00495983
4,064;0,00644291
4,066;0,00788382
4,068;0,00927907
4,07;0,0106252
4,072;0,0119191
4,074;0,0131574
4,076;0,0143372
4,078;0,0154555
4,08;0,0165097
4,082;0,0174971
4,084;0,0184152
4,086;0,0192619
4,088;0,0200349
4,09;0,0207324
4,092;0,0213526
4,094;0,0218939
4,096;0,022355
4,098;0,0227347
4,1;0,0230318
4,102;0,0232458
4,104;0,0233759
4,106;0,0234218
4,108;0,0233832
4,11;0,0232601
4,112;0,0230528
4,114;0,0227617
4,116;0,0223874
4,118;0,0219307
4,12;0,0213925
4,122;0,0207742
4,124;0,020077
4,126;0,0193026
4,128;0,0184528
4,13;0,0175296
4,132;0,0165349
4,134;0,0154713
4,136;0,0143411
4,138;0,013147
4,14;0,0118918
4,142;0,0105784
4,144;0,00920992
4,146;0,00778962
4,148;0,00632082
4,15;0,004807
4,152;0,00325175
4,154;0,00165875
4,156;3,17826e-05
4,158;0,00162528
4,16;0,00330849
4,162;0,00501384
4,164;0,00673727
4,166;0,00847464
4,168;0,0102218
4,17;0,0119746
4,172;0,0137288
4,174;0,0154802
4,176;0,0172246
4,178;0,0189578
4,18;0,0206757
4,182;0,022374
4,184;0,0240488
4,186;0,0256959
4,188;0,0273113
4,19;0,0288913
4,192;0,0304318
4,194;0,0319293
4,196;0,03338
4,198;0,0347804
4,2;0,0361271
4,202;0,0374169
4,204;0,0386465
4,206;0,0398129
4,208;0,0409133
4,21;0,041945
4,212;0,0429054
4,214;0,0437922
4,216;0,044603
4,218;0,045336
4,22;0,0459893
4,222;0,0465611
4,224;0,0470501
4,226;0,0474549
4,228;0,0477746
4,23;0,0480083
4,232;0,0481553
4,234;0,0482151
4,236;0,0481876
4,238;0,0480727
4,24;0,0478706
4,242;0,0475816
4,244;0,0472064
4,246;0,0467458
4,248;0,0462009
4,25;0,0455727
4,252;0,0448628
4,254;0,0440727
4,256;0,0432043
4,258;0,0422596
4,26;0,0412407
4,262;0,0401501
4,264;0,0389902
4,266;0,0377637
4,268;0,0364737
4,27;0,0351229
4,272;0,0337148
4,274;0,0322525
4,276;0,0307395
4,278;0,0291794
4,28;0,0275759
4,282;0,0259328
4,284;0,024254
4,286;0,0225435
4,288;0,0208053
4,29;0,0190437
4,292;0,0172627
4,294;0,0154667
4,296;0,0136599
4,298;0,0118467
4,3;0,0100314
4,302;0,00821845
4,304;0,00641207
4,306;0,00461666
4,308;0,00283654
4,31;0,001076
4,312;0,00066072
4,314;0,00236942
4,316;0,00404597
4,318;0,00568632
4,32;0,00728648
4,322;0,00884258
4,324;0,0103508
4,326;0,0118076
4,328;0,0132092
4,33;0,0145524
4,332;0,0158338
4,334;0,0170503
4,336;0,0181989
4,338;0,0192767
4,34;0,0202811
4,342;0,0212097
4,344;0,02206
4,346;0,0228301
4,348;0,0235178
4,35;0,0241216
4,352;0,0246399
4,354;0,0250713
4,356;0,0254146
4,358;0,0256691
4,36;0,025834
4,362;0,0259087
4,364;0,0258931
4,366;0,025787
4,368;0,0255906
4,37;0,0253043
4,372;0,0249287
4,374;0,0244646
4,376;0,023913
4,378;0,0232751
4,38;0,0225525
4,382;0,0217466
4,384;0,0208594
4,386;0,0198928
4,388;0,0188493
4,39;0,0177311
4,392;0,0165408
4,394;0,0152814
4,396;0,0139556
4,398;0,0125666
4,4;0,0111177
4,402;0,00961227
4,404;0,00805389
4,406;0,00644624
4,408;0,00479311
4,41;0,00309844
4,412;0,00136623
4,414;0,00039938
4,416;0,0021942
4,418;0,00401396
4,42;0,00585431
4,422;0,00771085
4,424;0,00957915
4,426;0,0114547
4,428;0,0133331
4,43;0,0152098
4,432;0,0170803
4,434;0,01894
4,436;0,0207845
4,438;0,0226095
4,44;0,0244104
4,442;0,0261829
4,444;0,0279227
4,446;0,0296257
4,448;0,0312877
4,45;0,0329046
4,452;0,0344726
4,454;0,0359878
4,456;0,0374465
4,458;0,0388452
4,46;0,0401804
4,462;0,041449
4,464;0,0426476
4,466;0,0437735
4,468;0,0448239
4,47;0,045796
4,472;0,0466876
4,474;0,0474963
4,476;0,0482202
4,478;0,0488574
4,48;0,0494063
4,482;0,0498656
4,484;0,0502339
4,486;0,0505103
4,488;0,0506941
4,49;0,0507847
4,492;0,0507818
4,494;0,0506853
4,496;0,0504954
4,498;0,0502123
4,5;0,0498367
4,502;0,0493694
4,504;0,0488114
4,506;0,0481639
4,508;0,0474285
4,51;0,0466067
4,512;0,0457004
4,514;0,0447118
4,516;0,0436431
4,518;0,0424968
4,52;0,0412756
4,522;0,0399823
4,524;0,0386199
4,526;0,0371917
4,528;0,035701
4,53;0,0341513
4,532;0,0325463
4,534;0,0308897
4,536;0,0291855
4,538;0,0274378
4,54;0,0256506
4,542;0,0238282
4,544;0,021975
4,546;0,0200953
4,548;0,0181937
4,55;0,0162747
4,552;0,0143428
4,554;0,0124028
4,556;0,0104592
4,558;0,00851673
4,56;0,00658002
4,562;0,00465374
4,564;0,00274251
4,566;0,000850954
4,568;0,00101638
4,57;0,00285498
4,572;0,00466041
4,574;0,0064283
4,576;0,00815435
4,578;0,0098344
4,58;0,0114643
4,582;0,0130402
4,584;0,0145582
4,586;0,0160146
4,588;0,0174058
4,59;0,0187285
4,592;0,0199793
4,594;0,0211552
4,596;0,0222533
4,598;0,0232709
4,6;0,0242055
4,602;0,0250547
4,604;0,0258163
4,606;0,0264886
4,608;0,0270696
4,61;0,0275581
4,612;0,0279527
4,614;0,0282523
4,616;0,0284561
4,618;0,0285636
4,62;0,0285743
4,622;0,0284882
4,624;0,0283054
4,626;0,0280261
4,628;0,027651
4,63;0,0271809
4,632;0,0266167
4,634;0,0259597
4,636;0,0252115
4,638;0,0243737
4,64;0,0234482
4,642;0,0224372
4,644;0,0213429
4,646;0,020168
4,648;0,0189151
4,65;0,0175873
4,652;0,0161875
4,654;0,014719
4,656;0,0131854
4,658;0,0115903
4,66;0,00993732
4,662;0,00823046
4,664;0,00647374
4,666;0,00467133
4,668;0,0028275
4,67;0,000946631
4,672;0,0009668
4,674;0,00290824
4,676;0,00487305
4,678;0,00685654
4,68;0,00885398
4,682;0,0108606
4,684;0,0128716
4,686;0,0148821
4,688;0,0168873
4,69;0,0188824
4,692;0,0208626
4,694;0,0228231
4,696;0,0247592
4,698;0,0266663
4,7;0,0285397
4,702;0,0303748
4,704;0,0321673
4,706;0,0339128
4,708;0,0356071
4,71;0,037246
4,712;0,0388255
4,714;0,0403418
4,716;0,0417912
4,718;0,0431702
4,72;0,0444752
4,722;0,0457033
4,724;0,0468512
4,726;0,0479162
4,728;0,0488956
4,73;0,049787
4,732;0,0505881
4,734;0,051297
4,736;0,0519118
4,738;0,0524309
4,74;0,052853
4,742;0,0531771
4,744;0,0534021
4,746;0,0535275
4,748;0,0535529
4,75;0,053478
4,752;0,053303
4,754;0,0530281
4,756;0,052654
4,758;0,0521814
4,76;0,0516114
4,762;0,0509451
4,764;0,0501842
4,766;0,0493303
4,768;0,0483853
4,77;0,0473516
4,772;0,0462313
4,774;0,0450272
4,776;0,043742
4,778;0,0423788
4,78;0,0409407
4,782;0,0394311
4,784;0,0378535
4,786;0,0362116
4,788;0,0345094
4,79;0,0327509
4,792;0,0309401
4,794;0,0290815
4,796;0,0271793
4,798;0,0252382
4,8;0,0232627
4,802;0,0212575
4,804;0,0192275
4,806;0,0171775
4,808;0,0151123
4,81;0,013037
4,812;0,0109564
4,814;0,0088756
4,816;0,00679956
4,818;0,00473327
4,82;0,0026817
4,822;0,00064979
4,824;0,00135756
4,826;0,00333551
4,828;0,00527928
4,83;0,00718417
4,832;0,00904557
4,834;0,010859
4,836;0,0126199
4,838;0,0143242
4,84;0,0159677
4,842;0,0175462
4,844;0,0190561
4,846;0,0204936
4,848;0,0218551
4,85;0,0231373
4,852;0,0243371
4,854;0,0254515
4,856;0,0264777
4,858;0,0274132
4,86;0,0282556
4,862;0,0290028
4,864;0,0296529
4,866;0,0302042
4,868;0,0306554
4,87;0,0310052
4,872;0,0312526
4,874;0,031397
4,876;0,031438
4,878;0,0313752
4,88;0,0312088
4,882;0,0309391
4,884;0,0305665
4,886;0,0300919
4,888;0,0295162
4,89;0,0288408
4,892;0,0280672
4,894;0,0271972
4,896;0,0262326
4,898;0,0251758
4,9;0,0240291
4,902;0,0227953
4,904;0,0214771
4,906;0,0200778
4,908;0,0186004
4,91;0,0170486
4,912;0,0154259
4,914;0,0137361
4,916;0,0119833
4,918;0,0101716
4,92;0,00830528
4,922;0,00638874
4,924;0,00442653
4,926;0,00242332
4,928;0,00038388
4,93;0,00168695
4,932;0,00378421
4,934;0,00590292
4,936;0,00803801
4,938;0,0101844
4,94;0,0123369
4,942;0,0144903
4,944;0,0166396
4,946;0,0187795
4,948;0,0209049
4,95;0,0230107
4,952;0,0250918
4,954;0,0271431
4,956;0,0291598
4,958;0,031137
4,96;0,0330698
4,962;0,0349536
4,964;0,0367838
4,966;0,0385559
4,968;0,0402657
4,97;0,041909
4,972;0,0434817
4,974;0,04498
4,976;0,0464003
4,978;0,047739
4,98;0,0489928
4,982;0,0501587
4,984;0,0512337
4,986;0,0522152
4,988;0,0531007
4,99;0,053888
4,992;0,0545751
4,994;0,0551602
4,996;0,0556419
4,998;0,0560188
5;0,0562899
5,002;0,0564545
5,004;0,0565121
5,006;0,0564624
5,008;0,0563055
5,01;0,0560415
5,012;0,055671
5,014;0,0551948
5,016;0,0546139
5,018;0,0539296
5,02;0,0531434
5,022;0,0522571
5,024;0,0512728
5,026;0,0501926
5,028;0,0490191
5,03;0,0477549
5,032;0,0464031
5,034;0,0449668
5,036;0,0434493
5,038;0,0418542
5,04;0,0401853
5,042;0,0384463
5,044;0,0366416
5,046;0,0347753
5,048;0,0328517
5,05;0,0308756
5,052;0,0288516
5,054;0,0267844
5,056;0,0246791
5,058;0,0225405
5,06;0,0203739
5,062;0,0181843
5,064;0,015977
5,066;0,0137574
5,068;0,0115306
5,07;0,00930205
5,072;0,00707709
5,074;0,00486105
5,076;0,00265927
5,078;0,00047704
5,08;0,00168038
5,082;0,00380778
5,084;0,00590002
5,086;0,00795206
5,088;0,00995891
5,09;0,0119157
5,092;0,0138177
5,094;0,0156603
5,096;0,017439
5,098;0,0191495
5,1;0,0207875
5,102;0,0223491
5,104;0,0238305
5,106;0,0252279
5,108;0,026538
5,11;0,0277576
5,112;0,0288835
5,114;0,029913
5,116;0,0308436
5,118;0,0316728
5,12;0,0323986
5,122;0,0330192
5,124;0,0335329
5,126;0,0339383
5,128;0,0342345
5,13;0,0344205
5,132;0,0344959
5,134;0,0344602
5,136;0,0343135
5,138;0,0340561
5,14;0,0336883
5,142;0,033211
5,144;0,0326252
5,146;0,0319322
5,148;0,0311335
5,15;0,030231
5,152;0,0292267
5,154;0,0281229
5,156;0,0269221
5,158;0,0256271
5,16;0,024241
5,162;0,0227669
5,164;0,0212084
5,166;0,0195689
5,168;0,0178525
5,17;0,0160632
5,172;0,014205
5,174;0,0122826
5,176;0,0103003
5,178;0,00826287
5,18;0,00617517
5,182;0,00404214
5,184;0,00186885
5,186;0,000339531
5,188;0,00257773
5,19;0,00484042
5,192;0,00712219
5,194;0,00941758
5,196;0,0117211
5,198;0,0140272
5,2;0,0163305
5,202;0,0186252
5,204;0,020906
5,206;0,0231673
5,208;0,0254038
5,21;0,0276099
5,212;0,0297804
5,214;0,03191
5,216;0,0339937
5,218;0,0360262
5,22;0,0380027
5,222;0,0399184
5,224;0,0417686
5,226;0,0435489
5,228;0,0452548
5,23;0,0468822
5,232;0,0484271
5,234;0,0498857
5,236;0,0512544
5,238;0,0525298
5,24;0,0537089
5,242;0,0547885
5,244;0,0557661
5,246;0,0566392
5,248;0,0574056
5,25;0,0580633
5,252;0,0586107
5,254;0,0590462
5,256;0,0593688
5,258;0,0595775
5,26;0,0596718
5,262;0,0596512
5,264;0,0595157
5,266;0,0592655
5,268;0,0589011
5,27;0,0584233
5,272;0,057833
5,274;0,0571315
5,276;0,0563205
5,278;0,0554017
5,28;0,0543773
5,282;0,0532495
5,284;0,052021
5,286;0,0506947
5,288;0,0492736
5,29;0,0477609
5,292;0,0461603
5,294;0,0444755
5,296;0,0427105
5,298;0,0408693
5,3;0,0389564
5,302;0,0369762
5,304;0,0349335
5,306;0,032833
5,308;0,0306798
5,31;0,0284789
5,312;0,0262356
5,314;0,0239552
5,316;0,0216432
5,318;0,0193051
5,32;0,0169464
5,322;0,0145729
5,324;0,0121901
5,326;0,00980374
5,328;0,00741964
5,33;0,00504347
5,332;0,00268095
5,334;0,000337756
5,336;0,00198046
5,338;0,00426812
5,34;0,00651968
5,342;0,00872972
5,344;0,0108929
5,346;0,0130039
5,348;0,0150577
5,35;0,0170493
5,352;0,0189738
5,354;0,0208265
5,356;0,0226029
5,358;0,0242987
5,36;0,0259097
5,362;0,0274319
5,364;0,0288617
5,366;0,0301954
5,368;0,0314298
5,37;0,0325618
5,372;0,0335886
5,374;0,0345075
5,376;0,0353164
5,378;0,0360131
5,38;0,0365957
5,382;0,0370629
5,384;0,0374134
5,386;0,0376462
5,388;0,0377605
5,39;0,0377561
5,392;0,0376328
5,394;0,0373908
5,396;0,0370304
5,398;0,0365525
5,4;0,0359581
5,402;0,0352485
5,404;0,0344253
5,406;0,0334903
5,408;0,0324456
5,41;0,0312936
5,412;0,030037
5,414;0,0286787
5,416;0,0272219
5,418;0,0256699
5,42;0,0240263
5,422;0,022295
5,424;0,0204801
5,426;0,0185858
5,428;0,0166166
5,43;0,0145772
5,432;0,0124723
5,434;0,0103069
5,436;0,0080862
5,438;0,00581545
5,44;0,00350003
5,442;0,00114545
5,444;0,00124267
5,446;0,00365864
5,448;0,00609669
5,45;0,00855099
5,452;0,0110157
5,454;0,0134848
5,456;0,0159525
5,458;0,0184129
5,46;0,0208599
5,462;0,0232878
5,464;0,0256907
5,466;0,0280628
5,468;0,0303983
5,47;0,0326916
5,472;0,0349373
5,474;0,0371297
5,476;0,0392637
5,478;0,041334
5,48;0,0433355
5,482;0,0452635
5,484;0,0471132
5,486;0,0488801
5,488;0,0505599
5,49;0,0521483
5,492;0,0536416
5,494;0,0550361
5,496;0,0563282
5,498;0,0575148
5,5;0,0585929
5,502;0,0595598
5,504;0,0604131
5,506;0,0611506
5,508;0,0617704
5,51;0,0622709
5,512;0,0626508
5,514;0,062909
5,516;0,0630447
5,518;0,0630576
5,52;0,0629475
5,522;0,0627144
5,524;0,0623589
5,526;0,0618816
5,528;0,0612836
5,53;0,0605661
5,532;0,0597308
5,534;0,0587796
5,536;0,0577145
5,538;0,0565381
5,54;0,055253
5,542;0,0538622
5,544;0,052369
5,546;0,0507767
5,548;0,0490892
5,55;0,0473103
5,552;0,0454443
5,554;0,0434955
5,556;0,0414686
5,558;0,0393682
5,56;0,0371994
5,562;0,0349673
5,564;0,0326771
5,566;0,0303344
5,568;0,0279447
5,57;0,0255136
5,572;0,023047
5,574;0,0205507
5,576;0,0180307
5,578;0,0154931
5,58;0,0129438
5,582;0,0103891
5,584;0,00783495
5,586;0,00528757
5,588;0,00275308
5,59;0,000237555
5,592;0,00225294
5,594;0,0047124
5,596;0,00713488
5,598;0,00951455
5,6;0,0118456
5,602;0,0141225
5,604;0,0163396
5,606;0,0184916
5,608;0,0205732
5,61;0,0225793
5,612;0,0245052
5,614;0,0263459
5,616;0,0280972
5,618;0,0297546
5,62;0,031314
5,622;0,0327717
5,624;0,034124
5,626;0,0353676
5,628;0,0364993
5,63;0,0375163
5,632;0,0384161
5,634;0,0391964
5,636;0,0398552
5,638;0,0403907
5,64;0,0408016
5,642;0,0410867
5,644;0,0412452
5,646;0,0412766
5,648;0,0411807
5,65;0,0409576
5,652;0,0406077
5,654;0,0401316
5,656;0,0395305
5,658;0,0388055
5,66;0,0379583
5,662;0,0369909
5,664;0,0359054
5,666;0,0347042
5,668;0,0333902
5,67;0,0319664
5,672;0,030436
5,674;0,0288027
5,676;0,0270702
5,678;0,0252427
5,68;0,0233243
5,682;0,0213196
5,684;0,0192333
5,686;0,0170704
5,688;0,0148358
5,69;0,0125351
5,692;0,0101735
5,694;0,00775663
5,696;0,00529032
5,698;0,0027804
5,7;0,000232848
5,702;0,00234626
5,704;0,00495078
5,706;0,00757448
5,708;0,0102111
5,71;0,0128543
5,712;0,0154977
5,714;0,0181351
5,716;0,02076
5,718;0,0233662
5,72;0,0259474
5,722;0,0284973
5,724;0,0310099
5,726;0,0334789
5,728;0,0358986
5,73;0,038263
5,732;0,0405663
5,734;0,042803
5,736;0,0449677
5,738;0,047055
5,74;0,04906
5,742;0,0509775
5,744;0,0528031
5,746;0,0545322
5,748;0,0561605
5,75;0,0576841
5,752;0,0590991
5,754;0,0604021
5,756;0,0615898
5,758;0,0626593
5,76;0,0636078
5,762;0,0644329
5,764;0,0651325
5,766;0,0657049
5,768;0,0661484
5,77;0,066462
5,772;0,0666447
5,774;0,0666959
5,776;0,0666153
5,778;0,0664031
5,78;0,0660596
5,782;0,0655855
5,784;0,0649817
5,786;0,0642496
5,788;0,0633908
5,79;0,0624073
5,792;0,0613012
5,794;0,0600751
5,796;0,0587318
5,798;0,0572743
5,8;0,0557062
5,802;0,054031
5,804;0,0522525
5,806;0,0503751
5,808;0,0484031
5,81;0,046341
5,812;0,0441939
5,814;0,0419666
5,816;0,0396646
5,818;0,0372932
5,82;0,034858
5,822;0,0323649
5,824;0,0298197
5,826;0,0272285
5,828;0,0245975
5,83;0,0219329
5,832;0,0192411
5,834;0,0165286
5,836;0,0138018
5,838;0,0110672
5,84;0,00833149
5,842;0,00560111
5,844;0,00288266
5,846;0,000182671
5,848;0,00249235
5,85;0,00513596
5,852;0,00774178
5,854;0,0103035
5,856;0,012815
5,858;0,0152701
5,86;0,0176628
5,862;0,0199875
5,864;0,0222384
5,866;0,02441
5,868;0,0264971
5,87;0,0284945
5,872;0,0303974
5,874;0,032201
5,876;0,0339011
5,878;0,0354933
5,88;0,0369737
5,882;0,0383387
5,884;0,0395848
5,886;0,040709
5,888;0,0417084
5,89;0,0425805
5,892;0,043323
5,894;0,0439341
5,896;0,0444121
5,898;0,0447557
5,9;0,044964
5,902;0,0450363
5,904;0,0449723
5,906;0,0447721
5,908;0,0444359
5,91;0,0439644
5,912;0,0433586
5,914;0,0426198
5,916;0,0417496
5,918;0,0407501
5,92;0,0396234
5,922;0,0383721
5,924;0,0369991
5,926;0,0355075
5,928;0,0339008
5,93;0,0321828
5,932;0,0303575
5,934;0,028429
5,936;0,026402
5,938;0,0242812
5,94;0,0220715
5,942;0,0197782
5,944;0,0174068
5,946;0,0149627
5,948;0,0124519
5,95;0,00988014
5,952;0,0072537
5,954;0,00457876
5,956;0,00186169
5,958;0,000891028
5,96;0,00367283
5,962;0,00647707
5,964;0,00929703
5,966;0,012126
5,968;0,0149571
5,97;0,0177837
5,972;0,0205989
5,974;0,0233959
5,976;0,026168
5,978;0,0289086
5,98;0,031611
5,982;0,0342687
5,984;0,0368753
5,986;0,0394244
5,988;0,0419099
5,99;0,0443258
5,992;0,0466662
5,994;0,0489253
5,996;0,0510977
5,998;0,0531781
6;0,0551614
6,002;0,0570426
6,004;0,0588173
6,006;0,060481
6,008;0,0620296
6,01;0,0634592
6,012;0,0647663
6,014;0,0659477
6,016;0,0670004
6,018;0,0679217
6,02;0,0687092
6,022;0,0693609
6,024;0,0698752
6,026;0,0702506
6,028;0,070486
6,03;0,0705809
6,032;0,0705347
6,034;0,0703475
6,036;0,0700195
6,038;0,0695514
6,04;0,0689442
6,042;0,0681992
6,044;0,0673179
6,046;0,0663025
6,048;0,0651551
6,05;0,0638784
6,052;0,0624754
6,054;0,0609491
6,056;0,0593033
6,058;0,0575416
6,06;0,0556683
6,062;0,0536876
6,064;0,0516043
6,066;0,0494231
6,068;0,0471494
6,07;0,0447883
6,072;0,0423455
6,074;0,0398267
6,076;0,0372379
6,078;0,0345853
6,08;0,0318752
6,082;0,0291139
6,084;0,0263082
6,086;0,0234645
6,088;0,0205898
6,09;0,0176909
6,092;0,0147747
6,094;0,0118483
6,096;0,00891857
6,098;0,0059926
6,1;0,00307741
6,102;0,000180015
6,104;0,00269262
6,106;0,00553358
6,108;0,008336
6,11;0,0110931
6,112;0,0137983
6,114;0,0164449
6,116;0,0190266
6,118;0,0215371
6,12;0,0239704
6,122;0,0263204
6,124;0,0285814
6,126;0,030748
6,128;0,0328148
6,13;0,0347768
6,132;0,0366291
6,134;0,0383672
6,136;0,0399868
6,138;0,0414839
6,14;0,0428547
6,142;0,0440959
6,144;0,0452042
6,146;0,046177
6,148;0,0470117
6,15;0,0477062
6,152;0,0482586
6,154;0,0486675
6,156;0,0489318
6,158;0,0490506
6,16;0,0490236
6,162;0,0488506
6,164;0,0485318
6,166;0,048068
6,168;0,04746
6,17;0,0467092
6,172;0,0458172
6,174;0,0447861
6,176;0,043618
6,178;0,0423157
6,18;0,0408822
6,182;0,0393208
6,184;0,037635
6,186;0,0358288
6,188;0,0339065
6,19;0,0318724
6,192;0,0297314
6,194;0,0274884
6,196;0,0251488
6,198;0,0227181
6,2;0,020202
6,202;0,0176064
6,204;0,0149375
6,206;0,0122016
6,208;0,00940527
6,21;0,00655507
6,212;0,00365781
6,214;0,000720404
6,216;0,00225015
6,218;0,00524676
6,22;0,00826226
6,222;0,0112894
6,224;0,014321
6,226;0,0173498
6,228;0,0203684
6,23;0,0233696
6,232;0,0263462
6,234;0,0292911
6,236;0,0321971
6,238;0,0350572
6,24;0,0378645
6,242;0,0406122
6,244;0,0432936
6,246;0,0459023
6,248;0,0484319
6,25;0,0508762
6,252;0,0532293
6,254;0,0554855
6,256;0,0576392
6,258;0,0596851
6,26;0,0616183
6,262;0,0634339
6,264;0,0651275
6,266;0,0666949
6,268;0,0681321
6,27;0,0694357
6,272;0,0706023
6,274;0,071629
6,276;0,0725132
6,278;0,0732525
6,28;0,0738451
6,282;0,0742894
6,284;0,0745842
6,286;0,0747286
6,288;0,074722
6,29;0,0745644
6,292;0,074256
6,294;0,0737973
6,296;0,0731893
6,298;0,0724333
6,3;0,0715309
6,302;0,0704841
6,304;0,0692954
6,306;0,0679673
6,308;0,0665031
6,31;0,0649059
6,312;0,0631795
6,314;0,061328
6,316;0,0593555
6,318;0,0572668
6,32;0,0550667
6,322;0,0527604
6,324;0,0503533
6,326;0,0478511
6,328;0,0452596
6,33;0,042585
6,332;0,0398337
6,334;0,0370121
6,336;0,0341269
6,338;0,0311851
6,34;0,0281935
6,342;0,0251594
6,344;0,0220899
6,346;0,0189925
6,348;0,0158744
6,35;0,0127432
6,352;0,00960637
6,354;0,00647142
6,356;0,00334587
6,358;0,000237237
6,36;0,00284699
6,362;0,0058994
6,364;0,00891261
6,366;0,0118794
6,368;0,0147925
6,37;0,0176449
6,372;0,0204298
6,374;0,0231403
6,376;0,0257699
6,378;0,0283121
6,38;0,0307609
6,382;0,0331101
6,384;0,0353541
6,386;0,0374874
6,388;0,0395046
6,39;0,041401
6,392;0,0431717
6,394;0,0448124
6,396;0,046319
6,398;0,0476877
6,4;0,0489152
6,402;0,0499984
6,404;0,0509344
6,406;0,0517208
6,408;0,0523557
6,41;0,0528374
6,412;0,0531644
6,414;0,053336
6,416;0,0533514
6,418;0,0532105
6,42;0,0529134
6,422;0,0524608
6,424;0,0518535
6,426;0,0510928
6,428;0,0501804
6,43;0,0491184
6,432;0,047909
6,434;0,046555
6,436;0,0450596
6,438;0,0434262
6,44;0,0416585
6,442;0,0397607
6,444;0,0377371
6,446;0,0355925
6,448;0,033332
6,45;0,0309607
6,452;0,0284843
6,454;0,0259087
6,456;0,0232398
6,458;0,020484
6,46;0,0176478
6,462;0,014738
6,464;0,0117614
6,466;0,0087251
6,468;0,00563635
6,47;0,0025025
6,472;0,000668984
6,474;0,00387053
6,476;0,00709449
6,478;0,0103331
6,48;0,0135787
6,482;0,0168235
6,484;0,0200596
6,486;0,0232793
6,488;0,0264749
6,49;0,0296386
6,492;0,0327628
6,494;0,0358401
6,496;0,0388628
6,498;0,0418238
6,5;0,0447159
6,502;0,0475321
6,504;0,0502654
6,506;0,0529093
6,508;0,0554573
6,51;0,0579033
6,512;0,0602411
6,514;0,0624652
6,516;0,06457
6,518;0,0665503
6,52;0,0684014
6,522;0,0701185
6,524;0,0716974
6,526;0,0731343
6,528;0,0744255
6,53;0,0755676
6,532;0,076558
6,534;0,0773939
6,536;0,0780733
6,538;0,0785943
6,54;0,0789555
6,542;0,0791559
6,544;0,0791948
6,546;0,0790719
6,548;0,0787875
6,55;0,0783419
6,552;0,0777361
6,554;0,0769714
6,556;0,0760495
6,558;0,0749723
6,56;0,0737423
6,562;0,0723623
6,564;0,0708355
6,566;0,0691653
6,568;0,0673556
6,57;0,0654106
6,572;0,0633348
6,574;0,0611331
6,576;0,0588107
6,578;0,0563728
6,58;0,0538254
6,582;0,0511744
6,584;0,048426
6,586;0,0455867
6,588;0,0426633
6,59;0,0396626
6,592;0,0365918
6,594;0,0334583
6,596;0,0302693
6,598;0,0270326
6,6;0,0237559
6,602;0,0204469
6,604;0,0171136
6,606;0,013764
6,608;0,0104061
6,61;0,00704783
6,612;0,00369739
6,614;0,000362794
6,616;0,00294795
6,618;0,00622686
6,62;0,00946605
6,622;0,0126577
6,624;0,0157941
6,626;0,0188676
6,628;0,0218708
6,63;0,0247965
6,632;0,0276375
6,634;0,0303869
6,636;0,0330381
6,638;0,0355845
6,64;0,0380199
6,642;0,0403383
6,644;0,0425342
6,646;0,044602
6,648;0,0465368
6,65;0,0483336
6,652;0,049988
6,654;0,0514959
6,656;0,0528536
6,658;0,0540576
6,66;0,0551049
6,662;0,0559927
6,664;0,0567188
6,666;0,0572813
6,668;0,0576786
6,67;0,0579096
6,672;0,0579737
6,674;0,0578703
6,676;0,0575997
6,678;0,0571623
6,68;0,0565589
6,682;0,0557908
6,684;0,0548598
6,686;0,0537678
6,688;0,0525173
6,69;0,0511112
6,692;0,0495526
6,694;0,0478451
6,696;0,0459927
6,698;0,0439997
6,7;0,0418706
6,702;0,0396105
6,704;0,0372247
6,706;0,0347187
6,708;0,0320984
6,71;0,0293699
6,712;0,0265398
6,714;0,0236147
6,716;0,0206015
6,718;0,0175074
6,72;0,0143397
6,722;0,0111059
6,724;0,0078137
6,726;0,00447096
6,728;0,00108564
6,73;0,00233418
6,732;0,00578034
6,734;0,00924458
6,736;0,0127186
6,738;0,0161941
6,74;0,0196627
6,742;0,0231161
6,744;0,0265461
6,746;0,0299442
6,748;0,0333024
6,75;0,0366125
6,752;0,0398666
6,754;0,0430567
6,756;0,0461752
6,758;0,0492145
6,76;0,0521672
6,762;0,0550261
6,764;0,0577843
6,766;0,060435
6,768;0,0629719
6,77;0,0653885
6,772;0,0676791
6,774;0,069838
6,776;0,0718599
6,778;0,0737397
6,78;0,0754729
6,782;0,0770551
6,784;0,0784823
6,786;0,0797509
6,788;0,0808578
6,79;0,0818001
6,792;0,0825753
6,794;0,0831815
6,796;0,083617
6,798;0,0838806
6,8;0,0839714
6,802;0,083889
6,804;0,0836336
6,806;0,0832054
6,808;0,0826053
6,81;0,0818346
6,812;0,080895
6,814;0,0797886
6,816;0,0785177
6,818;0,0770853
6,82;0,0754947
6,822;0,0737495
6,824;0,0718537
6,826;0,0698117
6,828;0,0676283
6,83;0,0653085
6,832;0,0628578
6,834;0,0602819
6,836;0,0575869
6,838;0,054779
6,84;0,051865
6,842;0,0488517
6,844;0,0457462
6,846;0,0425559
6,848;0,0392883
6,85;0,0359513
6,852;0,0325527
6,854;0,0291006
6,856;0,0256032
6,858;0,022069
6,86;0,0185064
6,862;0,0149238
6,864;0,0113298
6,866;0,00773312
6,868;0,00414232
6,87;0,000566027
6,872;0,00298715
6,874;0,00650867
6,876;0,00999004
6,878;0,0134229
6,88;0,0167988
6,882;0,0201098
6,884;0,0233478
6,886;0,0265049
6,888;0,0295735
6,89;0,0325461
6,892;0,0354154
6,894;0,0381746
6,896;0,0408167
6,898;0,0433355
6,9;0,0457247
6,902;0,0479783
6,904;0,050091
6,906;0,0520574
6,908;0,0538727
6,91;0,0555323
6,912;0,0570321
6,914;0,0583684
6,916;0,0595378
6,918;0,0605372
6,92;0,0613641
6,922;0,0620163
6,924;0,0624921
6,926;0,0627901
6,928;0,0629095
6,93;0,0628497
6,932;0,0626108
6,934;0,062193
6,936;0,0615973
6,938;0,0608248
6,94;0,0598772
6,942;0,0587566
6,944;0,0574655
6,946;0,0560069
6,948;0,054384
6,95;0,0526005
6,952;0,0506606
6,954;0,0485688
6,956;0,0463299
6,958;0,0439491
6,96;0,041432
6,962;0,0387846
6,964;0,0360129
6,966;0,0331236
6,968;0,0301234
6,97;0,0270194
6,972;0,023819
6,974;0,0205297
6,976;0,0171593
6,978;0,0137159
6,98;0,0102076
6,982;0,00664281
6,984;0,00302997
6,986;0,000622286
6,988;0,00430522
6,99;0,00801004
6,992;0,0117279
6,994;0,0154498
6,996;0,0191669
6,998;0,0228703
7;0,026551
7,002;0,0302002
7,004;0,0338091
7,006;0,0373689
7,008;0,0408712
7,01;0,0443074
7,012;0,0476692
7,014;0,0509485
7,016;0,0541373
7,018;0,0572278
7,02;0,0602126
7,022;0,0630844
7,024;0,065836
7,026;0,0684609
7,028;0,0709526
7,03;0,0733049
7,032;0,0755121
7,034;0,0775687
7,036;0,0794696
7,038;0,0812101
7,04;0,0827858
7,042;0,0841929
7,044;0,0854276
7,046;0,0864869
7,048;0,087368
7,05;0,0880687
7,052;0,0885871
7,054;0,0889217
7,056;0,0890715
7,058;0,089036
7,06;0,0888151
7,062;0,088409
7,064;0,0878186
7,066;0,0870451
7,068;0,0860902
7,07;0,0849559
7,072;0,0836448
7,074;0,0821598
7,076;0,0805043
7,078;0,0786822
7,08;0,0766975
7,082;0,0745549
7,084;0,0722595
7,086;0,0698164
7,088;0,0672314
7,09;0,0645106
7,092;0,0616604
7,094;0,0586874
7,096;0,0555987
7,098;0,0524016
7,1;0,0491035
7,102;0,0457124
7,104;0,0422362
7,106;0,0386833
7,108;0,035062
7,11;0,0313809
7,112;0,0276489
7,114;0,0238749
7,116;0,0200678
7,118;0,0162368
7,12;0,012391
7,122;0,00853966
7,124;0,00469199
7,126;0,000857236
7,128;0,00295538
7,13;0,00673668
7,132;0,0104776
7,134;0,014169
7,136;0,0178021
7,138;0,0213681
7,14;0,0248583
7,142;0,0282642
7,144;0,0315777
7,146;0,0347907
7,148;0,0378953
7,15;0,0408839
7,152;0,0437494
7,154;0,0464846
7,156;0,0490829
7,158;0,0515379
7,16;0,0538435
7,162;0,0559941
7,164;0,0579843
7,166;0,0598092
7,168;0,0614642
7,17;0,0629452
7,172;0,0642484
7,174;0,0653705
7,176;0,0663086
7,178;0,0670603
7,18;0,0676236
7,182;0,0679969
7,184;0,0681791
7,186;0,0681696
7,188;0,0679682
7,19;0,0675752
7,192;0,0669913
7,194;0,0662177
7,196;0,0652561
7,198;0,0641085
7,2;0,0627776
7,202;0,0612663
7,204;0,0595781
7,206;0,0577168
7,208;0,0556867
7,21;0,0534925
7,212;0,0511393
7,214;0,0486326
7,216;0,0459782
7,218;0,0431823
7,22;0,0402516
7,222;0,0371928
7,224;0,0340132
7,226;0,0307203
7,228;0,0273219
7,23;0,023826
7,232;0,0202409
7,234;0,0165751
7,236;0,0128373
7,238;0,0090365
7,24;0,00518164
7,242;0,00128194
7,244;0,00265328
7,246;0,00661462
7,248;0,0105926
7,25;0,0145777
7,252;0,0185603
7,254;0,0225309
7,256;0,0264799
7,258;0,0303979
7,26;0,0342755
7,262;0,0381031
7,264;0,0418717
7,266;0,0455721
7,268;0,0491954
7,27;0,0527327
7,272;0,0561755
7,274;0,0595155
7,276;0,0627445
7,278;0,0658546
7,28;0,0688383
7,282;0,0716882
7,284;0,0743974
7,286;0,0769592
7,288;0,0793674
7,29;0,0816159
7,292;0,0836992
7,294;0,0856121
7,296;0,0873499
7,298;0,0889082
7,3;0,0902831
7,302;0,091471
7,304;0,092469
7,306;0,0932744
7,308;0,093885
7,31;0,0942993
7,312;0,094516
7,314;0,0945343
7,316;0,0943541
7,318;0,0939755
7,32;0,0933993
7,322;0,0926266
7,324;0,091659
7,326;0,0904987
7,328;0,0891482
7,33;0,0876107
7,332;0,0858895
7,334;0,0839886
7,336;0,0819124
7,338;0,0796657
7,34;0,0772537
7,342;0,074682
7,344;0,0719566
7,346;0,0690839
7,348;0,0660705
7,35;0,0629237
7,352;0,0596508
7,354;0,0562596
7,356;0,0527579
7,358;0,0491543
7,36;0,045457
7,362;0,0416751
7,364;0,0378173
7,366;0,033893
7,368;0,0299114
7,37;0,025882
7,372;0,0218146
7,374;0,0177187
7,376;0,0136042
7,378;0,00948096
7,38;0,00535886
7,382;0,00124777
7,384;0,00284241
7,386;0,00690184
7,388;0,0109208
7,39;0,0148895
7,392;0,0187984
7,394;0,0226381
7,396;0,0263993
7,398;0,0300728
7,4;0,0336498
7,402;0,0371216
7,404;0,0404797
7,406;0,0437159
7,408;0,0468224
7,41;0,0497916
7,412;0,0526161
7,414;0,0552891
7,416;0,0578039
7,418;0,0601545
7,42;0,0623349
7,422;0,0643397
7,424;0,0661639
7,426;0,0678031
7,428;0,0692529
7,43;0,0705098
7,432;0,0715706
7,434;0,0724324
7,436;0,073093
7,438;0,0735506
7,44;0,073804
7,442;0,0738521
7,444;0,0736948
7,446;0,0733322
7,448;0,0727649
7,45;0,071994
7,452;0,0710213
7,454;0,0698488
7,456;0,0684791
7,458;0,0669154
7,46;0,0651611
7,462;0,0632202
7,464;0,0610973
7,466;0,0587971
7,468;0,0563252
7,47;0,0536871
7,472;0,0508891
7,474;0,0479377
7,476;0,0448398
7,478;0,0416026
7,48;0,038234
7,482;0,0347416
7,484;0,0311339
7,486;0,0274193
7,488;0,0236067
7,49;0,0197051
7,492;0,0157237
7,494;0,0116721
7,496;0,00755979
7,498;0,00339672
7,5;0,000807232
7,502;0,00504201
7,504;0,0092975
7,506;0,0135635
7,508;0,0178298
7,51;0,0220861
7,512;0,0263222
7,514;0,030528
7,516;0,0346933
7,518;0,038808
7,52;0,0428622
7,522;0,0468463
7,524;0,0507504
7,526;0,0545651
7,528;0,0582813
7,53;0,0618898
7,532;0,0653819
7,534;0,0687491
7,536;0,0719832
7,538;0,0750763
7,54;0,0780208
7,542;0,0808094
7,544;0,0834354
7,546;0,0858922
7,548;0,0881737
7,55;0,0902744
7,552;0,0921889
7,554;0,0939125
7,556;0,0954409
7,558;0,0967701
7,56;0,0978967
7,562;0,0988179
7,564;0,0995312
7,566;0,100035
7,568;0,100327
7,57;0,100407
7,572;0,100274
7,574;0,0999291
7,576;0,0993721
7,578;0,0986043
7,58;0,0976272
7,582;0,0964432
7,584;0,0950546
7,586;0,0934648
7,588;0,0916772
7,59;0,089696
7,592;0,0875257
7,594;0,0851712
7,596;0,0826382
7,598;0,0799324
7,6;0,0770601
7,602;0,0740282
7,604;0,0708436
7,606;0,0675139
7,608;0,0640468
7,61;0,0604507
7,612;0,0567339
7,614;0,0529053
7,616;0,0489739
7,618;0,044949
7,62;0,0408403
7,622;0,0366575
7,624;0,0324105
7,626;0,0281094
7,628;0,0237646
7,63;0,0193864
7,632;0,0149853
7,634;0,0105719
7,636;0,0061566
7,638;0,00175013
7,64;0,00263696
7,642;0,00699411
7,644;0,0113108
7,646;0,0155767
7,648;0,0197815
7,65;0,023915
7,652;0,0279673
7,654;0,0319284
7,656;0,0357889
7,658;0,0395393
7,66;0,0431705
7,662;0,0466738
7,664;0,0500404
7,666;0,0532623
7,668;0,0563314
7,67;0,0592404
7,672;0,061982
7,674;0,0645495
7,676;0,0669366
7,678;0,0691372
7,68;0,071146
7,682;0,0729579
7,684;0,0745683
7,686;0,0759732
7,688;0,077169
7,69;0,0781526
7,692;0,0789213
7,694;0,0794732
7,696;0,0798067
7,698;0,0799207
7,7;0,0798147
7,702;0,0794888
7,704;0,0789435
7,706;0,0781798
7,708;0,0771994
7,71;0,0760044
7,712;0,0745975
7,714;0,0729817
7,716;0,0711607
7,718;0,0691388
7,72;0,0669204
7,722;0,0645108
7,724;0,0619155
7,726;0,0591406
7,728;0,0561925
7,73;0,0530781
7,732;0,0498047
7,734;0,04638
7,736;0,0428121
7,738;0,0391093
7,74;0,0352804
7,742;0,0313345
7,744;0,0272808
7,746;0,0231291
7,748;0,0188892
7,75;0,0145711
7,752;0,0101852
7,754;0,00574186
7,756;0,00125172
7,758;0,0032745
7,76;0,00782597
7,762;0,0123918
7,764;0,016961
7,766;0,0215227
7,768;0,0260659
7,77;0,0305797
7,772;0,0350532
7,774;0,0394756
7,776;0,0438362
7,778;0,0481246
7,78;0,0523304
7,782;0,0564433
7,784;0,0604534
7,786;0,064351
7,788;0,0681266
7,79;0,071771
7,792;0,0752754
7,794;0,0786311
7,796;0,0818299
7,798;0,0848641
7,8;0,0877261
7,802;0,0904089
7,804;0,0929058
7,806;0,0952107
7,808;0,0973179
7,81;0,099222
7,812;0,100918
7,814;0,102403
7,816;0,103671
7,818;0,10472
7,82;0,105547
7,822;0,10615
7,824;0,106528
7,826;0,106678
7,828;0,1066
7,83;0,106295
7,832;0,105763
7,834;0,105005
7,836;0,104022
7,838;0,102817
7,84;0,101392
7,842;0,0997507
7,844;0,0978963
7,846;0,0958332
7,848;0,0935663
7,85;0,0911006
7,852;0,088442
7,854;0,0855965
7,856;0,0825709
7,858;0,0793721
7,86;0,0760078
7,862;0,0724857
7,864;0,0688142
7,866;0,0650018
7,868;0,0610577
7,87;0,0569912
7,872;0,0528118
7,874;0,0485295
7,876;0,0441544
7,878;0,039697
7,88;0,0351678
7,882;0,0305777
7,884;0,0259376
7,886;0,0212585
7,888;0,0165518
7,89;0,0118286
7,892;0,00710021
7,894;0,00237805
7,896;0,00232657
7,898;0,00700234
7,9;0,011638
7,902;0,0162224
7,904;0,0207445
7,906;0,0251933
7,908;0,0295581
7,91;0,0338284
7,912;0,0379937
7,914;0,042044
7,916;0,0459694
7,918;0,0497605
7,92;0,0534078
7,922;0,0569026
7,924;0,0602362
7,926;0,0634006
7,928;0,0663879
7,93;0,0691907
7,932;0,0718023
7,934;0,0742159
7,936;0,0764258
7,938;0,0784263
7,94;0,0802124
7,942;0,0817797
7,944;0,083124
7,946;0,084242
7,948;0,0851308
7,95;0,0857879
7,952;0,0862115
7,954;0,0864004
7,956;0,0863538
7,958;0,0860716
7,96;0,0855543
7,962;0,0848029
7,964;0,0838188
7,966;0,0826042
7,968;0,0811618
7,97;0,0794947
7,972;0,0776069
7,974;0,0755024
7,976;0,0731863
7,978;0,0706637
7,98;0,0679405
7,982;0,0650232
7,984;0,0619183
7,986;0,0586333
7,988;0,0551757
7,99;0,0515538
7,992;0,047776
7,994;0,0438512
7,996;0,0397887
7,998;0,0355981
8;0,0312893
8,002;0,0268725
8,004;0,0223582
8,006;0,0177572
8,008;0,0130804
8,01;0,00833887
8,012;0,00354401
8,014;0,00129275
8,016;0,00615986
8,018;0,0110457
8,02;0,0159384
8,022;0,0208265
8,024;0,025698
8,026;0,0305414
8,028;0,0353449
8,03;0,040097
8,032;0,0447862
8,034;0,0494012
8,036;0,0539308
8,038;0,0583641
8,04;0,0626904
8,042;0,0668991
8,044;0,0709801
8,046;0,0749233
8,048;0,0787192
8,05;0,0823584
8,052;0,0858322
8,054;0,089132
8,056;0,0922497
8,058;0,0951776
8,06;0,0979085
8,062;0,100436
8,064;0,102753
8,066;0,104854
8,068;0,106734
8,07;0,108388
8,072;0,109812
8,074;0,111002
8,076;0,111956
8,078;0,11267
8,08;0,113143
8,082;0,113373
8,084;0,113359
8,086;0,113102
8,088;0,112601
8,09;0,111858
8,092;0,110873
8,094;0,10965
8,096;0,108191
8,098;0,106499
8,1;0,104577
8,102;0,102431
8,104;0,100065
8,106;0,097485
8,108;0,0946963
8,11;0,0917055
8,112;0,0885198
8,114;0,0851465
8,116;0,0815935
8,118;0,0778692
8,12;0,0739824
8,122;0,0699421
8,124;0,0657579
8,126;0,0614397
8,128;0,0569978
8,13;0,0524426
8,132;0,047785
8,134;0,043036
8,136;0,0382069
8,138;0,0333093
8,14;0,0283547
8,142;0,0233552
8,144;0,0183225
8,146;0,0132688
8,148;0,00820612
8,15;0,00314663
8,152;0,00189752
8,154;0,00691421
8,156;0,0118914
8,158;0,016817
8,16;0,0216793
8,162;0,0264664
8,164;0,0311669
8,166;0,0357692
8,168;0,0402624
8,17;0,0446354
8,172;0,0488777
8,174;0,0529789
8,176;0,056929
8,178;0,0607185
8,18;0,064338
8,182;0,0677786
8,184;0,071032
8,186;0,0740901
8,188;0,0769453
8,19;0,0795906
8,192;0,0820195
8,194;0,0842258
8,196;0,086204
8,198;0,0879492
8,2;0,0894569
8,202;0,0907232
8,204;0,0917448
8,206;0,092519
8,208;0,0930438
8,21;0,0933175
8,212;0,0933393
8,214;0,0931088
8,216;0,0926262
8,218;0,0918926
8,22;0,0909094
8,222;0,0896787
8,224;0,0882031
8,226;0,086486
8,228;0,0845312
8,23;0,0823432
8,232;0,0799269
8,234;0,077288
8,236;0,0744324
8,238;0,0713669
8,24;0,0680986
8,242;0,064635
8,244;0,0609843
8,246;0,0571551
8,248;0,0531564
8,25;0,0489975
8,252;0,0446884
8,254;0,040239
8,256;0,0356601
8,258;0,0309624
8,26;0,0261572
8,262;0,0212557
8,264;0,0162697
8,266;0,0112111
8,268;0,00609185
8,27;0,000924253
8,272;0,00427935
8,274;0,00950653
8,276;0,0147447
8,278;0,0199814
8,28;0,0252041
8,282;0,0304
8,284;0,0355569
8,286;0,0406622
8,288;0,0457036
8,29;0,050669
8,292;0,0555464
8,294;0,060324
8,296;0,0649901
8,298;0,0695336
8,3;0,0739433
8,302;0,0782085
8,304;0,0823188
8,306;0,0862643
8,308;0,0900352
8,31;0,0936224
8,312;0,0970169
8,314;0,100211
8,316;0,103195
8,318;0,105964
8,32;0,108509
8,322;0,110826
8,324;0,112906
8,326;0,114747
8,328;0,116342
8,33;0,117688
8,332;0,118781
8,334;0,119619
8,336;0,120199
8,338;0,120519
8,34;0,120579
8,342;0,120377
8,344;0,119915
8,346;0,119193
8,348;0,118212
8,35;0,116974
8,352;0,115483
8,354;0,113742
8,356;0,111754
8,358;0,109523
8,36;0,107056
8,362;0,104358
8,364;0,101434
8,366;0,0982927
8,368;0,09494
8,37;0,0913841
8,372;0,0876334
8,374;0,0836967
8,376;0,0795832
8,378;0,0753026
8,38;0,070865
8,382;0,0662808
8,384;0,061561
8,386;0,0567167
8,388;0,0517594
8,39;0,0467008
8,392;0,0415531
8,394;0,0363284
8,396;0,0310393
8,398;0,0256983
8,4;0,0203182
8,402;0,0149119
8,404;0,0094923
8,406;0,00407244
8,408;0,00133468
8,41;0,00671609
8,412;0,0120588
8,414;0,0173501
8,416;0,022577
8,418;0,027727
8,42;0,0327878
8,422;0,0377469
8,424;0,0425924
8,426;0,0473126
8,428;0,051896
8,43;0,0563315
8,432;0,0606082
8,434;0,0647158
8,436;0,0686441
8,438;0,0723835
8,44;0,075925
8,442;0,0792597
8,444;0,0823795
8,446;0,0852766
8,448;0,0879439
8,45;0,0903746
8,452;0,0925628
8,454;0,0945028
8,456;0,0961899
8,458;0,0976196
8,46;0,0987882
8,462;0,0996927
8,464;0,100331
8,466;0,1007
8,468;0,1008
8,47;0,10063
8,472;0,10019
8,474;0,0994806
8,476;0,0985035
8,478;0,0972607
8,48;0,0957548
8,482;0,0939892
8,484;0,0919679
8,486;0,0896954
8,488;0,0871769
8,49;0,0844183
8,492;0,0814258
8,494;0,0782064
8,496;0,0747676
8,498;0,0711174
8,5;0,0672643
8,502;0,0632174
8,504;0,0589862
8,506;0,0545807
8,508;0,0500111
8,51;0,0452884
8,512;0,0404236
8,514;0,0354284
8,516;0,0303145
8,518;0,0250941
8,52;0,0197797
8,522;0,0143838
8,524;0,00891936
8,526;0,00339941
8,528;0,00216288
8,53;0,00775419
8,532;0,0133611
8,534;0,0189703
8,536;0,0245682
8,538;0,0301414
8,54;0,0356764
8,542;0,0411601
8,544;0,0465791
8,546;0,0519203
8,548;0,057171
8,55;0,0623183
8,552;0,0673498
8,554;0,0722533
8,556;0,0770169
8,558;0,0816291
8,56;0,0860786
8,562;0,0903545
8,564;0,0944463
8,566;0,0983442
8,568;0,102039
8,57;0,10552
8,572;0,10878
8,574;0,111812
8,576;0,114606
8,578;0,117156
8,58;0,119456
8,582;0,121501
8,584;0,123284
8,586;0,124801
8,588;0,126049
8,59;0,127024
8,592;0,127724
8,594;0,128146
8,596;0,128289
8,598;0,128152
8,6;0,127737
8,602;0,127042
8,604;0,12607
8,606;0,124823
8,608;0,123303
8,61;0,121514
8,612;0,11946
8,614;0,117145
8,616;0,114575
8,618;0,111755
8,62;0,108692
8,622;0,105394
8,624;0,101867
8,626;0,0981204
8,628;0,0941625
8,63;0,0900028
8,632;0,0856509
8,634;0,081117
8,636;0,076412
8,638;0,0715468
8,64;0,066533
8,642;0,0613824
8,644;0,0561073
8,646;0,0507203
8,648;0,045234
8,65;0,0396616
8,652;0,0340163
8,654;0,0283117
8,656;0,0225613
8,658;0,016779
8,66;0,0109784
8,662;0,00517367
8,664;0,000621424
8,666;0,00639293
8,668;0,012127
8,67;0,0178097
8,672;0,0234275
8,674;0,0289668
8,676;0,0344142
8,678;0,0397565
8,68;0,0449808
8,682;0,0500744
8,684;0,0550251
8,686;0,0598206
8,688;0,0644494
8,69;0,0689002
8,692;0,0731621
8,694;0,0772247
8,696;0,0810779
8,698;0,0847124
8,7;0,0881192
8,702;0,0912899
8,704;0,0942166
8,706;0,0968919
8,708;0,0993093
8,71;0,101463
8,712;0,103347
8,714;0,104956
8,716;0,106287
8,718;0,107336
8,72;0,108101
8,722;0,108578
8,724;0,108767
8,726;0,108667
8,728;0,108278
8,73;0,1076
8,732;0,106635
8,734;0,105385
8,736;0,103852
8,738;0,10204
8,74;0,099953
8,742;0,0975955
8,744;0,094973
8,746;0,0920915
8,748;0,0889575
8,75;0,0855785
8,752;0,0819622
8,754;0,078117
8,756;0,074052
8,758;0,0697766
8,76;0,0653009
8,762;0,0606354
8,764;0,0557912
8,766;0,0507796
8,768;0,0456125
8,77;0,0403021
8,772;0,0348611
8,774;0,0293023
8,776;0,0236389
8,778;0,0178845
8,78;0,0120528
8,782;0,0061576
8,784;0,000213074
8,786;0,00576659
8,788;0,0117671
8,79;0,017774
8,792;0,023773
8,794;0,0297496
8,796;0,0356894
8,798;0,0415782
8,8;0,0474018
8,802;0,0531461
8,804;0,0587973
8,806;0,0643417
8,808;0,0697659
8,81;0,0750567
8,812;0,0802013
8,814;0,0851871
8,816;0,0900022
8,818;0,0946346
8,82;0,0990732
8,822;0,103307
8,824;0,107326
8,826;0,111119
8,828;0,114679
8,83;0,117995
8,832;0,121059
8,834;0,123865
8,836;0,126405
8,838;0,128672
8,84;0,130662
8,842;0,132368
8,844;0,133786
8,846;0,134914
8,848;0,135747
8,85;0,136283
8,852;0,136521
8,854;0,13646
8,856;0,1361
8,858;0,135441
8,86;0,134484
8,862;0,133232
8,864;0,131687
8,866;0,129853
8,868;0,127733
8,87;0,125333
8,872;0,122658
8,874;0,119714
8,876;0,116508
8,878;0,113047
8,88;0,109339
8,882;0,105393
8,884;0,101218
8,886;0,0968247
8,888;0,0922221
8,89;0,0874215
8,892;0,0824344
8,894;0,0772723
8,896;0,0719475
8,898;0,0664727
8,9;0,0608608
8,902;0,0551251
8,904;0,0492793
8,906;0,0433373
8,908;0,0373132
8,91;0,0312214
8,912;0,0250765
8,914;0,0188931
8,916;0,0126861
8,918;0,00647025
8,92;0,00026055
8,922;0,00592811
8,924;0,0120809
8,926;0,0181829
8,928;0,0242195
8,93;0,0301762
8,932;0,0360385
8,934;0,0417922
8,936;0,0474236
8,938;0,0529188
8,94;0,0582646
8,942;0,063448
8,944;0,0684563
8,946;0,0732775
8,948;0,0778996
8,95;0,0823114
8,952;0,086502
8,954;0,0904613
8,956;0,0941794
8,958;0,0976471
8,96;0,100856
8,962;0,103798
8,964;0,106465
8,966;0,108852
8,968;0,110952
8,97;0,112759
8,972;0,114269
8,974;0,115479
8,976;0,116384
8,978;0,116983
8,98;0,117273
8,982;0,117254
8,984;0,116925
8,986;0,116287
8,988;0,115341
8,99;0,114089
8,992;0,112533
8,994;0,110677
8,996;0,108525
8,998;0,106083
9;0,103355
9,002;0,100347
9,004;0,0970674
9,006;0,0935229
9,008;0,0897219
9,01;0,0856732
9,012;0,0813863
9,014;0,0768712
9,016;0,0721385
9,018;0,0671994
9,02;0,0620654
9,022;0,0567488
9,024;0,0512619
9,026;0,0456179
9,028;0,0398301
9,03;0,0339123
9,032;0,0278785
9,034;0,021743
9,036;0,0155205
9,038;0,00922589
9,04;0,00287411
9,042;0,00351963
9,044;0,00994002
9,046;0,0163717
9,048;0,0227992
9,05;0,0292072
9,052;0,0355801
9,054;0,0419028
9,056;0,0481599
9,058;0,0543364
9,06;0,0604174
9,062;0,0663881
9,064;0,0722341
9,066;0,0779413
9,068;0,0834959
9,07;0,0888842
9,072;0,0940933
9,074;0,0991103
9,076;0,103923
9,078;0,10852
9,08;0,11289
9,082;0,117021
9,084;0,120905
9,086;0,12453
9,088;0,127889
9,09;0,130973
9,092;0,133774
9,094;0,136286
9,096;0,138501
9,098;0,140414
9,1;0,142021
9,102;0,143317
9,104;0,144299
9,106;0,144963
9,108;0,145309
9,11;0,145335
9,112;0,14504
9,114;0,144425
9,116;0,143491
9,118;0,14224
9,12;0,140675
9,122;0,138798
9,124;0,136615
9,126;0,13413
9,128;0,131348
9,13;0,128277
9,132;0,124922
9,134;0,121293
9,136;0,117397
9,138;0,113243
9,14;0,108842
9,142;0,104202
9,144;0,0993364
9,146;0,0942551
9,148;0,0889704
9,15;0,0834948
9,152;0,0778413
9,154;0,0720233
9,156;0,0660544
9,158;0,059949
9,16;0,0537214
9,162;0,0473866
9,164;0,0409596
9,166;0,0344556
9,168;0,0278904
9,17;0,0212794
9,172;0,0146387
9,174;0,00798399
9,176;0,00133133
9,178;0,00530335
9,18;0,0119041
9,182;0,018455
9,184;0,0249404
9,186;0,0313445
9,188;0,0376519
9,19;0,0438474
9,192;0,049916
9,194;0,055843
9,196;0,061614
9,198;0,067215
9,2;0,0726324
9,202;0,077853
9,204;0,082864
9,206;0,0876531
9,208;0,0922088
9,21;0,0965197
9,212;0,100575
9,214;0,104366
9,216;0,107881
9,218;0,111113
9,22;0,114054
9,222;0,116695
9,224;0,119032
9,226;0,121056
9,228;0,122764
9,23;0,124151
9,232;0,125213
9,234;0,125948
9,236;0,126353
9,238;0,126426
9,24;0,126168
9,242;0,125579
9,244;0,124659
9,246;0,123411
9,248;0,121837
9,25;0,119941
9,252;0,117726
9,254;0,115199
9,256;0,112364
9,258;0,109228
9,26;0,105798
9,262;0,102082
9,264;0,098089
9,266;0,093828
9,268;0,0893091
9,27;0,0845427
9,272;0,0795401
9,274;0,0743129
9,276;0,0688735
9,278;0,0632348
9,28;0,0574099
9,282;0,0514128
9,284;0,0452577
9,286;0,038959
9,288;0,0325319
9,29;0,0259915
9,292;0,0193535
9,294;0,0126337
9,296;0,00584808
9,298;0,000987068
9,3;0,00785542
9,302;0,0147405
9,304;0,0216259
9,306;0,028495
9,308;0,0353313
9,31;0,0421184
9,312;0,0488399
9,314;0,0554797
9,316;0,0620217
9,318;0,0684501
9,32;0,0747494
9,322;0,0809042
9,324;0,0868998
9,326;0,0927214
9,328;0,0983551
9,33;0,103787
9,332;0,109004
9,334;0,113993
9,336;0,118742
9,338;0,12324
9,34;0,127474
9,342;0,131436
9,344;0,135115
9,346;0,138501
9,348;0,141587
9,35;0,144365
9,352;0,146828
9,354;0,148969
9,356;0,150784
9,358;0,152266
9,36;0,153413
9,362;0,154222
9,364;0,154689
9,366;0,154814
9,368;0,154595
9,37;0,154034
9,372;0,153131
9,374;0,151888
9,376;0,150307
9,378;0,148391
9,38;0,146146
9,382;0,143577
9,384;0,140688
9,386;0,137486
9,388;0,13398
9,39;0,130176
9,392;0,126085
9,394;0,121714
9,396;0,117075
9,398;0,112179
9,4;0,107036
9,402;0,101659
9,404;0,0960612
9,406;0,0902548
9,408;0,0842538
9,41;0,0780726
9,412;0,0717256
9,414;0,065228
9,416;0,0585953
9,418;0,0518431
9,42;0,0449875
9,422;0,038045
9,424;0,031032
9,426;0,0239654
9,428;0,016862
9,43;0,0097388
9,432;0,00261295
9,434;0,0044985
9,436;0,0115784
9,438;0,0186099
9,44;0,0255759
9,442;0,0324596
9,444;0,0392445
9,446;0,0459142
9,448;0,0524525
9,45;0,0588436
9,452;0,065072
9,454;0,0711226
9,456;0,0769807
9,458;0,082632
9,46;0,0880627
9,462;0,0932595
9,464;0,0982099
9,466;0,102901
9,468;0,107323
9,47;0,111463
9,472;0,115312
9,474;0,11886
9,476;0,122098
9,478;0,125018
9,48;0,127613
9,482;0,129877
9,484;0,131802
9,486;0,133385
9,488;0,134622
9,49;0,135508
9,492;0,136042
9,494;0,136222
9,496;0,136046
9,498;0,135516
9,5;0,134631
9,502;0,133394
9,504;0,131808
9,506;0,129875
9,508;0,1276
9,51;0,124988
9,512;0,122045
9,514;0,118778
9,516;0,115194
9,518;0,111301
9,52;0,107109
9,522;0,102627
9,524;0,0978653
9,526;0,0928357
9,528;0,0875495
9,53;0,0820194
9,532;0,0762582
9,534;0,0702795
9,536;0,0640975
9,538;0,0577269
9,54;0,0511825
9,542;0,0444801
9,544;0,0376355
9,546;0,030665
9,548;0,0235852
9,55;0,0164129
9,552;0,00916531
9,554;0,0018597
9,556;0,00548644
9,558;0,0128555
9,56;0,0202299
9,562;0,0275919
9,564;0,0349238
9,566;0,042208
9,568;0,049427
9,57;0,0565633
9,572;0,0635997
9,574;0,0705193
9,576;0,0773054
9,578;0,0839414
9,58;0,0904113
9,582;0,0966994
9,584;0,10279
9,586;0,10867
9,588;0,114322
9,59;0,119735
9,592;0,124895
9,594;0,129788
9,596;0,134404
9,598;0,13873
9,6;0,142756
9,602;0,146472
9,604;0,149869
9,606;0,152938
9,608;0,155672
9,61;0,158063
9,612;0,160105
9,614;0,161794
9,616;0,163125
9,618;0,164094
9,62;0,164698
9,622;0,164936
9,624;0,164806
9,626;0,16431
9,628;0,163446
9,63;0,162218
9,632;0,160628
9,634;0,158678
9,636;0,156374
9,638;0,15372
9,64;0,150723
9,642;0,147389
9,644;0,143727
9,646;0,139743
9,648;0,135449
9,65;0,130853
9,652;0,125966
9,654;0,1208
9,656;0,115367
9,658;0,10968
9,66;0,103751
9,662;0,0975956
9,664;0,0912276
9,666;0,0846621
9,668;0,0779147
9,67;0,0710014
9,672;0,0639386
9,674;0,0567431
9,676;0,049432
9,678;0,0420228
9,68;0,0345331
9,682;0,0269808
9,684;0,019384
9,686;0,0117608
9,688;0,00412959
9,69;0,00349141
9,692;0,0110839
9,694;0,0186295
9,696;0,0261103
9,698;0,033508
9,7;0,040805
9,702;0,0479835
9,704;0,0550262
9,706;0,0619161
9,708;0,0686364
9,71;0,0751709
9,712;0,0815037
9,714;0,0876194
9,716;0,093503
9,718;0,0991402
9,72;0,104517
9,722;0,109621
9,724;0,114438
9,726;0,118958
9,728;0,123169
9,73;0,127061
9,732;0,130623
9,734;0,133847
9,736;0,136726
9,738;0,139251
9,74;0,141416
9,742;0,143216
9,744;0,144646
9,746;0,145702
9,748;0,146381
9,75;0,146681
9,752;0,146601
9,754;0,146141
9,756;0,145301
9,758;0,144084
9,76;0,142491
9,762;0,140526
9,764;0,138193
9,766;0,135499
9,768;0,132447
9,77;0,129047
9,772;0,125304
9,774;0,121229
9,776;0,11683
9,778;0,112118
9,78;0,107103
9,782;0,101798
9,784;0,0962142
9,786;0,0903654
9,788;0,0842653
9,79;0,0779281
9,792;0,0713689
9,794;0,0646031
9,796;0,0576467
9,798;0,0505163
9,8;0,0432287
9,802;0,0358014
9,804;0,0282519
9,806;0,0205983
9,808;0,0128588
9,81;0,00505184
9,812;0,0028038
9,814;0,0106894
9,816;0,018586
9,818;0,0264747
9,82;0,0343366
9,822;0,0421528
9,824;0,0499044
9,826;0,0575727
9,828;0,0651394
9,83;0,0725861
9,832;0,0798948
9,834;0,0870479
9,836;0,0940279
9,838;0,100818
9,84;0,107402
9,842;0,113763
9,844;0,119886
9,846;0,125757
9,848;0,13136
9,85;0,136682
9,852;0,14171
9,854;0,146431
9,856;0,150835
9,858;0,154909
9,86;0,158644
9,862;0,162031
9,864;0,165061
9,866;0,167726
9,868;0,17002
9,87;0,171936
9,872;0,17347
9,874;0,174618
9,876;0,175376
9,878;0,175742
9,88;0,175716
9,882;0,175295
9,884;0,174482
9,886;0,173278
9,888;0,171685
9,89;0,169706
9,892;0,167346
9,894;0,16461
9,896;0,161505
9,898;0,158037
9,9;0,154214
9,902;0,150045
9,904;0,14554
9,906;0,140709
9,908;0,135564
9,91;0,130116
9,912;0,124378
9,914;0,118364
9,916;0,112088
9,918;0,105564
9,92;0,0988084
9,922;0,0918366
9,924;0,0846652
9,926;0,0773113
9,928;0,0697923
9,93;0,062126
9,932;0,0543308
9,934;0,0464251
9,936;0,0384279
9,938;0,0303581
9,94;0,0222352
9,942;0,0140786
9,944;0,00590773
9,946;0,00225774
9,948;0,0103982
9,95;0,0184941
9,952;0,026526
9,954;0,0344745
9,956;0,0423205
9,958;0,0500449
9,96;0,0576292
9,962;0,0650551
9,964;0,0723044
9,966;0,0793596
9,968;0,0862036
9,97;0,0928198
9,972;0,0991919
9,974;0,105305
9,976;0,111143
9,978;0,116692
9,98;0,121939
9,982;0,12687
9,984;0,131474
9,986;0,135739
9,988;0,139655
9,99;0,143211
9,992;0,1464
9,994;0,149211
9,996;0,15164
9,998;0,153679
10;0,155323
10,002;0,156567
10,004;0,157409
10,006;0,157846
10,008;0,157876
10,01;0,157499
10,012;0,156715
10,014;0,155526
10,016;0,153934
10,018;0,151943
10,02;0,149557
10,022;0,146781
10,024;0,143621
10,026;0,140085
10,028;0,136181
10,03;0,131918
10,032;0,127305
10,034;0,122353
10,036;0,117074
10,038;0,11148
10,04;0,105585
10,042;0,0994013
10,044;0,0929443
10,046;0,0862291
10,048;0,0792715
10,05;0,0720879
10,052;0,0646954
10,054;0,0571114
10,056;0,049354
10,058;0,0414416
10,06;0,033393
10,062;0,0252274
10,064;0,0169642
10,066;0,00862327
10,068;0,000224421
10,07;0,00821221
10,072;0,0166664
10,074;0,0251179
10,076;0,0335464
10,078;0,0419317
10,08;0,0502536
10,082;0,058492
10,084;0,0666271
10,086;0,0746393
10,088;0,0825092
10,09;0,0902177
10,092;0,0977462
10,094;0,105076
10,096;0,112191
10,098;0,119071
10,1;0,125702
10,102;0,132066
10,104;0,138149
10,106;0,143934
10,108;0,149409
10,11;0,154559
10,112;0,159372
10,114;0,163836
10,116;0,16794
10,118;0,171673
10,12;0,175027
10,122;0,177992
10,124;0,180562
10,126;0,182729
10,128;0,184489
10,13;0,185836
10,132;0,186766
10,134;0,187278
10,136;0,187369
10,138;0,187038
10,14;0,186287
10,142;0,185116
10,144;0,183528
10,146;0,181526
10,148;0,179114
10,15;0,176298
10,152;0,173085
10,154;0,169481
10,156;0,165494
10,158;0,161135
10,16;0,156412
10,162;0,151337
10,164;0,145922
10,166;0,140179
10,168;0,134122
10,17;0,127765
10,172;0,121123
10,174;0,114211
10,176;0,107046
10,178;0,0996444
10,18;0,0920243
10,182;0,0842036
10,184;0,0762007
10,186;0,0680346
10,188;0,0597249
10,19;0,0512912
10,192;0,0427538
10,194;0,0341328
10,196;0,0254491
10,198;0,0167233
10,2;0,00797637
10,202;0,000770767
10,204;0,0094971
10,206;0,0181817
10,208;0,0268036
10,21;0,0353421
10,212;0,0437766
10,214;0,0520867
10,216;0,0602524
10,218;0,068254
10,22;0,0760719
10,222;0,0836874
10,224;0,0910818
10,226;0,0982373
10,228;0,105136
10,23;0,111762
10,232;0,118098
10,234;0,12413
10,236;0,129841
10,238;0,135219
10,24;0,14025
10,242;0,144921
10,244;0,149221
10,246;0,15314
10,248;0,156666
10,25;0,159792
10,252;0,16251
10,254;0,164812
10,256;0,166693
10,258;0,168148
10,26;0,169172
10,262;0,169763
10,264;0,169919
10,266;0,169639
10,268;0,168923
10,27;0,167773
10,272;0,166191
10,274;0,16418
10,276;0,161744
10,278;0,158889
10,28;0,155622
10,282;0,151949
10,284;0,14788
10,286;0,143423
10,288;0,138589
10,29;0,133388
10,292;0,127834
10,294;0,121939
10,296;0,115716
10,298;0,109181
10,3;0,102348
10,302;0,0952348
10,304;0,0878567
10,306;0,0802316
10,308;0,0723775
10,31;0,0643131
10,312;0,0560574
10,314;0,0476301
10,316;0,0390512
10,318;0,0303411
10,32;0,0215207
10,322;0,0126109
10,324;0,00363304
10,326;0,00539139
10,328;0,0144408
10,33;0,0234935
10,332;0,0325277
10,334;0,0415218
10,336;0,0504541
10,338;0,0593031
10,34;0,0680476
10,342;0,0766663
10,344;0,0851385
10,346;0,0934437
10,348;0,101562
10,35;0,109473
10,352;0,117158
10,354;0,124599
10,356;0,131777
10,358;0,138674
10,36;0,145274
10,362;0,151561
10,364;0,157519
10,366;0,163134
10,368;0,168392
10,37;0,173279
10,372;0,177784
10,374;0,181895
10,376;0,185602
10,378;0,188897
10,38;0,191769
10,382;0,194213
10,384;0,196222
10,386;0,19779
10,388;0,198913
10,39;0,199588
10,392;0,199814
10,394;0,199588
10,396;0,198911
10,398;0,197785
10,4;0,196211
10,402;0,194192
10,404;0,191734
10,406;0,188841
10,408;0,185521
10,41;0,181779
10,412;0,177626
10,414;0,17307
10,416;0,168123
10,418;0,162794
10,42;0,157098
10,422;0,151047
10,424;0,144655
10,426;0,137938
10,428;0,13091
10,43;0,12359
10,432;0,115993
10,434;0,108137
10,436;0,100043
10,438;0,0917274
10,44;0,0832115
10,442;0,074515
10,444;0,0656587
10,446;0,0566637
10,448;0,0475513
10,45;0,0383434
10,452;0,0290619
10,454;0,0197291
10,456;0,0103673
10,458;0,000998816
10,46;0,00835373
10,462;0,0176679
10,464;0,0269213
10,466;0,0360917
10,468;0,045157
10,47;0,0540953
10,472;0,062885
10,474;0,0715049
10,476;0,0799341
10,478;0,0881521
10,48;0,0961391
10,482;0,103876
10,484;0,111343
10,486;0,118522
10,488;0,125397
10,49;0,131949
10,492;0,138164
10,494;0,144025
10,496;0,149519
10,498;0,154632
10,5;0,15935
10,502;0,163663
10,504;0,167559
10,506;0,171029
10,508;0,174064
10,51;0,176656
10,512;0,178799
10,514;0,180487
10,516;0,181714
10,518;0,182479
10,52;0,182779
10,522;0,182611
10,524;0,181978
10,526;0,180878
10,528;0,179315
10,53;0,177291
10,532;0,174812
10,534;0,171882
10,536;0,168508
10,538;0,164698
10,54;0,16046
10,542;0,155804
10,544;0,150741
10,546;0,145283
10,548;0,139442
10,55;0,133231
10,552;0,126666
10,554;0,119762
10,556;0,112535
10,558;0,105001
10,56;0,0971797
10,562;0,0890881
10,564;0,0807458
10,566;0,0721725
10,568;0,0633886
10,57;0,0544148
10,572;0,0452727
10,574;0,0359838
10,576;0,0265704
10,578;0,0170548
10,58;0,00745996
10,582;0,00219135
10,584;0,011876
10,586;0,0215707
10,588;0,0312523
10,59;0,0408975
10,592;0,0504831
10,594;0,0599861
10,596;0,0693835
10,598;0,0786527
10,6;0,0877713
10,602;0,0967173
10,604;0,105469
10,606;0,114005
10,608;0,122305
10,61;0,130349
10,612;0,138116
10,614;0,145589
10,616;0,152748
10,618;0,159577
10,62;0,166059
10,622;0,172177
10,624;0,177916
10,626;0,183264
10,628;0,188205
10,63;0,192728
10,632;0,196821
10,634;0,200475
10,636;0,20368
10,638;0,206428
10,64;0,208712
10,642;0,210525
10,644;0,211864
10,646;0,212723
10,648;0,213102
10,65;0,212997
10,652;0,21241
10,654;0,21134
10,656;0,20979
10,658;0,207764
10,66;0,205265
10,662;0,202299
10,664;0,198872
10,666;0,194993
10,668;0,19067
10,67;0,185913
10,672;0,180733
10,674;0,175143
10,676;0,169154
10,678;0,162781
10,68;0,156039
10,682;0,148943
10,684;0,141511
10,686;0,133759
10,688;0,125707
10,69;0,117372
10,692;0,108775
10,694;0,0999362
10,696;0,0908764
10,698;0,0816171
10,7;0,0721803
10,702;0,0625885
10,704;0,0528646
10,706;0,0430317
10,708;0,0331133
10,71;0,0231331
10,712;0,0131151
10,714;0,00308314
10,716;0,00693859
10,718;0,0169261
10,72;0,0268553
10,722;0,0367024
10,724;0,0464436
10,726;0,0560555
10,728;0,0655148
10,73;0,0747987
10,732;0,0838846
10,734;0,0927507
10,736;0,101375
10,738;0,109738
10,74;0,117817
10,742;0,125594
10,744;0,13305
10,746;0,140166
10,748;0,146925
10,75;0,15331
10,752;0,159306
10,754;0,164897
10,756;0,170071
10,758;0,174813
10,76;0,179113
10,762;0,18296
10,764;0,186342
10,766;0,189254
10,768;0,191685
10,77;0,193631
10,772;0,195086
10,774;0,196046
10,776;0,196508
10,778;0,196471
10,78;0,195934
10,782;0,194898
10,784;0,193365
10,786;0,191338
10,788;0,188821
10,79;0,18582
10,792;0,182342
10,794;0,178393
10,796;0,173985
10,798;0,169125
10,8;0,163827
10,802;0,158101
10,804;0,151961
10,806;0,145422
10,808;0,138499
10,81;0,131207
10,812;0,123565
10,814;0,11559
10,816;0,1073
10,818;0,0987157
10,82;0,0898571
10,822;0,080745
10,824;0,0714012
10,826;0,0618478
10,828;0,0521074
10,83;0,0422034
10,832;0,0321592
10,834;0,0219988
10,836;0,0117465
10,838;0,00142675
10,84;0,00893569
10,842;0,019316
10,844;0,0296893
10,846;0,0400308
10,848;0,0503154
10,85;0,0605186
10,852;0,0706157
10,854;0,0805823
10,856;0,0903945
10,858;0,100028
10,86;0,109461
10,862;0,118669
10,864;0,12763
10,866;0,136323
10,868;0,144727
10,87;0,15282
10,872;0,160583
10,874;0,167998
10,876;0,175045
10,878;0,181709
10,88;0,187971
10,882;0,193818
10,884;0,199233
10,886;0,204205
10,888;0,20872
10,89;0,212767
10,892;0,216337
10,894;0,219419
10,896;0,222006
10,898;0,224091
10,9;0,225669
10,902;0,226735
10,904;0,227287
10,906;0,227322
10,908;0,22684
10,91;0,225841
10,912;0,224327
10,914;0,222302
10,916;0,219769
10,918;0,216734
10,92;0,213205
10,922;0,209188
10,924;0,204693
10,926;0,19973
10,928;0,194311
10,93;0,188448
10,932;0,182155
10,934;0,175446
10,936;0,168337
10,938;0,160845
10,94;0,152987
10,942;0,144782
10,944;0,136249
10,946;0,127408
10,948;0,118281
10,95;0,108887
10,952;0,0992513
10,954;0,089395
10,956;0,0793418
10,958;0,0691159
10,96;0,0587414
10,962;0,0482431
10,964;0,0376462
10,966;0,0269759
10,968;0,0162577
10,97;0,00551741
10,972;0,00521932
10,974;0,0159267
10,976;0,026579
10,978;0,0371506
10,98;0,047616
10,982;0,05795
10,984;0,0681276
10,986;0,0781244
10,988;0,087916
10,99;0,0974787
10,992;0,106789
10,994;0,115826
10,996;0,124565
10,998;0,132987
11;0,14107
11,002;0,148795
11,004;0,156142
11,006;0,163095
11,008;0,169635
11,01;0,175747
11,012;0,181415
11,014;0,186626
11,016;0,191365
11,018;0,195623
11,02;0,199387
11,022;0,202649
11,024;0,205399
11,026;0,207631
11,028;0,209339
11,03;0,210517
11,032;0,211164
11,034;0,211276
11,036;0,210853
11,038;0,209895
11,04;0,208404
11,042;0,206384
11,044;0,203837
11,046;0,20077
11,048;0,19719
11,05;0,193104
11,052;0,188522
11,054;0,183455
11,056;0,177914
11,058;0,171911
11,06;0,165461
11,062;0,158579
11,064;0,151281
11,066;0,143584
11,068;0,135505
11,07;0,127064
11,072;0,118281
11,074;0,109177
11,076;0,0997726
11,078;0,0900904
11,08;0,0801534
11,082;0,0699851
11,084;0,0596098
11,086;0,049052
11,088;0,0383369
11,09;0,0274901
11,092;0,0165375
11,094;0,00550523
11,096;0,0055803
11,098;0,0166926
11,1;0,0278049
11,102;0,0388906
11,104;0,0499231
11,106;0,0608759
11,108;0,0717225
11,11;0,0824368
11,112;0,092993
11,114;0,103366
11,116;0,113529
11,118;0,12346
11,12;0,133133
11,122;0,142525
11,124;0,151613
11,126;0,160376
11,128;0,168791
11,13;0,176838
11,132;0,184498
11,134;0,191752
11,136;0,198581
11,138;0,204969
11,14;0,210901
11,142;0,216361
11,144;0,221335
11,146;0,225813
11,148;0,229781
11,15;0,23323
11,152;0,236152
11,154;0,238538
11,156;0,240382
11,158;0,24168
11,16;0,242427
11,162;0,242622
11,164;0,242263
11,166;0,24135
11,168;0,239886
11,17;0,237872
11,172;0,235314
11,174;0,232216
11,176;0,228587
11,178;0,224433
11,18;0,219764
11,182;0,214591
11,184;0,208925
11,186;0,202781
11,188;0,196172
11,19;0,189113
11,192;0,181621
11,194;0,173713
11,196;0,165408
11,198;0,156726
11,2;0,147687
11,202;0,138312
11,204;0,128623
11,206;0,118643
11,208;0,108396
11,21;0,097907
11,212;0,0871996
11,214;0,0762998
11,216;0,0652336
11,218;0,0540272
11,22;0,0427076
11,222;0,0313016
11,224;0,0198367
11,226;0,00834014
11,228;0,00316037
11,23;0,0146373
11,232;0,026063
11,234;0,0374101
11,236;0,0486512
11,238;0,0597593
11,24;0,0707075
11,242;0,0814694
11,244;0,092019
11,246;0,102331
11,248;0,112379
11,25;0,122141
11,252;0,131592
11,254;0,140708
11,256;0,149468
11,258;0,157851
11,26;0,165835
11,262;0,173402
11,264;0,180532
11,266;0,187208
11,268;0,193414
11,27;0,199134
11,272;0,204354
11,274;0,209061
11,276;0,213242
11,278;0,216889
11,28;0,21999
11,282;0,222538
11,284;0,224526
11,286;0,22595
11,288;0,226804
11,29;0,227087
11,292;0,226797
11,294;0,225934
11,296;0,224499
11,298;0,222496
11,3;0,219929
11,302;0,216802
11,304;0,213124
11,306;0,208902
11,308;0,204145
11,31;0,198866
11,312;0,193075
11,314;0,186786
11,316;0,180015
11,318;0,172775
11,32;0,165085
11,322;0,156962
11,324;0,148426
11,326;0,139496
11,328;0,130193
11,33;0,12054
11,332;0,110559
11,334;0,100273
11,336;0,0897078
11,338;0,0788876
11,34;0,0678382
11,342;0,056586
11,344;0,0451576
11,346;0,0335804
11,348;0,021882
11,35;0,0100902
11,352;0,00176655
11,354;0,01366
11,356;0,0255617
11,358;0,037443
11,36;0,0492754
11,362;0,0610304
11,364;0,0726798
11,366;0,0841955
11,368;0,0955497
11,37;0,106715
11,372;0,117664
11,374;0,128371
11,376;0,13881
11,378;0,148954
11,38;0,158781
11,382;0,168265
11,384;0,177384
11,386;0,186114
11,388;0,194436
11,39;0,202329
11,392;0,209772
11,394;0,216748
11,396;0,22324
11,398;0,229232
11,4;0,234707
11,402;0,239654
11,404;0,244059
11,406;0,247911
11,408;0,251201
11,41;0,253919
11,412;0,256059
11,414;0,257616
11,416;0,258584
11,418;0,25896
11,42;0,258744
11,422;0,257935
11,424;0,256535
11,426;0,254545
11,428;0,251971
11,43;0,248817
11,432;0,245092
11,434;0,240802
11,436;0,235958
11,438;0,230571
11,44;0,224653
11,442;0,218218
11,444;0,211281
11,446;0,203857
11,448;0,195965
11,45;0,187622
11,452;0,178848
11,454;0,169664
11,456;0,160091
11,458;0,150152
11,46;0,13987
11,462;0,12927
11,464;0,118377
11,466;0,107216
11,468;0,0958146
11,47;0,0841991
11,472;0,0723974
11,474;0,0604377
11,476;0,0483484
11,478;0,0361585
11,48;0,023897
11,482;0,0115935
11,484;0,000722762
11,486;0,0130221
11,488;0,025275
11,49;0,0374521
11,492;0,049524
11,494;0,0614616
11,496;0,0732361
11,498;0,0848192
11,5;0,0961828
11,502;0,107299
11,504;0,118142
11,506;0,128684
11,508;0,138901
11,51;0,148767
11,512;0,158257
11,514;0,16735
11,516;0,176023
11,518;0,184254
11,52;0,192024
11,522;0,199313
11,524;0,206102
11,526;0,212376
11,528;0,218119
11,53;0,223316
11,532;0,227955
11,534;0,232023
11,536;0,23551
11,538;0,238408
11,54;0,240708
11,542;0,242404
11,544;0,243493
11,546;0,24397
11,548;0,243833
11,55;0,243083
11,552;0,24172
11,554;0,239748
11,556;0,23717
11,558;0,233991
11,56;0,230219
11,562;0,225863
11,564;0,220931
11,566;0,215436
11,568;0,209389
11,57;0,202805
11,572;0,1957
11,574;0,188088
11,576;0,179989
11,578;0,171421
11,58;0,162404
11,582;0,152959
11,584;0,143109
11,586;0,132877
11,588;0,122286
11,59;0,111363
11,592;0,100132
11,594;0,0886208
11,596;0,0768563
11,598;0,0648664
11,6;0,0526798
11,602;0,0403255
11,604;0,027833
11,606;0,015232
11,608;0,00255279
11,61;0,0101744
11,612;0,022919
11,614;0,0356505
11,616;0,0483383
11,618;0,0609519
11,62;0,0734609
11,622;0,0858353
11,624;0,0980452
11,626;0,110061
11,628;0,121854
11,63;0,133395
11,632;0,144657
11,634;0,155611
11,636;0,166233
11,638;0,176495
11,64;0,186372
11,642;0,195841
11,644;0,204879
11,646;0,213463
11,648;0,221571
11,65;0,229185
11,652;0,236286
11,654;0,242855
11,656;0,248876
11,658;0,254335
11,66;0,259218
11,662;0,263512
11,664;0,267207
11,666;0,270292
11,668;0,27276
11,67;0,274605
11,672;0,275821
11,674;0,276404
11,676;0,276353
11,678;0,275667
11,68;0,274347
11,682;0,272395
11,684;0,269816
11,686;0,266614
11,688;0,262798
11,69;0,258375
11,692;0,253356
11,694;0,247752
11,696;0,241575
11,698;0,23484
11,7;0,227563
11,702;0,21976
11,704;0,211449
11,706;0,202651
11,708;0,193385
11,71;0,183673
11,712;0,173539
11,714;0,163005
11,716;0,152097
11,718;0,140841
11,72;0,129263
11,722;0,117391
11,724;0,105253
11,726;0,0928773
11,728;0,0802939
11,73;0,0675327
11,732;0,0546241
11,734;0,0415988
11,736;0,0284882
11,738;0,0153235
11,74;0,0021362
11,742;0,011042
11,744;0,0241794
11,746;0,0372446
11,748;0,050206
11,75;0,0630324
11,752;0,075693
11,754;0,0881571
11,756;0,100395
11,758;0,112376
11,76;0,124072
11,762;0,135455
11,764;0,146496
11,766;0,157169
11,768;0,167449
11,77;0,177309
11,772;0,186725
11,774;0,195676
11,776;0,204137
11,778;0,21209
11,78;0,219514
11,782;0,226391
11,784;0,232703
11,786;0,238436
11,788;0,243574
11,79;0,248104
11,792;0,252016
11,794;0,255299
11,796;0,257944
11,798;0,259945
11,8;0,261295
11,802;0,261992
11,804;0,262032
11,806;0,261416
11,808;0,260143
11,81;0,258216
11,812;0,255639
11,814;0,252417
11,816;0,248558
11,818;0,24407
11,82;0,238963
11,822;0,233249
11,824;0,22694
11,826;0,220052
11,828;0,2126
11,83;0,204602
11,832;0,196076
11,834;0,187042
11,836;0,177521
11,838;0,167536
11,84;0,157109
11,842;0,146266
11,844;0,135032
11,846;0,123434
11,848;0,111499
11,85;0,0992557
11,852;0,0867325
11,854;0,0739595
11,856;0,0609671
11,858;0,0477863
11,86;0,0344484
11,862;0,0209853
11,864;0,0074292
11,866;0,00618747
11,868;0,0198321
11,87;0,033472
11,872;0,0470743
11,874;0,0606065
11,876;0,074036
11,878;0,0873303
11,88;0,100458
11,882;0,113386
11,884;0,126084
11,886;0,138522
11,888;0,150669
11,89;0,162495
11,892;0,173972
11,894;0,185073
11,896;0,195769
11,898;0,206035
11,9;0,215846
11,902;0,225177
11,904;0,234006
11,906;0,242312
11,908;0,250073
11,91;0,25727
11,912;0,263886
11,914;0,269904
11,916;0,275309
11,918;0,280087
11,92;0,284226
11,922;0,287716
11,924;0,290548
11,926;0,292713
11,928;0,294206
11,93;0,295024
11,932;0,295162
11,934;0,29462
11,936;0,293399
11,938;0,291501
11,94;0,28893
11,942;0,28569
11,944;0,28179
11,946;0,277238
11,948;0,272043
11,95;0,266219
11,952;0,259777
11,954;0,252734
11,956;0,245105
11,958;0,236907
11,96;0,228161
11,962;0,218886
11,964;0,209104
11,966;0,198838
11,968;0,188112
11,97;0,176952
11,972;0,165383
11,974;0,153434
11,976;0,141131
11,978;0,128505
11,98;0,115586
11,982;0,102403
11,984;0,0889892
11,986;0,0753756
11,988;0,0615948
11,99;0,0476799
11,992;0,0336639
11,994;0,0195804
11,996;0,00546328
11,998;0,00865378
12;0,0227368
